鄉鎮市區,交易標的,土地區段位置建物區段門牌,土地面積平方公尺,都市土地使用分區,非都市土地使用分區,非都市土地使用編定,租賃年月日,租賃筆棟數,租賃層次,總樓層數,建物型態,主要用途,主要建材,建築完成年月,建物總面積平方公尺,建物現況格局-房,建物現況格局-廳,建物現況格局-衛,建物現況格局-隔間,有無管理組織,有無附傢俱,總額元,單價元平方公尺,車位類別,車位面積平方公尺,車位總額元,備註,編號
The villages and towns urban district,transaction sign,land sector position building sector house number plate,land shifting total area square meter,the use zoning or compiles and checks,the non-metropolis land use district,non-metropolis land use,transaction year month and day,transaction pen number,shifting level,total floor number,building state,main use,main building materials,construction to complete the years,building shifting total area,Building present situation pattern - room,building present situation pattern - hall,building present situation pattern - health,building present situation pattern - compartmented,Whether there is manages the organization,Whether there is attaches the furniture,total price NTD,the unit price (NTD / square meter),the berth category,berth shifting total area square meter,the berth total price NTD,the note,serial number
內湖區,建物,臺北市內湖區港墘路221巷1~30號,0.0,其他,,,1080806,土地0建物1車位1,六層,10,廠辦,見其他登記事項,鋼筋混凝土造,0970117,306.28,3,0,2,有,有,無,93865,333,坡道平面,34.72,3500,,RPPNMLLKQHOFFCA97CC
中山區,建物,臺北市中山區新生北路三段82巷1~30號,0.0,商,,,1080808,土地0建物1車位0,三層,6,華廈(10層含以下有電梯),住家用,鋼筋混凝土造,0810929,35.71,1,0,1,有,有,有,10000,280,,0.0,0,台北市都發局社會住宅包租代管計畫,RPOOMLMKQHOFFCA08CC
中山區,建物,臺北市中山區明水路631~660號,0.0,商,,,1080719,土地0建物1車位0,五層,9,辦公商業大樓,商業用,鋼筋混凝土造,0960503,51.03,0,1,1,有,有,有,23000,451,,0.0,0,租金含管理費。,RPSOMLMKQHOFFCA48CC
內湖區,建物,臺北市內湖區成功路四段182巷6弄31~60號,0.0,商,,,1080716,土地0建物1車位1,十一層,14,住宅大樓(11層含以上有電梯),住家用,鋼筋混凝土造,0881228,148.24,3,2,2,有,有,有,33000,223,坡道機械,22.62,0,,RPUOMLMKQHOFFCA68CC
中山區,建物,臺北市中山區長春路1~30號,29.42,商,,,1080722,土地0建物1車位0,五層,7,辦公商業大樓,商業用,鋼筋混凝土造,0680825,29.42,0,0,0,無,無,無,18000,612,,0.0,0,,RPXOMLMKQHOFFCA98CC
中山區,建物,臺北市中山區臺北市中山區松江路181~210號,135.0,其他,,,1080627,土地0建物1車位0,一層,7,店面(店鋪),商業用,鋼筋混凝土造,0740212,109.59,0,0,0,無,無,無,110000,1004,,0.0,0,,RPSPMLMKQHOFFCA58CC
中山區,建物,臺北市中山區建國北路二段1~30號,0.0,住,,,1080629,土地0建物1車位0,十一層,14,辦公商業大樓,商業用,鋼筋混凝土造,0950713,88.65,1,1,1,有,有,有,43000,485,,0.0,0,,RPUPMLMKQHOFFCA78CC
中山區,建物,臺北市中山區民生東路一段31~60號,0.0,商,,,1080630,土地0建物1車位0,五層,12,辦公商業大樓,商業用,鋼筋混凝土造,0820604,285.33,0,0,0,無,無,有,92000,322,,0.0,0,親友、員工或其他特殊關係間之交易。;,RPRQMLMKQHOFFCA58CC
中山區,建物,臺北市中山區遼寧街31~60號,0.0,商,,,1080723,土地0建物1車位0,見其他登記事項,2,店面(店鋪),,加強磚造,,94.76,0,0,0,無,無,無,90000,950,,0.0,0,租期含免租裝潢期。,RPWQMLMKQHOFFCA09CC
文山區,建物,臺北市文山區景興路91~120號,0.0,住,,,1080808,土地0建物1車位0,一層,4,店面(店鋪),住家用,加強磚造,0571130,153.92,0,0,0,無,無,無,55000,357,,0.0,0,,RPPNMLMKQHOFFAA87CC
文山區,建物,臺北市文山區新光路一段32巷4弄1~30號,0.0,住,,,1080719,土地0建物1車位0,二層,8,套房(1房1廳1衛),住家用,鋼筋混凝土造,0930910,51.22,1,0,1,有,無,有,19000,371,,0.0,0,租金含管理費。,RPSPMLMKQHOFFAA38CC
大同區,建物,臺北市大同區寧夏路151~180號,0.0,商,,,1080715,土地0建物1車位0,十一層,14,辦公商業大樓,住家用,鋼筋混凝土造,1001207,199.1,4,2,2,有,有,有,51084,257,,0.0,0,,RPPNMLMKQHOFFBA97CC
萬華區,建物,臺北市萬華區大理街133巷1~30號,0.0,其他,,,1080807,土地0建物1車位0,三層,5,公寓(5樓含以下無電梯),,鋼筋混凝土造,,52.64,2,1,1,有,無,有,15500,294,,0.0,0,台北市都發局社會住宅包租代管計畫,RPWNMLMKQHOFFBA68CC
大同區,建物,臺北市大同區萬全街1~30號,0.0,商,,,1080705,土地0建物1車位0,五層,15,住宅大樓(11層含以上有電梯),住家用,鋼筋混凝土造,1041016,84.48,2,2,1,有,有,有,61000,722,,0.0,0,,RPXNMLMKQHOFFBA78CC
中正區,建物,臺北市中正區徐州路1~30號,0.0,住,,,1080725,土地0建物1車位1,五層,9,華廈(10層含以下有電梯),住家用,鋼筋混凝土造,1020125,115.4,2,2,1,有,有,有,80000,693,升降平面,10.37,0,,RPOOMLMKQHOFFBA97CC
中正區,建物,臺北市中正區新生南路一段1~30號,0.0,其他,,,1080808,土地0建物1車位0,十層,14,住宅大樓(11層含以上有電梯),住家用,鋼筋混凝土造,0741210,134.95999999999998,3,2,2,有,無,有,48400,359,,0.0,0,,RPQOMLMKQHOFFBA18CC
大同區,建物,臺北市大同區延平北路三段91~120號,0.0,住,,,1080701,土地0建物1車位0,四層,6,華廈(10層含以下有電梯),住家用,鋼筋混凝土造,1070319,83.87,2,1,1,有,無,無,25000,298,,0.0,0,,RPUOMLMKQHOFFBA58CC
信義區,建物,臺北市信義區忠孝東路五段1~30號,0.0,商,,,1080801,土地0建物1車位0,九層,14,辦公商業大樓,住家用,鋼筋混凝土造,0720714,117.97,0,0,0,無,有,無,43000,364,,0.0,0,,RPTNMLMKQHOFFDA58CC
信義區,建物,臺北市松山區忠孝東路五段524巷3弄1~30號,0.0,住,,,1080810,土地0建物1車位0,七層,7,華廈(10層含以下有電梯),住家用,鋼筋混凝土造,,140.09,0,0,0,無,無,無,32000,228,,0.0,0,,RPVNMLMKQHOFFDA78CC
南港區,建物,臺北市南港區研究院路一段91~120號,0.0,商,,,1080808,土地0建物1車位0,十八層,18,住宅大樓(11層含以上有電梯),見其他登記事項,鋼筋混凝土造,0871109,56.82000000000001,2,1,1,有,有,有,28000,493,,0.0,0,含稅,RPWNMLMKQHOFFDA88CC
信義區,建物,臺北市信義區信義路六段15巷1~30號,0.0,住,,,1080810,土地0建物1車位0,七層,7,華廈(10層含以下有電梯),住家用,鋼筋混凝土造,,106.53,3,1,1,有,有,有,25000,235,,0.0,0,,RPPOMLMKQHOFFDA28CC
松山區,建物,臺北市松山區南京東路三段271~300號,0.0,商,,,1080708,土地0建物1車位0,九層,11,辦公商業大樓,商業用,鋼筋混凝土造,0660319,76.04,0,0,0,無,無,無,21395,281,,0.0,0,,RPQOMLMKQHOFFDA38CC
信義區,房地(土地+建物),臺北市信義區吳興街450巷5弄1~30號,25.12,住,,,1080729,土地1建物1車位0,一層,5,公寓(5樓含以下無電梯),見使用執照,鋼筋混凝土造,0790518,141.75,3,2,2,有,無,無,28000,198,,0.0,0,,RPSOMLMKQHOFFDA58CC
信義區,房地(土地+建物),臺北市信義區吳興街156巷2弄1~30號,30.75,住,,,1080805,土地1建物1車位0,一層,4,店面(店鋪),住家用,鋼筋混凝土造,0631119,76.73,0,1,1,有,無,無,56000,730,,0.0,0,,RPTOMLMKQHOFFDA68CC
信義區,房地(土地+建物),臺北市信義區松仁路241~270號,33.25,住,,,1080806,土地1建物1車位0,一層,4,店面(店鋪),住家用,加強磚造,0570810,90.63,0,0,1,有,無,無,60000,662,,0.0,0,,RPUOMLMKQHOFFDA78CC
松山區,建物,臺北市松山區敦化北路91~120號,108.32,其他,,,1080703,土地0建物5車位0,見其他登記事項,12,店面(店鋪),商業用,鋼筋混凝土造,0740201,673.2,0,0,0,無,無,無,495626,736,,0.0,0,,RPWOMLMKQHOFFDA98CC
士林區,建物,臺北市士林區天母西路1~30號,0.0,商,,,1080718,土地0建物1車位0,六層,7,華廈(10層含以下有電梯),住家用,鋼筋混凝土造,0710210,143.53,3,2,2,有,有,有,65000,453,,0.0,0,,RPTOMLMKQHOFFEA78CC
北投區,建物,臺北市北投區中和街507巷3弄1~30號,0.0,住,,,1080804,土地0建物1車位0,六層,7,華廈(10層含以下有電梯),住家用,鋼筋混凝土造,1050224,58.699999999999996,1,1,1,有,有,有,19000,324,,0.0,0,,RPWOMLMKQHOFFEA09CC
士林區,建物,臺北市士林區中山北路七段61~90號,0.0,住,,,1080729,土地0建物1車位2,九層,16,住宅大樓(11層含以上有電梯),住家用,見其他登記事項,1000304,317.71000000000004,3,2,2,有,有,有,169000,532,坡道平面,0.0,0,,RPRPMLMKQHOFFEA68CC
大安區,建物,臺北市大安區忠孝東路四段301~330號,0.0,商,,,1080716,土地0建物1車位0,六層,9,華廈(10層含以下有電梯),商業用,鋼筋混凝土造,,98.16,1,2,2,有,有,有,55000,560,,0.0,0,,RPSNMLMKQHOFFFA68CC
大安區,建物,臺北市大安區信義路四段378巷1~30號,0.0,商,,,1080719,土地0建物1車位0,六層,8,華廈(10層含以下有電梯),住家用,鋼筋混凝土造,0920107,138.41,3,2,2,有,有,有,50000,361,,0.0,0,,RPTNMLMKQHOFFFA78CC
大安區,建物,臺北市大安區信義路三段151~180號,0.0,商,,,1080720,土地0建物1車位0,十二層,12,住宅大樓(11層含以上有電梯),住家用,鋼筋混凝土造,0760714,81.14,2,2,1,有,有,有,28000,345,,0.0,0,,RPPOMLMKQHOFFFA48CC
大安區,建物,臺北市大安區市民大道三段181~210號,0.0,住,,,1080704,土地0建物1車位3,三層,14,辦公商業大樓,見其他登記事項,見其他登記事項,1050517,784.89,0,0,0,無,有,無,460000,586,坡道平面,69.99,0,,RPUOMLMKQHOFFFA98CC
大安區,建物,臺北市大安區永康街1~30號,0.0,住,,,1080811,土地0建物0車位0,四層,4,公寓(5樓含以下無電梯),住家用,鋼筋混凝土造,,28.46,1,0,1,有,無,有,13300,467,,0.0,0,,RPWOMLMKQHOFFFA56CC
大安區,建物,臺北市大安區四維路198巷1~30號,0.0,住,,,1080720,土地0建物1車位0,二層,19,店面(店鋪),商業用,鋼筋混凝土造,0740522,71.1,0,0,0,無,有,無,23000,323,,0.0,0,,RPUNMLNKQHOFFFA98CC
大安區,建物,臺北市大安區復興南路一段121~150號,0.0,商,,,1080719,土地0建物1車位0,五層,10,華廈(10層含以下有電梯),住家用,鋼筋混凝土造,0950424,87.47999999999999,2,2,1,有,有,無,50000,572,,0.0,0,,RPWNMLNKQHOFFFA56CC
松山區,建物,臺北市松山區南京東路四段31~60號,0.0,商,,,1080809,土地0建物1車位0,八層,9,辦公商業大樓,住家用,鋼筋混凝土造,0730729,133.04,3,0,2,有,有,無,55000,413,,0.0,0,,RPVPMLNKQHOFFDA56DC
士林區,建物,臺北市士林區福國路1~30號,0.0,,,,1080712,土地0建物1車位0,,11,住宅大樓(11層含以上有電梯),住家用,鋼筋混凝土造,0671218,81.94,2,2,1,有,有,無,28000,342,,0.0,0,,RPSNMLNKQHOFFEA68CC
北投區,建物,臺北市北投區溫泉路61~90號,0.0,其他,,,1080724,土地0建物1車位0,五層,7,華廈(10層含以下有電梯),住家用,鋼筋混凝土造,0700218,27.18,1,1,1,有,有,有,10000,368,,0.0,0,台北市社會住宅包租代管計畫原實價登錄序號為:C1AE10808060007,RPQOMLNKQHOFFEA58CC
士林區,建物,臺北市士林區天母東路1~30號,0.0,商,,,1080730,土地0建物1車位0,二層,7,華廈(10層含以下有電梯),商業用,鋼筋混凝土造,0780107,140.84,3,2,2,有,有,有,57000,405,,0.0,0,親友、員工或其他特殊關係間之交易。;,RPVOMLNKQHOFFEA09CC
士林區,建物,臺北市士林區中山北路六段776巷61~90號,0.0,住,,,1080812,土地0建物1車位0,三層,8,華廈(10層含以下有電梯),住家用,鋼筋混凝土造,0830827,128.11,3,2,2,有,有,有,48000,375,,0.0,0,,RPWOMLNKQHOFFEA56CC
士林區,建物,臺北市士林區中山北路六段211~240號,0.0,住,,,1080803,土地0建物1車位0,十一層,14,住宅大樓(11層含以上有電梯),住家用,鋼骨鋼筋混凝土造,0930518,170.0,3,2,2,有,有,有,75000,441,,0.0,0,親友、員工或其他特殊關係間之交易。;,RPOPMLNKQHOFFEA48CC
士林區,建物,臺北市士林區天母東路8巷31~60號,0.0,住,,,1080718,土地0建物1車位0,三層,7,華廈(10層含以下有電梯),住家用,鋼筋混凝土造,0701214,172.96,4,2,2,有,有,有,72500,419,,0.0,0,親友、員工或其他特殊關係間之交易。;,RPQPMLNKQHOFFEA68CC
士林區,建物,臺北市士林區中山北路七段190巷91~120號,0.0,住,,,1080722,土地0建物1車位0,全,3,透天厝,住家用,鋼筋混凝土造,0830208,396.83,4,3,4,有,無,無,204500,515,,0.0,0,租金為含稅金額。,RPRPMLNKQHOFFEA78CC
士林區,建物,臺北市士林區忠誠路一段171巷12弄1~30號,0.0,商,,,1080716,土地0建物1車位0,三層,12,住宅大樓(11層含以上有電梯),住家用,鋼筋混凝土造,0981231,206.37,4,2,2,有,無,有,75000,363,,0.0,0,,RPTPMLNKQHOFFEA98CC
士林區,建物,臺北市士林區忠誠路一段171巷12弄1~30號,0.0,住,,,1080730,土地0建物1車位0,十二層,12,住宅大樓(11層含以上有電梯),住家用,鋼筋混凝土造,0981231,206.37,4,2,2,有,有,有,84000,407,,0.0,0,,RPUPMLNKQHOFFEA09CC
信義區,建物,臺北市信義區基隆路一段181~210號,0.0,其他,,,1080719,土地0建物1車位0,地下二層,24,辦公商業大樓,商業用,鋼骨混凝土造,0811015,1482.19,0,0,0,無,有,無,448360,302,,0.0,0,租金含稅,RPQNMLNKQHOFFDA38CC
松山區,建物,臺北市松山區復興北路313巷31~60號,0.0,住,,,1080730,土地0建物1車位0,一層,7,店面(店鋪),住商用,鋼筋混凝土造,0700905,69.86,0,0,0,無,有,有,40000,573,,0.0,0,只承租右半邊,RPROMLNKQHOFFDA58CC
松山區,建物,臺北市松山區復興北路313巷31~60號,0.0,住,,,1080705,土地0建物1車位0,一層,7,店面(店鋪),住商用,鋼筋混凝土造,0700905,69.86,0,0,0,無,有,有,40000,573,,0.0,0,,RPSOMLNKQHOFFDA68CC
信義區,建物,臺北市信義區松仁路301~330號,0.0,住,,,1080703,土地0建物1車位1,三層,9,華廈(10層含以下有電梯),住家用,鋼筋混凝土造,1030418,51.78,1,1,1,有,有,有,35000,671,塔式車位,7.09,0,,RPWOMLNKQHOFFDA09CC
松山區,房地(土地+建物)+車位,臺北市松山區南京東路五段211~240號,3.32,其他,,,1080707,土地1建物1車位1,十三層,18,住宅大樓(11層含以上有電梯),住家用,鋼筋混凝土造,0980331,102.82,2,1,1,有,有,有,46500,452,坡道平面,24.82,0,,RPQPMLNKQHOFFDA58CC
信義區,建物,臺北市信義區光復南路473巷11弄31~60號,16.46,住,,,1080729,土地0建物1車位0,一層,7,華廈(10層含以下有電梯),住家用,鋼筋混凝土造,0661003,90.00999999999999,2,2,2,有,無,有,47679,530,,0.0,0,,RPSPMLNKQHOFFDA78CC
南港區,建物,臺北市南港區忠孝東路六段481~510號,0.0,工,,,1080812,土地0建物0車位0,三層,4,公寓(5樓含以下無電梯),工業用,鋼筋混凝土造,,33.54,1,0,1,有,無,有,14000,417,,0.0,0,此為分租套房，房號309，第三層共分成17間，一間平均面積約為33.54平方公尺,RPTPMLNKQHOFFDA88CC
中正區,建物,臺北市中正區開封街一段61~90號,0.0,商,,,1080719,土地0建物1車位0,五層,6,華廈(10層含以下有電梯),商業用,鋼筋混凝土造,,250.25,0,0,0,無,無,無,85000,340,,0.0,0,,RPRNMLNKQHOFFBA28CC
中正區,建物,臺北市中正區羅斯福路一段1~30號,0.0,商,,,1080720,土地0建物1車位0,九層,11,套房(1房1廳1衛),住家用,鋼筋混凝土造,0741216,35.77,1,1,1,有,有,有,16500,461,,0.0,0,,RPPNMLNKQHOFFAA97CC
內湖區,建物,臺北市內湖區港華街121~150號,0.0,住,,,1080708,土地0建物1車位0,一層,13,店面(店鋪),商業用,鋼筋混凝土造,0971119,67.16,0,0,1,有,有,有,25000,372,,0.0,0,,RPUOMLNKQHOFFCA78CC
中山區,建物,臺北市中山區民生東路三段88巷1~30號,0.0,住,,,1080811,土地0建物1車位0,十三層,15,住宅大樓(11層含以上有電梯),見其他登記事項,鋼筋混凝土造,0750314,109.42999999999999,3,1,2,有,有,有,48000,439,,0.0,0,,RPVOMLNKQHOFFCA88CC
中山區,建物,臺北市中山區建國北路一段31~60號,0.0,商,,,1080715,土地0建物1車位0,三層,15,住宅大樓(11層含以上有電梯),住家用,鋼筋混凝土造,0960913,121.82,2,2,1,有,有,有,58000,476,,0.0,0,,RPOPMLNKQHOFFCA28CC
中山區,建物,臺北市中山區敬業一路1~30號,0.0,商,,,1080720,土地0建物1車位1,二層,10,住宅大樓(11層含以上有電梯),商業用,鋼筋混凝土造,0931005,181.47,3,2,2,有,無,有,73000,402,坡道平面,0.0,0,,RPQPMLNKQHOFFCA48CC
中山區,建物,臺北市中山區北安路511~540號,0.0,商,,,1080731,土地0建物1車位0,見其他登記事項,2,店面(店鋪),,加強磚造,,112.42,0,0,0,無,無,無,110000,978,,0.0,0,,RPRPMLNKQHOFFCA58CC
中山區,建物,臺北市中山區林森北路31~60號,0.0,商,,,1080802,土地0建物1車位0,七層,12,住宅大樓(11層含以上有電梯),商業用,鋼筋混凝土造,0671028,76.8,0,0,0,無,無,有,22000,286,,0.0,0,,RPXNMLOKQHOFFCA09CC
中山區,建物,臺北市中山區林森北路571~600號,0.0,商,,,1080806,土地0建物1車位0,十三層,13,住宅大樓(11層含以上有電梯),住家用,鋼筋混凝土造,1000726,89.94,2,2,1,有,有,有,50000,556,,0.0,0,親友、員工或其他特殊關係間之交易。;,RPUOMLOKQHOFFCA88CC
中山區,建物,臺北市中山區復興南路一段1~30號,0.0,商,,,1080801,土地0建物0車位0,四層,14,辦公商業大樓,商業用,鋼筋混凝土造,0860714,174.0,0,0,0,無,有,無,105220,605,,0.0,0,,RPVOMLOKQHOFFCA98CC
中山區,建物,臺北市中山區松江路184巷26弄1~30號,0.0,住,,,1080626,土地0建物1車位0,八層,9,華廈(10層含以下有電梯),住家用,鋼筋混凝土造,0971202,53.29,2,1,1,有,有,有,26000,488,,0.0,0,,RPWOMLOKQHOFFCA09CC
內湖區,建物,臺北市內湖區成功路四段151~180號,0.0,其他,,,1080703,土地0建物1車位1,四層,29,住宅大樓(11層含以上有電梯),住家用,見其他登記事項,1070223,267.84,3,2,2,有,有,無,80000,299,坡道平面,0.0,0,,RPXOMLOKQHOFFCA56CC
中山區,建物,臺北市中山區明水路661~690號,0.0,商,,,1080701,土地0建物2車位0,見其他登記事項,6,辦公商業大樓,商業用,鋼筋混凝土造,0960215,1136.59,0,0,0,無,有,無,410000,361,,0.0,0,,RPRPMLOKQHOFFCA68CC
中山區,建物,臺北市中山區建國北路一段31~60號,0.0,住,,,1080812,土地0建物1車位1,十一層,14,住宅大樓(11層含以上有電梯),商業用,鋼筋混凝土造,0961107,100.72999999999999,1,2,2,有,有,有,45000,447,坡道機械,13.27,0,,RPSPMLOKQHOFFCA78CC
內湖區,建物,臺北市內湖區文湖街31~60號,0.0,工,,,1080708,土地0建物1車位1,十一層,14,其他,見其他登記事項,鋼筋混凝土造,1050608,311.12,4,2,2,有,無,有,142800,459,坡道平面,39.42,0,,RPTPMLOKQHOFFCA88CC
中山區,建物,臺北市中山區中山北路一段53巷1~30號,0.0,商,,,1080628,土地0建物1車位0,一層,7,店面(店鋪),商業用,鋼筋混凝土造,0880721,216.84,2,0,0,無,無,無,140000,646,,0.0,0,,RPUPMLOKQHOFFCA98CC
中山區,建物,臺北市中山區敬業一路181~210號,0.0,商,,,1080721,土地0建物1車位0,四層,9,辦公商業大樓,見其他登記事項,鋼筋混凝土造,0970422,54.73,1,1,1,有,有,有,26000,475,,0.0,0,,RPPRMLOKQHOFFCA68CC
內湖區,建物,臺北市內湖區文德路1~30號,0.0,其他,,,1080722,土地0建物1車位0,三層,5,公寓(5樓含以下無電梯),住家用,鋼筋混凝土造,0700123,125.97999999999999,3,2,2,有,有,有,25000,198,,0.0,0,,RPQRMLOKQHOFFCA78CC
內湖區,建物,臺北市內湖區行善路417巷31~60號,0.0,其他,,,1080719,土地0建物1車位1,九層,11,辦公商業大樓,見其他登記事項,鋼筋混凝土造,1001012,139.48000000000002,2,2,1,有,有,有,38000,272,坡道平面,32.14,0,,RPRRMLOKQHOFFCA88CC
中正區,建物,臺北市中正區汀州路二段121~150號,0.0,住,,,1080813,土地0建物1車位0,三層,4,公寓(5樓含以下無電梯),住家用,木造,0581222,81.45,3,1,1,有,無,有,18000,221,,0.0,0,,RPPOMLOKQHOFFAA18CC
中正區,建物,臺北市中正區羅斯福路四段151~180號,24.32,商,,,1080814,土地0建物1車位0,一層,12,店面(店鋪),商業用,鋼筋混凝土造,0721227,106.18,0,0,0,無,有,無,80000,753,,0.0,0,,RPRPMLOKQHOFFAA48CC
大同區,建物,臺北市大同區延平北路二段121~150號,0.0,其他,,,1080716,土地0建物1車位0,,11,住宅大樓(11層含以上有電梯),住商用,鋼筋混凝土造,0680419,114.64,1,1,1,有,有,無,28000,244,,0.0,0,,RPVNMLOKQHOFFBA78CC
萬華區,建物,臺北市萬華區成都路31~60號,0.0,商,,,1080812,土地0建物1車位0,三層,3,店面(店鋪),住商用,加強磚造,,83.6,0,0,0,無,無,無,55000,658,,0.0,0,,RPVPMLOKQHOFFBA98CC
萬華區,建物,臺北市萬華區長沙街二段121~150號,0.0,商,,,1080721,土地0建物1車位0,十一層,18,住宅大樓(11層含以上有電梯),住家用,鋼筋混凝土造,1080304,144.67,3,2,2,有,有,有,38000,263,,0.0,0,,RPQQMLOKQHOFFBA58CC
松山區,建物,臺北市松山區南京東路五段91~120號,0.0,商,,,1080717,土地0建物1車位0,五層,9,辦公商業大樓,商業用,鋼筋混凝土造,0820813,153.06,0,0,0,無,有,無,53477,349,,0.0,0,,RPPNMLOKQHOFFDA38CC
信義區,建物,臺北市信義區信義路四段391~420號,0.0,商,,,1080719,土地0建物1車位0,十層,14,辦公商業大樓,商業用,鋼筋混凝土造,,120.82000000000001,2,1,0,有,有,無,40962,339,,0.0,0,,RPRNMLOKQHOFFDA58CC
松山區,建物,臺北市松山區南京東路五段31~60號,0.0,商,,,1080730,土地0建物1車位0,四層,12,住宅大樓(11層含以上有電梯),商業用,鋼筋混凝土造,0790518,208.10999999999999,4,1,1,有,有,無,63000,303,,0.0,0,,RPTNMLOKQHOFFDA78CC
信義區,建物,臺北市信義區光復南路421~450號,0.0,商,,,1080813,土地0建物1車位0,十一層,12,套房(1房1廳1衛),住家用,鋼筋混凝土造,0701231,35.85,1,1,1,有,有,有,19000,530,,0.0,0,,RPVNMLOKQHOFFDA98CC
信義區,建物,臺北市信義區吳興街284巷59弄1~30號,0.0,住,,,1080810,土地0建物1車位0,六層,17,住宅大樓(11層含以上有電梯),住家用,鋼筋混凝土造,0830301,118.98,3,2,2,有,有,無,27000,227,,0.0,0,,RPXNMLOKQHOFFDA56CC
松山區,建物,臺北市松山區民權東路三段160巷1~30號,0.0,住,,,1080813,土地0建物1車位0,六層,12,住宅大樓(11層含以上有電梯),見其他登記事項,鋼筋混凝土造,0690801,44.64,2,1,1,有,有,有,20000,448,,0.0,0,,RPROMLOKQHOFFDA68CC
信義區,建物,臺北市信義區忠孝東路五段372巷27弄61~90號,0.0,住,,,1080725,土地0建物1車位0,二層,7,華廈(10層含以下有電梯),住家用,鋼筋混凝土造,,107.50999999999999,3,2,2,有,有,有,38000,353,,0.0,0,,RPVPMLOKQHOFFDA56CC
北投區,房地(土地+建物)+車位,臺北市北投區石牌路二段315巷34弄1~30號,47.29,住,,,1060505,土地1建物1車位1,五層,14,住宅大樓(11層含以上有電梯),住家用,鋼筋混凝土造,1040804,187.7,3,2,2,有,無,無,45000,240,坡道平面,37.45,0,,RPOOMLOKQHOFFEA48CC
士林區,建物,臺北市士林區延平北路五段181~210號,0.0,商,,,1080813,土地0建物0車位0,二層,4,公寓(5樓含以下無電梯),住家用,加強磚造,0570412,28.95,1,0,1,有,無,有,11300,390,,0.0,0,此為分租套房，房號202，第二層共分成3間，一間平均面積約為28.95平方公尺,RPOPMLOKQHOFFEA58CC
北投區,建物,臺北市北投區致遠一路一段1~30號,0.0,住,,,1080813,土地0建物0車位0,三層,4,公寓(5樓含以下無電梯),住家用,鋼筋混凝土造,0640305,28.61,1,0,1,有,無,有,13000,454,,0.0,0,此為分租套房，房號301，第三層共分成3間，一間平均面積約為28.61平方公尺,RPQPMLOKQHOFFEA78CC
士林區,建物,臺北市士林區天母北路1~30號,0.0,住,,,1080715,土地0建物1車位0,一層,7,華廈(10層含以下有電梯),見使用執照,鋼筋混凝土造,0690104,143.73,0,0,0,無,無,無,38000,264,,0.0,0,,RPRPMLOKQHOFFEA88CC
北投區,建物,臺北市北投區立農街二段211~240號,0.0,住,,,1080722,土地0建物1車位0,八層,12,住宅大樓(11層含以上有電梯),住家用,鋼筋混凝土造,0851106,125.05000000000001,3,2,2,有,有,有,39700,317,,0.0,0,,RPTOMLPKQHOFFEA09CC
大安區,建物,臺北市大安區敦化南路二段151~180號,0.0,其他,,,1080802,土地0建物1車位1,十七層,21,辦公商業大樓,住家用,鋼筋混凝土造,0781014,192.14,0,0,0,無,有,無,95000,494,坡道平面,0.0,0,,RPTNMLPKQHOFFFA09CC
大安區,建物,臺北市大安區市民大道三段181~210號,0.0,住,,,1080730,土地0建物1車位2,二十二層,23,住宅大樓(11層含以上有電梯),住家用,見其他登記事項,1050111,321.67999999999995,3,2,2,有,無,有,216055,672,坡道平面,49.6,0,,RPPOMLPKQHOFFFA78CC
大安區,建物,臺北市大安區市民大道三段151~180號,0.0,住,,,1080809,土地0建物1車位2,十七層,23,住宅大樓(11層含以上有電梯),住家用,見其他登記事項,1050111,374.34000000000003,3,2,3,有,無,有,210000,561,坡道平面,49.6,0,,RPUOMLPKQHOFFFA66CC
信義區,建物,臺北市信義區基隆路一段83巷31~60號,0.0,住,,,1080731,土地0建物1車位1,六層,7,華廈(10層含以下有電梯),住家用,鋼筋混凝土造,0960511,151.32999999999998,3,2,2,有,有,有,60000,396,升降機械,18.2,0,,RPVNMLPKQHOFFDA09CC
信義區,建物,臺北市信義區信義路五段91~120號,0.0,其他,,,1080806,土地0建物1車位0,二層,27,住宅大樓(11層含以上有電梯),見其他登記事項,鋼骨鋼筋混凝土造,0961228,100.82,2,2,1,有,有,有,78000,774,,0.0,0,,RPOOMLPKQHOFFDA48CC
信義區,建物,臺北市信義區松勤街1~30號,0.0,其他,,,1080804,土地0建物1車位0,七層,19,住宅大樓(11層含以上有電梯),住家用,見其他登記事項,0961225,98.4,1,2,1,有,無,有,73000,742,,0.0,0,,RPTOMLPKQHOFFDA98CC
松山區,建物,臺北市松山區復興北路81巷31~60號,0.0,住,,,1080722,土地0建物1車位0,一層,7,辦公商業大樓,住家用,鋼筋混凝土造,0681024,162.64,0,1,2,有,無,無,90816,558,,0.0,0,房屋用途做辦公室使用,RPWOMLPKQHOFFDA66CC
松山區,建物,臺北市松山區南京東路五段331~360號,0.0,商,,,1080802,土地0建物1車位0,五層,11,辦公商業大樓,商業用,鋼筋混凝土造,0841213,54.199999999999996,0,0,0,無,無,無,20000,369,,0.0,0,,RPOPMLPKQHOFFDA58CC
松山區,建物,臺北市松山區南京東路五段331~360號,0.0,商,,,1080716,土地0建物1車位0,三層,11,辦公商業大樓,見使用執照,鋼筋混凝土造,0910612,292.08,3,2,0,有,有,有,140184,480,,0.0,0,,RPTPMLPKQHOFFDA09CC
萬華區,建物,臺北市萬華區成都路91~120號,0.0,商,,,1080808,土地0建物1車位0,五層,22,住宅大樓(11層含以上有電梯),住家用,鋼骨鋼筋混凝土造,1060418,68.38,1,1,1,有,無,有,28000,409,,0.0,0,,RPRNMLPKQHOFFBA48CC
中正區,建物,臺北市中正區信義路二段241~270號,0.0,商,,,1080802,土地0建物1車位0,七層,14,住宅大樓(11層含以上有電梯),見其他登記事項,鋼骨鋼筋混凝土造,1070702,59.68000000000001,0,1,1,有,無,有,60000,1005,,0.0,0,,RPSOMLPKQHOFFBA68CC
中正區,建物,臺北市中正區開封街一段106巷1~30號,0.0,商,,,1080814,土地0建物0車位0,全,3,透天厝,,磚造,,15.24,1,0,1,有,無,有,8300,545,,0.0,0,,RPTOMLPKQHOFFBA78CC
中正區,建物,臺北市中正區和平西路一段31~60號,4.43,商,,,1080812,土地0建物1車位0,八層,14,住宅大樓(11層含以上有電梯),住家用,見其他登記事項,0970513,40.519999999999996,1,1,1,有,有,有,21500,531,,0.0,0,,RPSNMLPKQHOFFAA48CC
中正區,建物,臺北市中正區羅斯福路二段8巷1~30號,0.0,商,,,1080810,土地0建物1車位0,五層,9,華廈(10層含以下有電梯),住家用,鋼筋混凝土造,1041014,71.94999999999999,2,1,1,有,無,有,42000,584,,0.0,0,,RPTNMLPKQHOFFAA58CC
中山區,建物,臺北市中山區新生北路二段91~120號,0.0,商,,,1080811,土地0建物1車位0,五層,12,住宅大樓(11層含以上有電梯),商業用,鋼筋混凝土造,0711224,32.35,0,0,0,無,無,有,14000,433,,0.0,0,,RPUNMLPKQHOFFCA88CC
中山區,建物,臺北市中山區民權東路一段31~60號,0.0,商,,,1080805,土地0建物1車位0,四層,10,辦公商業大樓,商業用,鋼筋混凝土造,0890630,142.02,4,1,0,有,無,有,63000,444,,0.0,0,,RPQOMLPKQHOFFCA58CC
中山區,建物,臺北市中山區新生北路二段137巷31~60號,0.0,住,,,1080719,土地0建物1車位0,一層,4,公寓(5樓含以下無電梯),住家用,加強磚造,0570914,47.97,0,0,0,無,無,無,26000,542,,0.0,0,房屋用途做辦公室使用,RPSOMLPKQHOFFCA78CC
內湖區,建物,臺北市內湖區金湖路61~90號,0.0,商,,,1080803,土地0建物1車位1,十六層,24,住宅大樓(11層含以上有電梯),住家用,鋼筋混凝土造,0961030,173.38,2,2,1,有,無,有,85000,490,坡道平面,31.4,0,,RPTOMLPKQHOFFCA88CC
內湖區,建物,臺北市內湖區康樂街20巷1~30號,0.0,住,,,1080807,土地0建物1車位0,四層,5,公寓(5樓含以下無電梯),住家用,鋼筋混凝土造,0741118,90.21,3,2,2,有,無,有,26000,288,,0.0,0,,RPUOMLPKQHOFFCA98CC
中山區,建物,臺北市中山區堤頂大道二段361~390號,0.0,住,,,1080808,土地0建物1車位0,三層,11,住宅大樓(11層含以上有電梯),住家用,鋼筋混凝土造,0931230,187.98000000000002,4,2,2,有,無,有,65000,346,,0.0,0,,RPXOMLPKQHOFFCA66CC
中山區,建物,臺北市中山區基湖路157巷1~30號,0.0,住,,,1080805,土地0建物1車位0,六層,13,住宅大樓(11層含以上有電梯),住家用,鋼筋混凝土造,0900227,253.34,3,2,3,有,無,有,136000,537,,0.0,0,,RPQPMLPKQHOFFCA68CC
中山區,建物,臺北市中山區南京東路二段1~30號,0.0,商,,,1080806,土地0建物1車位1,八層,24,住宅大樓(11層含以上有電梯),住家用,見其他登記事項,1061208,218.81,4,2,2,有,無,有,125000,571,坡道平面,35.51,0,,RPSPMLPKQHOFFCA88CC
內湖區,建物,臺北市內湖區環山路二段121~150號,0.0,住,,,1080802,土地0建物0車位0,二層,5,套房(1房1廳1衛),住家用,鋼筋混凝土造,0700128,18.43,0,0,0,無,無,有,9500,515,,0.0,0,,RPTPMLPKQHOFFCA98CC
內湖區,建物,臺北市內湖區成功路二段250巷31~60號,0.0,住,,,1080806,土地0建物1車位0,一層,4,公寓(5樓含以下無電梯),住家用,鋼筋混凝土造,0690529,118.69,4,2,2,有,無,無,34500,291,,0.0,0,有民情風俗因素之交易。;,RPVPMLPKQHOFFCA56CC
中山區,建物,臺北市中山區建國北路二段91~120號,0.0,住,,,1080813,土地0建物1車位0,八層,12,辦公商業大樓,商業用,鋼筋混凝土造,0731221,173.31,0,0,0,無,有,無,75000,433,,0.0,0,,RPXPMLPKQHOFFCA76CC
內湖區,建物,臺北市內湖區成功路五段420巷1~30號,0.0,住,,,1080814,土地0建物1車位0,七層,11,住宅大樓(11層含以上有電梯),住家用,鋼筋混凝土造,0860515,153.68,4,2,2,有,有,有,50000,325,,0.0,0,,RPPQMLPKQHOFFCA68CC
內湖區,建物,臺北市內湖區大湖山莊街181~210號,0.0,住,,,1080724,土地0建物1車位0,七層,8,套房(1房1廳1衛),住家用,鋼筋混凝土造,0820105,45.209999999999994,1,1,1,有,有,有,18000,398,,0.0,0,租金含管理費。,RPXQMLPKQHOFFCA86CC
中山區,建物,臺北市中山區長春路301~330號,0.0,商,,,1080727,土地0建物1車位0,四層,12,住宅大樓(11層含以上有電梯),商業用,鋼筋混凝土造,0890705,122.75,2,2,2,有,有,有,36000,293,,0.0,0,,RPRNMLQKQHOFFCA68CC
中山區,建物,臺北市中山區敬業一路181~210號,0.0,商,,,1080722,土地0建物1車位0,七層,9,辦公商業大樓,見其他登記事項,鋼筋混凝土造,0970422,57.09,1,1,1,有,有,有,24000,420,,0.0,0,,RPWPMLQKQHOFFCA76CC
內湖區,建物,臺北市內湖區內湖路一段285巷8弄1~30號,0.0,商,,,1080725,土地0建物1車位0,七層,7,套房(1房1廳1衛),住家用,鋼筋混凝土造,0840111,52.28,1,1,1,有,有,有,30000,574,,0.0,0,,RPOQMLQKQHOFFCA68CC
內湖區,建物,臺北市內湖區石潭路31~60號,0.0,其他,,,1080724,土地0建物1車位1,二層,14,辦公商業大樓,見其他登記事項,鋼筋混凝土造,1001124,217.13,3,2,2,有,有,有,62000,286,坡道平面,25.44,0,,RPRQMLQKQHOFFCA98CC
中山區,建物,臺北市中山區林森北路571~600號,0.0,商,,,1080816,土地0建物1車位0,七層,11,住宅大樓(11層含以上有電梯),住家用,鋼筋混凝土造,0660322,30.810000000000002,1,0,1,有,有,有,12000,389,,0.0,0,台北市都發局社會住宅包租代管計畫,RPUQMLQKQHOFFCA66CC
中山區,建物,臺北市中山區吉林路61~90號,0.0,商,,,1080801,土地0建物1車位0,四層,6,華廈(10層含以下有電梯),商業用,鋼筋混凝土造,,336.5,1,1,1,有,有,無,127200,378,,0.0,0,,RPVQMLQKQHOFFCA76CC
中山區,建物,臺北市中山區北安路811~840號,0.0,住,,,1080723,土地0建物1車位0,八層,14,套房(1房1廳1衛),住家用,鋼筋混凝土造,0991224,91.15,1,1,1,有,有,有,40000,439,,0.0,0,,RPORMLQKQHOFFCA78CC
內湖區,建物,臺北市內湖區內湖路三段163巷8弄1~30號,0.0,住,,,1080815,土地0建物0車位0,三層,5,套房(1房1廳1衛),住家用,鋼筋混凝土造,0661219,18.54,0,0,0,無,無,有,8500,458,,0.0,0,,RPPRMLQKQHOFFCA88CC
內湖區,建物,臺北市內湖區環山路一段91~120號,0.0,住,,,1080721,土地0建物1車位0,一層,4,店面(店鋪),住家用,鋼筋混凝土造,0660628,109.69,0,0,0,無,有,無,40000,365,,0.0,0,,RPRRMLQKQHOFFCA09CC
中山區,建物,臺北市中山區長春路121~150號,0.0,商,,,1080731,土地0建物2車位8,見其他登記事項,8,辦公商業大樓,商業用,鋼筋混凝土造,0910814,1681.36,0,0,0,無,有,無,900000,535,坡道平面,0.0,0,,RPWRMLQKQHOFFCA96CC
中山區,建物,臺北市中山區大直街39巷1~30號,0.0,住,,,1080725,土地0建物1車位0,四層,5,公寓(5樓含以下無電梯),住家用,鋼筋混凝土造,0820703,91.61999999999999,3,2,2,有,有,無,29000,317,,0.0,0,,RPOSMLQKQHOFFCA88CC
中山區,建物,臺北市中山區南京東路一段132巷1~30號,0.0,商,,,1080816,土地0建物1車位0,三層,7,華廈(10層含以下有電梯),住家用,鋼筋混凝土造,0701127,40.74,2,1,1,有,有,有,18000,442,,0.0,0,台北市社會住宅包租代管計畫專案,RPRSMLQKQHOFFCA56CC
中山區,建物,臺北市中山區吉林路361~390號,0.0,住,,,1080721,土地0建物1車位0,二層,7,套房(1房1廳1衛),住家用,鋼筋混凝土造,0681219,34.19,1,1,1,有,有,有,15000,439,,0.0,0,,RPUTMLQKQHOFFCA96CC
文山區,建物,臺北市文山區萬壽路61~90號,0.0,住,,,1080727,土地0建物1車位0,一層,5,套房(1房1廳1衛),住家用,鋼筋混凝土造,0961023,31.2,1,0,1,有,有,有,8000,256,,0.0,0,租金含管理費,RPRNMLQKQHOFFAA48CC
中正區,建物,臺北市中正區和平西路一段1~30號,0.0,商,,,1080815,土地0建物0車位0,八層,11,住宅大樓(11層含以上有電梯),商業用,鋼筋混凝土造,,44.75,1,0,1,有,無,有,14000,313,,0.0,0,,RPXNMLQKQHOFFAA09CC
中正區,建物,臺北市中正區汀州路二段178巷1~30號,0.0,住,,,1080728,土地0建物1車位0,二層,6,套房(1房1廳1衛),見其他登記事項,鋼筋混凝土造,1060829,43.61,1,1,1,有,有,有,28000,642,,0.0,0,租金含管理費,RPOOMLQKQHOFFAA28CC
文山區,建物,臺北市文山區福興路78巷1~30號,0.0,商,,,1080726,土地0建物1車位0,四層,4,公寓(5樓含以下無電梯),住家用,鋼筋混凝土造,,101.67,3,2,2,有,無,無,20000,197,,0.0,0,,RPSOMLQKQHOFFAA68CC
信義區,建物,臺北市信義區基隆路一段1~30號,0.0,住,,,1080814,土地0建物1車位0,七層,13,住宅大樓(11層含以上有電梯),住家用,鋼筋混凝土造,1021107,83.28,2,2,2,有,有,有,36000,432,,0.0,0,,RPSNMLQKQHOFFDA88CC
信義區,建物,臺北市信義區信義路五段121~150號,0.0,其他,,,1080725,土地0建物1車位0,十六層,19,住宅大樓(11層含以上有電梯),住家用,見其他登記事項,0951229,86.97,1,1,1,有,有,有,75000,862,,0.0,0,親友、員工或其他特殊關係間之交易。;,RPPOMLQKQHOFFDA68CC
信義區,建物,臺北市信義區永吉路31~60號,0.0,商,,,1080815,土地0建物1車位0,八層,14,住宅大樓(11層含以上有電梯),住家用,鋼筋混凝土造,0960524,86.56,2,2,1,有,有,有,50000,578,,0.0,0,,RPUPMLQKQHOFFDA66CC
南港區,建物,臺北市南港區經貿二路157巷36弄91~120號,0.0,住,,,1080724,土地0建物1車位1,八層,11,住宅大樓(11層含以上有電梯),住家用,鋼筋混凝土造,1020812,109.87,2,2,1,有,有,有,31000,282,升降機械,18.35,0,,RPWPMLQKQHOFFDA86CC
信義區,建物,臺北市信義區富陽街31~60號,0.0,住,,,1080816,土地0建物1車位0,二層,7,華廈(10層含以下有電梯),住家用,鋼筋混凝土造,0851125,41.2,0,0,0,無,無,有,14000,340,,0.0,0,,RPXPMLQKQHOFFDA96CC
南港區,建物,臺北市南港區興華路121~150號,0.0,住,,,1080815,土地0建物1車位0,一層,3,店面(店鋪),住家用,加強磚造,,99.59,0,0,0,無,無,無,45000,452,,0.0,0,,RPQQMLQKQHOFFDA98CC
南港區,建物,臺北市南港區園區街1~30號,0.0,住,,,1080726,土地0建物1車位0,十層,14,住宅大樓(11層含以上有電梯),住家用,鋼筋混凝土造,0980611,129.27,3,2,2,有,有,有,45500,352,,0.0,0,,RPUQMLQKQHOFFDA76CC
信義區,建物,臺北市信義區松隆路301~330號,0.0,商,,,1080726,土地0建物1車位0,一層,7,店面(店鋪),商業用,鋼筋混凝土造,0700831,75.78,0,1,1,有,無,有,40000,528,,0.0,0,,RPWQMLQKQHOFFDA96CC
大安區,建物,臺北市大安區大安路二段91~120號,0.0,住,,,1080729,土地0建物1車位0,四層,7,華廈(10層含以下有電梯),住家用,鋼筋混凝土造,0741210,129.08,3,2,2,有,有,無,40000,310,,0.0,0,,RPVNMLQKQHOFFFA76CC
大安區,建物,臺北市大安區復興南路二段181~210號,0.0,商,,,1080812,土地0建物1車位0,七層,12,辦公商業大樓,商業用,鋼筋混凝土造,0820407,30.67,1,1,1,有,有,無,16000,522,,0.0,0,,RPXNMLQKQHOFFFA96CC
大安區,建物,臺北市大安區敦化南路二段151~180號,0.0,其他,,,1080726,土地0建物1車位0,五層,12,其他,商業用,鋼筋混凝土造,0750825,117.05999999999999,0,0,0,無,有,有,45000,384,,0.0,0,,RPPOMLQKQHOFFFA88CC
大安區,建物,臺北市大安區和平東路二段31~60號,0.0,商,,,1080721,土地0建物1車位0,四層,12,辦公商業大樓,商業用,鋼筋混凝土造,0760424,122.58000000000001,4,2,2,有,有,無,37000,302,,0.0,0,,RPTOMLQKQHOFFFA66CC
南港區,房地(土地+建物),臺北市南港區南港路三段31~60號,213.0,工,,,1080813,土地1建物1車位0,全,4,透天厝,工業用,鋼筋混凝土造,,623.84,0,0,0,無,無,無,50000,80,,0.0,0,,RPTPMLQKQHOFFDA66DC
內湖區,房地(土地+建物),臺北市內湖區民權東路六段123巷34弄1~30號,5.31,商,,,1080716,土地1建物1車位0,五層,12,住宅大樓(11層含以上有電梯),商業用,鋼筋混凝土造,0910510,149.88,4,2,2,有,無,有,48000,320,,0.0,0,,RPQQMLQKQHOFFCA98DC
內湖區,房地(土地+建物),臺北市內湖區民權東路六段181~210號,109.24,住,,,1080701,土地1建物1車位0,二層,5,華廈(10層含以下有電梯),住家用,鋼筋混凝土造,0900829,104.19,2,2,1,有,無,無,20000,192,,0.0,0,,RPXQMLQKQHOFFCA07DC
內湖區,建物,臺北市內湖區康樂街136巷15弄31~60號,4.97,住,,,1080722,土地0建物1車位0,五層,5,公寓(5樓含以下無電梯),住家用,鋼筋混凝土造,0740321,42.97,1,1,1,有,無,有,5000,116,,0.0,0,頂樓加蓋1室,RPQRMLQKQHOFFCA09DC
士林區,建物,臺北市士林區天玉街91~120號,0.0,住,,,1080812,土地0建物1車位0,三層,8,華廈(10層含以下有電梯),住家用,鋼筋混凝土造,0840619,62.06,1,1,1,有,有,有,17000,274,,0.0,0,售價包含裝潢或家電。;含管理費,RPRNMLQKQHOFFEA88CC
士林區,建物,臺北市士林區忠誠路一段16巷1~30號,0.0,住,,,1080713,土地0建物1車位1,五層,6,華廈(10層含以下有電梯),住家用,鋼筋混凝土造,0880831,203.31,3,2,2,有,有,有,50000,246,坡道平面,0.0,0,,RPVNMLQKQHOFFEA66CC
士林區,建物,臺北市士林區忠誠路二段10巷1~30號,0.0,住,,,1080806,土地0建物1車位0,六層,14,住宅大樓(11層含以上有電梯),住家用,鋼骨鋼筋混凝土造,0941027,326.74,3,2,2,有,有,有,120000,367,坡道平面,0.93,0,,RPWNMLQKQHOFFEA76CC
北投區,建物,臺北市北投區明德路271~300號,0.0,住,,,1080815,土地0建物1車位0,一層,7,店面(店鋪),商業用,鋼筋混凝土造,0690728,52.78,0,0,0,無,有,有,13000,246,,0.0,0,,RPUOMLQKQHOFFEA66CC
北投區,建物,臺北市北投區三合街二段421~450號,0.0,住,,,1080805,土地0建物1車位0,一層,4,店面(店鋪),住家用,鋼筋混凝土造,0640918,68.68,0,0,0,無,無,無,26000,379,,0.0,0,,RPXOMLQKQHOFFEA96CC
南港區,建物,臺北市南港區重陽路451~480號,0.0,,,,1080801,土地0建物1車位1,二層,12,辦公商業大樓,見其他登記事項,鋼筋混凝土造,1010531,285.42,0,0,2,有,有,無,115000,403,坡道平面,0.0,0,,RPPNMLRKQHOFFDA68CC
松山區,建物,臺北市松山區八德路三段181~210號,0.0,住,,,1080813,土地0建物1車位0,五層,11,辦公商業大樓,見其他登記事項,鋼骨鋼筋混凝土造,0950418,68.62,2,1,2,有,有,有,46000,670,,0.0,0,,RPQNMLRKQHOFFDA78CC
中正區,房地(土地+建物)+車位,臺北市中正區辛亥路一段1~30號,15.79,住,,,1080806,土地3建物1車位1,十三層,15,住宅大樓(11層含以上有電梯),見其他登記事項,鋼筋混凝土造,1070717,172.25,3,2,2,有,有,無,57000,331,坡道機械,37.99,0,,RPRNMLSKQHOFFAA68CC
文山區,建物,臺北市文山區指南路二段61~90號,94.0,住,,,1080812,土地0建物1車位0,一層,3,店面(店鋪),住家用,加強磚造,,82.44,0,0,0,無,無,有,70000,849,,0.0,0,,RPVNMLTKQHOFFAA56CC
文山區,建物,臺北市文山區興隆路一段181~210號,0.0,住,,,1080816,土地0建物0車位0,三層,4,公寓(5樓含以下無電梯),住家用,鋼筋混凝土造,,16.74,1,0,1,有,無,有,7300,436,,0.0,0,此為分租套房，房號302，第三層共分成5間，一間平均面積約為16.74平方公尺,RPWOMLTKQHOFFAA76CC
松山區,建物,臺北市松山區延壽街91~120號,40.5,住,,,1080817,土地0建物1車位0,見其他登記事項,4,公寓(5樓含以下無電梯),住家用,鋼筋混凝土造,0640319,101.24,4,2,2,有,無,無,62436,617,,0.0,0,有民情風俗因素之交易。;,RPSNMLTKQHOFFDA56CC
南港區,建物,臺北市南港區重陽路125巷36弄31~60號,0.0,住,,,1080816,土地0建物1車位1,二層,7,華廈(10層含以下有電梯),住家用,鋼筋混凝土造,0991026,178.14,3,2,2,有,有,無,33000,185,坡道機械,15.13,0,,RPQOMLTKQHOFFDA09CC
南港區,建物,臺北市南港區忠孝東路七段571~600號,0.0,住,,,1080728,土地0建物0車位0,二層,2,套房(1房1廳1衛),住家用,加強磚造,0451102,23.14,1,0,1,有,無,有,14000,605,,0.0,0,部分承租,RPUOMLTKQHOFFDA86CC
中山區,建物,臺北市中山區民權東路三段1~30號,0.0,商,,,1080731,土地0建物2車位0,十一層,20,辦公商業大樓,商業用,鋼筋混凝土造,0800325,1551.01,0,0,0,無,有,有,797573,514,,0.0,0,,RPQNMLTKQHOFFCA88CC
中山區,建物,臺北市中山區林森北路91~120號,0.0,商,,,1080816,土地0建物1車位0,十一層,12,住宅大樓(11層含以上有電梯),住家用,鋼筋混凝土造,0700422,48.76,1,0,1,有,有,有,18000,369,,0.0,0,台北市社會住宅包租代管計畫專案,RPSRMLTKQHOFFCA86CC
士林區,建物,臺北市士林區中山北路六段195巷1~30號,0.0,住,,,1080731,土地0建物1車位0,二層,14,住宅大樓(11層含以上有電梯),住家用,鋼筋混凝土造,0970506,159.73,3,2,2,有,有,有,88000,551,,0.0,0,,RPQNMLTKQHOFFEA09CC
士林區,建物,臺北市士林區倫等街48巷1~30號,0.0,住,,,1080816,土地0建物1車位0,二層,3,公寓(5樓含以下無電梯),住家用,加強磚造,0600819,77.67,2,2,1,有,無,有,15000,193,,0.0,0,台北市都發局社會住宅包租代管計畫,RPVNMLTKQHOFFEA96CC
士林區,建物,臺北市士林區忠誠路一段121~150號,0.0,住,,,1080801,土地0建物1車位3,九層,14,住宅大樓(11層含以上有電梯),住家用,鋼筋混凝土造,1010605,395.65,4,2,2,有,有,無,150000,379,升降機械,0.0,0,,RPSPMLTKQHOFFEA86CC
士林區,建物,臺北市士林區中山北路七段124巷1~30號,0.0,住,,,1080723,土地0建物1車位2,六層,12,住宅大樓(11層含以上有電梯),住家用,鋼筋混凝土造,1030805,378.15,4,2,2,有,有,無,180000,476,坡道平面,0.0,0,,RPTPMLTKQHOFFEA96CC
中山區,房地(土地+建物),臺北市中山區復興北路514巷1~30號,36.2,住,,,1080814,土地1建物1車位0,一層,5,公寓(5樓含以下無電梯),住商用,鋼筋混凝土造,0730710,168.97,0,0,0,無,無,無,48000,284,,0.0,0,,RPWOMLTKQHOFFCA07DC
大安區,建物,臺北市大安區和平東路二段311巷31~60號,0.0,住,,,1080726,土地0建物1車位0,十四層,19,住宅大樓(11層含以上有電梯),住家用,鋼筋混凝土造,0740522,120.43,3,2,2,有,有,有,33000,274,,0.0,0,,RPSNMLTKQHOFFFA76CC
大安區,建物,臺北市大安區信義路四段1~30號,0.0,商,,,1080815,土地0建物1車位0,一層,12,店面(店鋪),商業用,鋼筋混凝土造,0701106,96.84,0,0,0,無,有,無,175000,1807,,0.0,0,,RPTNMLTKQHOFFFA86CC
大安區,房地(土地+建物),臺北市大安區四維路76巷1~30號,31.27,住,,,1080712,土地1建物1車位0,一層,14,住宅大樓(11層含以上有電梯),商業用,鋼筋混凝土造,0840915,192.29,0,0,1,有,有,無,88000,458,,0.0,0,,RPPOMLTKQHOFFFA56CC
大安區,建物,臺北市大安區瑞安街208巷31~60號,0.0,住,,,1080816,土地0建物1車位0,四層,7,華廈(10層含以下有電梯),住家用,鋼筋混凝土造,1040511,44.22,0,0,0,無,無,有,32000,724,,0.0,0,,RPVNMLKLQHOFFFA88CC
大安區,建物,臺北市大安區忠孝東路四段216巷31~60號,0.0,住,,,1080817,土地0建物1車位0,七層,7,華廈(10層含以下有電梯),住家用,鋼筋混凝土造,,175.83,5,2,2,有,無,有,65000,370,,0.0,0,,RPWNMLKLQHOFFFA98CC
大安區,建物,臺北市大安區建國南路二段79巷1~30號,0.0,住,,,1080729,土地0建物1車位0,五層,17,住宅大樓(11層含以上有電梯),住家用,鋼筋混凝土造,0750415,108.82000000000001,2,1,1,有,有,有,39000,358,,0.0,0,,RPUOMLKLQHOFFFA88CC
士林區,建物,臺北市士林區德行東路109巷83弄1~30號,0.0,住,,,1080729,土地0建物1車位0,四層,5,公寓(5樓含以下無電梯),住家用,鋼筋混凝土造,0670501,90.3,3,2,2,有,無,有,25000,277,,0.0,0,,RPPNMLKLQHOFFEA18CC
北投區,建物,臺北市北投區裕民六路1~30號,0.0,商,,,1080809,土地0建物1車位0,,18,住宅大樓(11層含以上有電梯),見其他登記事項,鋼筋混凝土造,0970930,255.60999999999999,3,2,2,有,有,有,80000,313,,0.0,0,含管理費,RPQNMLKLQHOFFEA28CC
士林區,建物,臺北市士林區天母北路87巷1~30號,0.0,其他,,,1080730,土地0建物1車位0,二層,5,公寓(5樓含以下無電梯),住家用,鋼筋混凝土造,0710824,110.51,3,2,2,有,無,有,28000,253,,0.0,0,,RPRNMLKLQHOFFEA38CC
中山區,建物,臺北市中山區林森北路421~450號,0.0,商,,,1080729,土地0建物2車位0,見其他登記事項,14,店面(店鋪),見其他登記事項,鋼筋混凝土造,0981106,542.79,1,2,3,有,有,無,320000,590,,0.0,0,,RPPNMLKLQHOFFCA97CC
中山區,建物,臺北市中山區龍江路223巷1~30號,0.0,住,,,1080729,土地0建物1車位0,四層,7,套房(1房1廳1衛),住家用,鋼筋混凝土造,0990205,41.64,1,1,1,有,有,有,16000,384,,0.0,0,租金含管理費。,RPUNMLKLQHOFFCA48CC
內湖區,建物,臺北市內湖區瑞光路1~30號,0.0,住,,,1080819,土地0建物1車位0,九層,9,華廈(10層含以下有電梯),住家用,鋼筋混凝土造,0941221,111.84,2,2,1,有,有,有,30000,268,,0.0,0,,RPVNMLKLQHOFFCA58CC
中山區,建物,臺北市中山區復興北路402巷1~30號,0.0,住,,,1080814,土地0建物1車位0,五層,7,華廈(10層含以下有電梯),住家用,鋼筋混凝土造,0730411,148.05,4,2,2,有,無,有,45000,304,,0.0,0,,RPSOMLKLQHOFFCA38CC
中山區,建物,臺北市中山區南京東路二段181~210號,0.0,商,,,1080806,土地0建物1車位0,六層,15,住宅大樓(11層含以上有電梯),住家用,鋼筋混凝土造,0990528,265.79,4,2,3,有,無,有,120000,451,,0.0,0,,RPVOMLKLQHOFFCA68CC
內湖區,建物,臺北市內湖區文德路151~180號,0.0,住,,,1080725,土地0建物1車位0,二層,5,公寓(5樓含以下無電梯),住家用,鋼筋混凝土造,0770128,123.31,3,2,2,有,有,有,28500,231,,0.0,0,,RPUPMLKLQHOFFCA68CC
中山區,建物,臺北市中山區龍江路91~120號,0.0,住,,,1080722,土地0建物1車位0,五層,7,華廈(10層含以下有電梯),住家用,鋼筋混凝土造,0730106,150.87,0,0,0,無,有,無,40000,265,,0.0,0,租金包括稅金和二代健保補充保費,RPSQMLKLQHOFFCA58CC
內湖區,建物,臺北市內湖區文德路208巷61~90號,0.0,住,,,1080729,土地0建物1車位0,一層,10,店面(店鋪),見其他登記事項,鋼筋混凝土造,1000616,80.84,0,1,1,有,有,無,36000,445,,0.0,0,,RPVQMLKLQHOFFCA88CC
信義區,建物,臺北市信義區基隆路一段121~150號,0.0,住,,,1080710,土地0建物1車位1,九層,13,住宅大樓(11層含以上有電梯),見其他登記事項,鋼筋混凝土造,0950802,45.17,1,1,1,有,無,有,30000,664,坡道機械,11.41,0,,RPTNMLKLQHOFFDA48CC
信義區,建物,臺北市信義區福德街137巷8弄1~30號,0.0,,,,1080715,土地0建物1車位0,二層,5,公寓(5樓含以下無電梯),住家用,鋼筋混凝土造,0740827,103.5,3,2,2,有,有,有,30000,290,,0.0,0,含管理費,RPUNMLKLQHOFFDA58CC
松山區,房地(土地+建物),臺北市松山區敦化北路31~60號,0.0,其他,,,1080715,土地1建物1車位0,三層,12,辦公商業大樓,商業用,鋼筋混凝土造,0780227,363.63,0,0,0,無,有,無,150000,413,,0.0,0,分區租賃,RPROMLKLQHOFFDA38CC
信義區,建物,臺北市信義區忠孝東路四段553巷6弄1~30號,0.0,住,,,1080819,土地0建物1車位0,一層,4,公寓(5樓含以下無電梯),住家用,鋼筋混凝土造,,108.37,3,2,2,有,無,無,110000,1015,,0.0,0,,RPTOMLKLQHOFFDA58CC
信義區,建物,臺北市信義區忠孝東路五段61~90號,0.0,其他,,,1080716,土地0建物1車位0,三十五層,46,辦公商業大樓,見其他登記事項,見其他登記事項,1040415,582.56,0,0,0,無,無,無,804931,1382,,0.0,0,租金含稅,RPUOMLKLQHOFFDA68CC
松山區,建物,臺北市松山區南京東路三段241~270號,0.0,商,,,1080710,土地0建物1車位0,三層,11,辦公商業大樓,商業用,鋼筋混凝土造,0610918,244.69,0,0,0,無,無,有,163200,667,,0.0,0,部分租賃,RPVOMLKLQHOFFDA78CC
松山區,建物,臺北市松山區南京東路三段271~300號,0.0,商,,,1080805,土地0建物0車位0,六層,12,辦公商業大樓,商業用,鋼筋混凝土造,0750816,327.55,0,0,0,無,無,有,140000,427,,0.0,0,,RPOPMLKLQHOFFDA18CC
信義區,建物,臺北市信義區松德路151~180號,0.0,其他,,,1080815,土地0建物1車位0,九層,13,住宅大樓(11層含以上有電梯),住家用,鋼筋混凝土造,0800309,208.34,3,2,2,有,無,有,103700,498,,0.0,0,,RPQPMLKLQHOFFDA38CC
信義區,建物,臺北市信義區信義路五段121~150號,0.0,其他,,,1080726,土地0建物1車位0,六層,19,套房(1房1廳1衛),住家用,鋼筋混凝土造,0980702,149.18,1,1,1,有,無,有,66000,442,,0.0,0,,RPRPMLKLQHOFFDA48CC
信義區,建物,臺北市信義區林口街31~60號,0.0,住,,,1080819,土地0建物0車位0,二層,4,公寓(5樓含以下無電梯),住家用,鋼筋混凝土造,0590920,18.53,1,0,1,有,無,有,9300,502,,0.0,0,,RPTQMLKLQHOFFDA78CC
中正區,建物,臺北市中正區寧波西街1~30號,4.77,商,,,1080812,土地0建物1車位0,六層,11,住宅大樓(11層含以上有電梯),見其他登記事項,鋼筋混凝土造,0940607,35.04,2,1,1,有,有,有,25000,713,,0.0,0,,RPOOMLKLQHOFFAA77CC
中正區,建物,臺北市中正區南昌路二段181~210號,0.0,商,,,1080814,土地0建物1車位0,二層,15,住宅大樓(11層含以上有電梯),見其他登記事項,鋼筋混凝土造,1010727,108.59,2,1,1,有,無,有,47000,433,,0.0,0,,RPSOMLKLQHOFFAA18CC
大同區,建物,臺北市大同區南京西路25巷31~60號,26.44,商,,,1080812,土地0建物1車位0,一層,7,店面(店鋪),見其他登記事項,鋼筋混凝土造,0970626,89.53999999999999,0,0,0,無,無,無,40000,447,,0.0,0,此為分割店面，承租範圍面積約4坪。免租裝潢期:民國108年09月01日至民國108年09月15日,RPXNMLKLQHOFFBA68CC
大同區,建物,臺北市大同區承德路三段61~90號,0.0,商,,,1080815,土地0建物1車位0,,14,住宅大樓(11層含以上有電梯),見其他登記事項,鋼筋混凝土造,1070723,69.95,0,0,0,無,無,有,30600,437,,0.0,0,,RPOOMLKLQHOFFBA87CC
萬華區,建物,臺北市萬華區康定路91~120號,0.0,商,,,1080812,土地0建物1車位0,十三層,26,住宅大樓(11層含以上有電梯),住家用,見其他登記事項,1050331,163.3,4,2,1,有,無,有,55000,337,,0.0,0,,RPQOMLKLQHOFFBA08CC
大同區,建物,臺北市大同區歸綏街121~150號,0.0,商,,,1080730,土地0建物1車位0,十層,10,華廈(10層含以下有電梯),住家用,鋼筋混凝土造,1010809,71.32000000000001,2,1,1,有,有,有,26000,365,,0.0,0,租金含管理費,RPPNMLLLQHOFFBA97CC
中正區,建物,臺北市中正區北平東路1~30號,0.0,商,,,1080808,土地0建物1車位0,十四層,16,辦公商業大樓,商業用,鋼骨混凝土造,0840927,261.46000000000004,4,0,0,有,有,無,123000,470,,0.0,0,,RPRNMLLLQHOFFBA18CC
大同區,建物,臺北市大同區承德路三段31~60號,0.0,商,,,1080716,土地0建物1車位0,三層,7,辦公商業大樓,住家用,鋼筋混凝土造,0700728,111.15,0,0,0,無,無,無,39000,351,,0.0,0,,RPTOMLLLQHOFFBA48CC
萬華區,房地(土地+建物),臺北市萬華區中華路一段151~180號,12.23,商,,,1080820,土地1建物1車位0,十四層,15,住宅大樓(11層含以上有電梯),住家用,鋼筋混凝土造,1020104,154.55,4,2,2,有,有,有,60000,388,,0.0,0,租金含管理費,RPRPMLLLQHOFFBA38CC
中正區,建物,臺北市中正區忠孝東路二段31~60號,0.0,商,,,1080820,土地0建物0車位0,二層,5,公寓(5樓含以下無電梯),住家用,鋼筋混凝土造,0620910,15.83,1,0,1,有,無,有,6500,411,,0.0,0,,RPTPMLLLQHOFFBA58CC
大同區,建物,臺北市大同區鄭州路1~30號,0.0,商,,,1080725,土地0建物0車位0,全,4,透天厝,,磚造,,152.06,0,0,0,無,無,無,52000,342,,0.0,0,,RPWPMLLLQHOFFBA88CC
中正區,建物,臺北市中正區和平西路一段1~30號,0.0,商,,,1080716,土地0建物1車位0,,12,辦公商業大樓,見使用執照,鋼筋混凝土造,,144.07,0,0,0,無,無,無,48000,333,,0.0,0,,RPXNMLLLQHOFFAA68CC
文山區,車位,臺北市文山區羅斯福路六段421~450號,0.27,商,,,1080731,土地0建物0車位1,,13,其他,見其他登記事項,鋼筋混凝土造,1000704,9.700000000000001,0,0,0,有,有,無,3000,,塔式車位,9.7,3000,租金含管理費。,RPPOMLLLQHOFFAA97CC
松山區,建物,臺北市松山區民權東路三段121~150號,0.0,住,,,1080716,土地0建物1車位0,十層,15,辦公商業大樓,住家用,鋼筋混凝土造,0730915,66.31,0,0,0,無,有,無,32000,483,,0.0,0,,RPQNMLLLQHOFFDA28CC
南港區,建物,臺北市南港區昆陽街91~120號,0.0,工,,,1080815,土地0建物1車位0,一層,4,公寓(5樓含以下無電梯),工業用,鋼筋混凝土造,,83.16,0,0,0,無,無,無,42000,505,,0.0,0,,RPWNMLLLQHOFFDA88CC
南港區,建物,臺北市南港區市民大道七段181~210號,0.0,工,,,1080803,土地0建物1車位0,一層,3,店面(店鋪),工業用,鋼筋混凝土造,,65.76,0,0,0,無,無,無,22000,335,,0.0,0,,RPVOMLLLQHOFFDA88CC
松山區,建物,臺北市松山區復興北路31~60號,0.0,其他,,,1080819,土地0建物1車位0,一層,16,辦公商業大樓,商業用,鋼筋混凝土造,0741029,430.62,0,0,0,無,有,無,250000,581,,0.0,0,,RPXOMLLLQHOFFDA09CC
信義區,建物,臺北市信義區永吉路31~60號,0.0,商,,,1080802,土地0建物1車位0,十一層,14,住宅大樓(11層含以上有電梯),住家用,鋼筋混凝土造,0960524,114.5,3,2,2,有,有,有,48000,419,,0.0,0,有民情風俗因素之交易。;,RPRPMLLLQHOFFDA58CC
松山區,建物,臺北市松山區敦化北路61~90號,0.0,其他,,,1080805,土地0建物1車位0,九層,14,辦公商業大樓,見其他登記事項,鋼骨鋼筋混凝土造,0990531,477.95,0,0,0,無,有,無,371429,777,,0.0,0,,RPVPMLLLQHOFFDA98CC
中山區,建物,臺北市中山區農安街1~30號,0.0,商,,,1080722,土地0建物1車位0,四層,14,住宅大樓(11層含以上有電梯),商業用,鋼筋混凝土造,0980622,56.599999999999994,1,1,1,有,有,有,42000,742,,0.0,0,,RPTNMLLLQHOFFCA48CC
中山區,建物,臺北市中山區農安街1~30號,0.0,商,,,1080722,土地0建物1車位0,八層,14,住宅大樓(11層含以上有電梯),商業用,鋼筋混凝土造,0980622,53.19,1,1,1,有,有,有,42000,790,,0.0,0,,RPWNMLLLQHOFFCA78CC
內湖區,房地(土地+建物),臺北市內湖區內湖路一段120巷191~30號,108.05,工,,,1080811,土地1建物1車位0,三層,10,辦公商業大樓,工業用,鋼筋混凝土造,0891113,255.64,0,0,0,無,有,有,75888,297,,0.0,0,,RPPOMLLLQHOFFCA18CC
內湖區,建物,臺北市內湖區港墘路127巷6弄1~30號,0.0,住,,,1080730,土地0建物1車位1,六層,7,華廈(10層含以下有電梯),住家用,鋼筋混凝土造,0850626,176.25,2,2,1,有,有,有,46000,261,坡道平面,0.0,0,,RPQOMLLLQHOFFCA28CC
中山區,建物,臺北市中山區南京東路二段91~120號,0.0,商,,,1080815,土地0建物1車位0,十二層,18,套房(1房1廳1衛),住家用,見其他登記事項,0990917,48.67,1,1,1,有,有,有,32000,657,,0.0,0,,RPUOMLLLQHOFFCA68CC
內湖區,建物,臺北市內湖區環山路二段53巷5弄1~30號,0.0,住,,,1080818,土地0建物1車位0,一層,4,公寓(5樓含以下無電梯),住商用,鋼筋混凝土造,0681102,98.8,3,2,2,有,無,無,31500,319,,0.0,0,,RPVOMLLLQHOFFCA78CC
內湖區,建物,臺北市內湖區文德路208巷6弄1~30號,0.0,住,,,1080804,土地0建物1車位1,二層,13,住宅大樓(11層含以上有電梯),住家用,鋼筋混凝土造,0961226,207.64,3,2,2,有,有,有,50000,241,坡道平面,0.0,0,,RPXOMLLLQHOFFCA98CC
內湖區,建物,臺北市內湖區臺北市內湖區成功路四段181~210號,0.0,住,,,1080820,土地0建物1車位0,見其他登記事項,5,店面(店鋪),商業用,鋼筋混凝土造,0701229,105.67999999999999,0,0,0,無,無,無,75000,710,,0.0,0,,RPRPMLLLQHOFFCA48CC
中山區,建物,臺北市中山區臺北市中山區松江路31~60號,0.0,商,,,1080805,土地0建物2車位0,一層,12,店面(店鋪),,鋼筋混凝土造,0670823,147.58,0,0,0,無,無,無,158924,1077,,0.0,0,,RPUPMLLLQHOFFCA78CC
內湖區,建物,臺北市內湖區行善路25巷40弄1~30號,0.0,住,,,1080731,土地0建物1車位0,五層,9,華廈(10層含以下有電梯),住家用,鋼筋混凝土造,0860526,119.54,3,2,1,有,有,有,26000,218,,0.0,0,,RPXQMLLLQHOFFCA56CC
士林區,建物,臺北市士林區忠誠路二段140巷1~30號,0.0,,,,1080819,土地0建物1車位0,一層,5,公寓(5樓含以下無電梯),見使用執照,鋼筋混凝土造,0700403,124.38,3,2,2,有,無,無,50000,402,,0.0,0,,RPQOMLLLQHOFFEA48CC
北投區,房地(土地+建物),臺北市北投區光明路72巷61~90號,91.0,商,,,1080816,土地1建物1車位0,全,2,透天厝,住商用,加強磚造,0500626,164.62,0,0,0,無,無,無,52854,321,,0.0,0,,RPSOMLLLQHOFFEA68CC
士林區,建物,臺北市士林區忠誠路二段1~30號,0.0,住,,,1080801,土地0建物1車位0,十一層,14,住宅大樓(11層含以上有電梯),住家用,鋼筋混凝土造,0751231,189.2,3,2,2,有,有,有,71000,375,,0.0,0,親友、員工或其他特殊關係間之交易。;,RPTOMLLLQHOFFEA78CC
大安區,建物,臺北市大安區復興南路一段121~150號,0.0,商,,,1080730,土地0建物1車位0,十五層,16,辦公商業大樓,住家用,鋼筋混凝土造,0771115,179.73,4,3,1,有,有,有,80000,445,,0.0,0,,RPPNMLLLQHOFFFA38CC
大安區,建物,臺北市大安區復興南路一段61~90號,0.0,住,,,1080730,土地0建物1車位0,十五層,16,住宅大樓(11層含以上有電梯),住家用,鋼筋混凝土造,0701230,126.38,3,2,2,有,有,無,39000,309,,0.0,0,,RPTNMLLLQHOFFFA78CC
大安區,建物,臺北市大安區通化街61~90號,0.0,商,,,1080731,土地0建物1車位0,四層,5,公寓(5樓含以下無電梯),住家用,鋼筋混凝土造,,77.38,4,2,1,有,無,有,22000,284,,0.0,0,,RPOOMLLLQHOFFFA38CC
大安區,建物,臺北市大安區瑞安街142巷1~30號,0.0,住,,,1080802,土地0建物1車位0,二層,13,住宅大樓(11層含以上有電梯),住家用,鋼筋混凝土造,0960623,46.88,2,1,1,有,有,有,34000,725,,0.0,0,租金含管理費,RPTNMLMLQHOFFFA88CC
大安區,建物,臺北市大安區溫州街11巷1~30號,0.0,住,,,1080728,土地0建物1車位0,五層,5,公寓(5樓含以下無電梯),住家用,鋼筋混凝土造,0740114,101.97999999999999,3,2,2,有,無,有,33000,324,,0.0,0,,RPXNMLMLQHOFFFA66CC
大安區,建物,臺北市大安區大安路一段116巷1~30號,0.0,住,,,1080820,土地0建物1車位0,三層,7,華廈(10層含以下有電梯),住家用,鋼筋混凝土造,,103.47,2,2,2,有,無,有,42000,406,,0.0,0,,RPPOMLMLQHOFFFA58CC
大安區,建物,臺北市大安區敦化南路二段37巷1~30號,0.0,住,,,1080805,土地0建物1車位0,一層,5,公寓(5樓含以下無電梯),住家用,鋼筋混凝土造,0730525,190.58,3,2,3,有,無,有,66600,349,,0.0,0,有民情風俗因素之交易。;,RPQOMLMLQHOFFFA68CC
北投區,建物,臺北市北投區明德路1~30號,0.0,住,,,1080810,土地0建物1車位0,四層,15,住宅大樓(11層含以上有電梯),住家用,鋼筋混凝土造,1050425,218.39,3,2,2,有,有,有,85000,389,,0.0,0,親友、員工或其他特殊關係間之交易。;,RPROMLMLQHOFFEA68CC
北投區,建物,臺北市北投區東華街一段481~510號,0.0,住,,,1080820,土地0建物1車位0,十四層,6,住宅大樓(11層含以上有電梯),住家用,鋼筋混凝土造,0950720,146.54000000000002,3,2,2,有,有,有,70000,478,,0.0,0,親友、員工或其他特殊關係間之交易。;,RPSOMLMLQHOFFEA78CC
士林區,建物,臺北市士林區德行東路301~330號,0.0,住,,,1080804,土地0建物1車位0,二層,5,公寓(5樓含以下無電梯),住家用,鋼筋混凝土造,0710707,113.63,3,2,2,有,無,有,28000,246,,0.0,0,,RPOPMLMLQHOFFEA48CC
北投區,建物,臺北市北投區懷德街1~30號,0.0,住,,,1080804,土地0建物1車位0,三層,5,公寓(5樓含以下無電梯),住家用,鋼筋混凝土造,0670117,92.67,3,2,2,有,無,有,26000,281,,0.0,0,,RPPPMLMLQHOFFEA58CC
中山區,建物,臺北市中山區林森北路451~480號,0.0,商,,,1080814,土地0建物1車位0,五層,14,住宅大樓(11層含以上有電梯),見其他登記事項,鋼筋混凝土造,0981106,42.019999999999996,0,0,0,無,無,有,22000,524,,0.0,0,,RPVNMLMLQHOFFCA78CC
內湖區,建物,臺北市內湖區文湖街21巷68弄1~30號,0.0,住,,,1080808,土地0建物1車位1,七層,9,華廈(10層含以下有電梯),住家用,鋼筋混凝土造,0821230,136.76,3,2,2,有,有,無,27000,197,坡道平面,0.0,0,,RPXNMLMLQHOFFCA98CC
中山區,建物,臺北市中山區南京東路三段89巷27弄1~30號,0.0,住,,,1080817,土地0建物1車位0,十五層,17,住宅大樓(11層含以上有電梯),住家用,鋼骨鋼筋混凝土造,0980901,149.85,3,2,2,有,有,有,79000,527,,0.0,0,親友、員工或其他特殊關係間之交易。;,RPROMLMLQHOFFCA48CC
內湖區,建物,臺北市內湖區成功路四段30巷31~60號,0.0,商,,,1080725,土地0建物1車位1,十層,16,住宅大樓(11層含以上有電梯),住家用,鋼筋混凝土造,0781107,159.1,4,2,2,有,有,有,35000,220,坡道平面,0.0,0,,RPVOMLMLQHOFFCA88CC
中山區,建物,臺北市中山區中山北路二段93巷1~30號,0.0,商,,,1080816,土地0建物1車位0,八層,14,住宅大樓(11層含以上有電梯),商業用,鋼筋混凝土造,0920808,33.64,0,0,0,無,無,有,18000,535,,0.0,0,,RPWOMLMLQHOFFCA98CC
中山區,建物,臺北市中山區德惠街1~30號,0.0,商,,,1080818,土地0建物1車位0,五層,10,華廈(10層含以下有電梯),商業用,鋼筋混凝土造,0710419,38.24,0,0,0,無,無,有,15500,405,,0.0,0,,RPXOMLMLQHOFFCA09CC
中山區,建物,臺北市中山區長春路1~30號,0.0,商,,,1080819,土地0建物1車位0,六層,12,住宅大樓(11層含以上有電梯),商業用,鋼筋混凝土造,0731128,61.44,0,0,0,無,無,有,18000,293,,0.0,0,,RPPPMLMLQHOFFCA38CC
中山區,建物,臺北市中山區新生北路二段31~60號,0.0,商,,,1080731,土地0建物1車位0,九層,17,住宅大樓(11層含以上有電梯),住家用,鋼筋混凝土造,0850718,61.16,2,2,1,有,有,有,28000,458,,0.0,0,,RPSPMLMLQHOFFCA68CC
內湖區,房地(土地+建物)+車位,臺北市內湖區堤頂大道二段271~300號,39.05,工,,,1080716,土地1建物1車位1,五層,10,廠辦,工業用,鋼筋混凝土造,0980116,213.92000000000002,0,0,0,無,有,無,87000,407,坡道平面,0.0,3000,此為分租物件（分租坪數：64.71坪）,RPOSMLMLQHOFFCA58CC
中山區,建物,臺北市中山區林森北路361~390號,0.0,商,,,1080722,土地0建物1車位0,十一層,18,住宅大樓(11層含以上有電梯),商業用,鋼筋混凝土造,0980916,80.91,1,1,1,有,有,有,55000,680,,0.0,0,售價包含裝潢或家電。;親友、員工或其他特殊關係間之交易。;,RPPSMLMLQHOFFCA68CC
中山區,建物,臺北市中山區建國北路二段211~240號,0.0,住,,,1080722,土地0建物1車位0,十二層,15,住宅大樓(11層含以上有電梯),住家用,鋼筋混凝土造,0990924,153.52,4,1,2,有,有,有,66500,433,,0.0,0,,RPRSMLMLQHOFFCA88CC
信義區,建物,臺北市信義區信義路五段91~120號,0.0,其他,,,1080802,土地0建物1車位0,三層,19,套房(1房1廳1衛),住家用,鋼筋混凝土造,0980702,47.15,1,1,1,有,有,有,30000,636,,0.0,0,,RPPNMLMLQHOFFDA28CC
南港區,建物,臺北市南港區研究院路二段12巷57弄31~60號,0.0,住,,,1080730,土地0建物0車位0,三層,5,套房(1房1廳1衛),住家用,鋼筋混凝土造,0750805,25.740000000000002,1,0,1,有,無,有,14800,575,,0.0,0,部分承租公設面積無法分算,RPRNMLMLQHOFFDA48CC
信義區,建物,臺北市信義區基隆路二段151~180號,0.0,商,,,1080814,土地0建物1車位0,十層,15,住宅大樓(11層含以上有電梯),住家用,鋼筋混凝土造,0990901,105.66,2,2,1,有,有,有,60000,568,,0.0,0,親友、員工或其他特殊關係間之交易。;,RPSNMLMLQHOFFDA58CC
信義區,建物,臺北市信義區永吉路225巷1弄1~30號,0.0,住,,,1080803,土地0建物1車位0,全,2,透天厝,住家用,加強磚造,,53.12,0,2,1,有,無,有,40000,753,,0.0,0,,RPTNMLMLQHOFFDA68CC
南港區,建物,臺北市南港區研究院路二段12巷57弄31~60號,0.0,住,,,1080728,土地0建物0車位0,三層,5,套房(1房1廳1衛),住家用,鋼筋混凝土造,0750805,22.47,1,0,1,有,無,有,11000,490,,0.0,0,部分承租公設面積無法分算,RPUNMLMLQHOFFDA78CC
南港區,建物,臺北市南港區忠孝東路六段121~150號,0.0,住,,,1080819,土地0建物1車位0,十三層,14,住宅大樓(11層含以上有電梯),住家用,鋼筋混凝土造,1000110,45.29,1,1,1,有,無,有,23000,508,,0.0,0,,RPVNMLMLQHOFFDA88CC
信義區,建物,臺北市信義區松德路151~180號,0.0,住,,,1080816,土地0建物2車位1,三層,21,辦公商業大樓,見使用執照,見其他登記事項,0841212,266.39,7,0,0,有,有,無,120000,450,坡道平面,0.0,0,,RPWNMLMLQHOFFDA98CC
信義區,建物,臺北市信義區信義路四段391~420號,0.0,商,,,1080812,土地0建物1車位0,一層,12,店面(店鋪),商業用,鋼筋混凝土造,,94.66000000000001,0,0,0,無,有,無,37000,391,,0.0,0,,RPUOMLMLQHOFFDA88CC
中正區,建物,臺北市中正區南昌路二段181~210號,0.0,商,,,1080805,土地0建物1車位0,十五層,15,住宅大樓(11層含以上有電梯),見其他登記事項,鋼筋混凝土造,1010727,108.59,2,1,1,有,有,有,45000,414,,0.0,0,親友、員工或其他特殊關係間之交易。;,RPRNMLMLQHOFFAA18CC
文山區,建物,臺北市文山區景福街54巷5弄1~30號,0.0,住,,,1080803,土地0建物1車位0,八層,16,住宅大樓(11層含以上有電梯),國民住宅,鋼筋混凝土造,0880119,124.1,3,2,2,有,有,有,25000,201,,0.0,0,,RPUNMLMLQHOFFAA48CC
中正區,建物,臺北市中正區羅斯福路一段83巷1~30號,0.0,商,,,1080804,土地0建物1車位0,四層,14,套房(1房1廳1衛),住家用,鋼筋混凝土造,0980903,35.599999999999994,0,1,1,有,有,有,25000,702,,0.0,0,租金含管理費。,RPQPMLMLQHOFFAA28CC
大同區,建物,臺北市大同區萬全街1~30號,0.0,商,,,1080702,土地0建物1車位0,一層,15,住宅大樓(11層含以上有電梯),見其他登記事項,鋼筋混凝土造,1041016,57.519999999999996,0,0,0,無,無,無,48000,834,,0.0,0,,RPQNMLMLQHOFFBA18CC
大同區,建物,臺北市大同區市民大道一段181~210號,0.0,其他,,,1080815,土地0建物1車位0,十五層,18,住宅大樓(11層含以上有電梯),住家用,見其他登記事項,0980724,90.25999999999999,2,1,1,有,有,有,60000,665,,0.0,0,,RPROMLNLQHOFFBA48CC
中正區,建物,臺北市中正區博愛路31~60號,0.0,商,,,1080823,土地0建物1車位0,八層,15,辦公商業大樓,見其他登記事項,鋼筋混凝土造,1041008,121.24000000000001,2,1,2,有,有,有,62000,511,,0.0,0,,RPSOMLNLQHOFFBA58CC
萬華區,建物,臺北市萬華區內江街121~150號,0.0,商,,,1080805,土地0建物1車位0,六層,18,住宅大樓(11層含以上有電梯),住家用,鋼筋混凝土造,1040210,110.53,3,2,1,有,有,有,45000,407,,0.0,0,,RPTOMLNLQHOFFBA68CC
大同區,建物,臺北市大同區市民大道一段181~210號,0.0,其他,,,1080805,土地0建物1車位0,十三層,18,住宅大樓(11層含以上有電梯),住家用,見其他登記事項,0980724,74.69,2,1,1,有,有,有,39482,529,,0.0,0,,RPUOMLNLQHOFFBA78CC
大同區,建物,臺北市大同區延平北路二段181~210號,0.0,商,,,1080723,土地0建物1車位0,六層,18,辦公商業大樓,商業用,鋼筋混凝土造,0840213,282.96,0,0,0,無,有,無,86000,304,,0.0,0,,RPPPMLNLQHOFFBA38CC
大同區,建物,臺北市大同區五原路1~30號,0.0,商,,,1080724,土地0建物1車位0,四層,14,住宅大樓(11層含以上有電梯),住家用,鋼筋混凝土造,0981216,116.62,4,1,2,有,有,有,56000,480,,0.0,0,售價包含裝潢或家電。;親友、員工或其他特殊關係間之交易。;,RPRPMLNLQHOFFBA58CC
中正區,建物,臺北市中正區重慶南路一段31~60號,0.0,商,,,1080822,土地0建物1車位0,十四層,14,辦公商業大樓,見使用執照,鋼筋混凝土造,0910723,78.94,1,1,1,有,有,有,38000,481,,0.0,0,,RPSPMLNLQHOFFBA68CC
文山區,建物,臺北市文山區興隆路三段207巷14弄1~30號,0.0,住,,,1080816,土地0建物1車位0,三層,5,公寓(5樓含以下無電梯),住家用,鋼筋混凝土造,0730830,105.06,3,2,1,有,無,無,17000,162,,0.0,0,,RPQOMLNLQHOFFAA28CC
信義區,建物,臺北市信義區永吉路30巷157弄1~30號,0.0,住,,,1080723,土地0建物1車位0,一層,5,店面(店鋪),住家用,鋼筋混凝土造,,66.74,0,0,0,無,無,無,30000,450,,0.0,0,,RPWNMLNLQHOFFDA09CC
松山區,建物,臺北市松山區延壽街402巷4弄1~30號,26.6,住,,,1080731,土地0建物1車位0,一層,5,公寓(5樓含以下無電梯),住家用,鋼筋混凝土造,,99.77,3,2,2,有,無,無,40000,401,,0.0,0,,RPPOMLNLQHOFFDA48CC
南港區,建物,臺北市南港區研究院路一段91~120號,0.0,商,,,1080823,土地0建物1車位0,十六層,18,住宅大樓(11層含以上有電梯),住家用,鋼筋混凝土造,0871109,56.82000000000001,2,1,1,有,有,有,31500,554,,0.0,0,含稅,RPPPMLNLQHOFFDA58CC
松山區,建物,臺北市松山區八德路四段631~660號,0.0,商,,,1080822,土地0建物0車位0,五層,8,華廈(10層含以下有電梯),商業用,鋼筋混凝土造,0670201,22.7,1,0,1,有,無,有,9500,419,,0.0,0,為分租套房，房號505，第五層分成5間，一間平均面積約為22.7平方公尺,RPRPMLNLQHOFFDA78CC
中山區,建物,臺北市中山區吉林路91~120號,0.0,商,,,1080701,土地0建物1車位0,十層,11,住宅大樓(11層含以上有電梯),住家用,鋼筋混凝土造,1041014,59.9,2,1,1,有,有,有,35000,584,,0.0,0,售價包含裝潢或家電。;親友、員工或其他特殊關係間之交易。;,RPPOMLNLQHOFFCA38CC
內湖區,建物,臺北市內湖區行善路361~390號,0.0,其他,,,1080823,土地0建物1車位0,五層,12,其他,見其他登記事項,鋼筋混凝土造,1021017,141.76999999999998,1,1,1,有,有,有,43000,303,,0.0,0,含管理費,RPUOMLNLQHOFFCA88CC
士林區,建物,臺北市士林區福華路141巷1~30號,0.0,住,,,1080801,土地0建物1車位0,一層,4,店面(店鋪),住家用,鋼筋混凝土造,0610713,59.05,0,0,0,無,無,無,38000,644,,0.0,0,,RPTNMLNLQHOFFEA88CC
北投區,建物,臺北市北投區東華街二段1~30號,0.0,住,,,1080709,土地0建物1車位0,二層,12,住宅大樓(11層含以上有電梯),住家用,鋼筋混凝土造,1020923,155.78,3,2,2,有,有,有,55000,353,,0.0,0,,RPWNMLNLQHOFFEA56CC
士林區,建物,臺北市士林區中山北路七段151~180號,0.0,商,,,1080812,土地0建物1車位0,二層,4,套房(1房1廳1衛),住家用,加強磚造,0600831,92.31,1,1,1,有,無,有,15000,162,,0.0,0,承租一間房,RPROMLNLQHOFFEA78CC
北投區,建物,臺北市北投區三合街一段82巷50弄31~60號,0.0,住,,,1080803,土地0建物1車位1,七層,10,華廈(10層含以下有電梯),住家用,鋼筋混凝土造,1070207,241.95999999999998,4,2,2,有,有,無,58000,240,坡道平面,44.25,0,,RPRPMLNLQHOFFEA88CC
大安區,建物,臺北市大安區羅斯福路三段283巷19弄1~30號,0.0,住,,,1080822,土地0建物0車位0,三層,4,公寓(5樓含以下無電梯),,鋼筋混凝土造,,17.86,1,0,1,有,無,有,9500,532,,0.0,0,,RPVNMLNLQHOFFFA56CC
大安區,建物,臺北市大安區新生南路三段91~120號,0.0,商,,,1080725,土地0建物0車位0,見其他登記事項,4,店面(店鋪),,加強磚造,,186.06,0,0,0,無,無,無,150000,806,,0.0,0,租金調整:第1-4年每月15萬，第5-6年每月15.45萬,RPXNMLNLQHOFFFA76CC
中山區,建物,臺北市中山區林森北路301~330號,3.28,商,,,1080806,土地0建物1車位0,四層,15,住宅大樓(11層含以上有電梯),住家用,見其他登記事項,0990409,34.5,1,1,1,有,無,有,15000,435,,0.0,0,,RPQOMLNLQHOFFCA58DC
大安區,建物,臺北市大安區瑞安街208巷31~60號,0.0,住,,,1080820,土地0建物1車位0,四層,7,華廈(10層含以下有電梯),住家用,鋼筋混凝土造,1040511,64.72,2,1,1,有,無,有,40000,618,,0.0,0,,RPQNMLOLQHOFFFA78CC
大安區,建物,臺北市大安區泰順街62巷1~30號,0.0,住,,,1080807,土地0建物1車位0,一層,5,公寓(5樓含以下無電梯),住家用,鋼筋混凝土造,0771129,200.66,4,4,5,有,無,有,100000,498,,0.0,0,,RPRNMLOLQHOFFFA88CC
大安區,建物,臺北市大安區安和路二段61~90號,0.0,住,,,1080816,土地0建物1車位0,十六層,25,住宅大樓(11層含以上有電梯),住家用,鋼筋混凝土造,0780810,230.64000000000001,4,2,2,有,無,有,105000,455,,0.0,0,,RPTNMLOLQHOFFFA09CC
大安區,建物,臺北市大安區復興南路一段361~390號,0.0,商,,,1080819,土地0建物1車位0,二層,12,住宅大樓(11層含以上有電梯),商業用,鋼筋混凝土造,0831124,130.81,3,1,1,有,無,有,54000,413,,0.0,0,,RPVNMLOLQHOFFFA66CC
士林區,建物,臺北市士林區永公路91~120號,0.0,住,,,1080808,土地0建物1車位1,地下五層,5,公寓(5樓含以下無電梯),住家用,鋼筋混凝土造,0640425,178.82,3,2,2,有,無,有,51084,286,坡道平面,0.0,0,,RPPNMLOLQHOFFEA58CC
內湖區,建物,臺北市內湖區舊宗路一段30巷1~30號,0.0,商,,,1080821,土地0建物1車位1,五層,13,住宅大樓(11層含以上有電梯),商業用,鋼筋混凝土造,0960622,204.49,3,2,2,有,無,有,55150,270,坡道平面,36.78,0,,RPPNMLOLQHOFFCA38CC
中山區,建物,臺北市中山區雙城街13巷1~30號,0.0,商,,,1080806,土地0建物1車位0,九層,15,住宅大樓(11層含以上有電梯),住家用,鋼筋混凝土造,1010327,209.63,3,2,2,有,有,有,80000,382,,0.0,0,,RPQNMLOLQHOFFCA48CC
信義區,建物,臺北市信義區松勤街1~30號,0.0,其他,,,1080822,土地0建物2車位0,十九層,19,住宅大樓(11層含以上有電梯),住家用,見其他登記事項,0961225,99.08000000000001,2,2,2,有,無,有,100000,1009,,0.0,0,,RPPNMLOLQHOFFDA48CC
松山區,建物,臺北市松山區八德路二段391~420號,0.0,商,,,1080801,土地0建物1車位0,七層,13,套房(1房1廳1衛),見其他登記事項,鋼筋混凝土造,0950823,38.5,1,1,1,有,有,有,28000,727,,0.0,0,親友、員工或其他特殊關係間之交易。;,RPQNMLOLQHOFFDA58CC
信義區,建物,臺北市信義區信義路六段15巷18弄1~30號,0.0,住,,,1080822,土地0建物1車位0,十四層,15,住宅大樓(11層含以上有電梯),住家用,鋼筋混凝土造,0830910,142.92000000000002,4,2,2,有,無,有,50000,350,,0.0,0,,RPRNMLOLQHOFFDA68CC
信義區,建物,臺北市信義區崇德街151~180號,0.0,住,,,1080817,土地0建物1車位1,五層,5,公寓(5樓含以下無電梯),見其他登記事項,鋼筋混凝土造,1070731,137.75,2,2,1,有,無,有,50000,363,坡道平面,31.76,0,,RPSNMLOLQHOFFDA78CC
松山區,建物,臺北市松山區民權東路三段106巷3弄61~90號,0.0,住,,,1080816,土地0建物1車位0,二層,7,華廈(10層含以下有電梯),住家用,鋼筋混凝土造,0740301,124.06,3,2,2,有,有,有,60000,484,,0.0,0,,RPUNMLOLQHOFFDA98CC
中正區,建物,臺北市中正區寧波西街31~60號,0.0,住,,,1080815,土地0建物1車位1,五層,12,住宅大樓(11層含以上有電梯),商業用,鋼筋混凝土造,0860610,177.60999999999999,3,2,2,有,有,有,60000,389,坡道平面,36.34,5000,,RPQNMLOLQHOFFAA28CC
大同區,建物,臺北市大同區市民大道一段181~210號,0.0,其他,,,1080806,土地0建物1車位0,十七層,18,住宅大樓(11層含以上有電梯),住家用,見其他登記事項,0980724,100.46000000000001,2,2,1,有,有,有,48960,487,,0.0,0,,RPSNMLOLQHOFFBA58CC
大同區,建物,臺北市大同區承德路一段24巷1~30號,0.0,商,,,1080822,土地0建物0車位0,二層,4,公寓(5樓含以下無電梯),,加強磚造,,27.74,1,0,1,有,無,有,13800,497,,0.0,0,,RPVOMLQLQHOFFBA56CC
信義區,建物,臺北市信義區信義路五段91巷1~30號,0.0,其他,,,1080716,土地0建物1車位2,二十三層,27,住宅大樓(11層含以上有電梯),住家用,鋼骨鋼筋混凝土造,0960621,374.28,4,2,3,有,有,無,157459,421,坡道平面,65.62,0,,RPOPMLQLQHOFFDA78CC
信義區,建物,臺北市信義區基隆路一段121~150號,0.0,住,,,1080824,土地0建物1車位0,五層,13,住宅大樓(11層含以上有電梯),見其他登記事項,鋼筋混凝土造,0950802,33.1,1,1,1,有,有,有,26000,785,,0.0,0,,RPQPMLQLQHOFFDA98CC
信義區,建物,臺北市信義區莊敬路341巷1~30號,0.0,住,,,1080731,土地0建物1車位0,一層,7,店面(店鋪),商業用,鋼筋混凝土造,0721219,55.09,0,1,1,有,無,有,29800,541,,0.0,0,,RPXPMLQLQHOFFDA07CC
信義區,建物,臺北市信義區忠孝東路五段61~90號,0.0,住,,,1080802,土地0建物1車位0,四層,12,店面(店鋪),見其他登記事項,鋼筋混凝土造,0720406,137.95999999999998,3,2,1,有,有,無,67000,486,,0.0,0,,RPPQMLQLQHOFFDA98CC
中山區,建物,臺北市中山區撫順街1~30號,0.0,商,,,1080821,土地0建物1車位0,十二層,15,住宅大樓(11層含以上有電梯),住家用,鋼筋混凝土造,1000630,108.07999999999998,2,1,1,有,有,有,60000,555,,0.0,0,,RPVNMLQLQHOFFCA56CC
內湖區,建物,臺北市內湖區成功路四段181~210號,0.0,其他,,,1080716,土地0建物1車位0,九層,15,住宅大樓(11層含以上有電梯),見其他登記事項,鋼筋混凝土造,1050616,67.56,0,0,0,無,有,有,38000,562,,0.0,0,,RPXNMLQLQHOFFCA76CC
中山區,建物,臺北市中山區松江路77巷1~30號,0.0,商,,,1080820,土地0建物1車位0,五層,11,套房(1房1廳1衛),商業用,鋼筋混凝土造,0931224,44.63,1,1,1,有,有,有,32000,717,,0.0,0,,RPROMLQLQHOFFCA88CC
內湖區,房地(土地+建物)+車位,臺北市內湖區民權東路六段280巷1~30號,36.46,住,,,1080710,土地1建物1車位1,三層,11,住宅大樓(11層含以上有電梯),住家用,鋼筋混凝土造,0930927,203.22,4,2,2,有,有,有,52000,256,坡道平面,38.48,0,,RPSOMLQLQHOFFCA98CC
內湖區,建物,臺北市內湖區內湖路一段721~750號,0.0,商,,,1080716,土地0建物1車位0,一層,5,店面(店鋪),商業用,鋼筋混凝土造,0690415,116.61,0,0,0,無,無,無,165000,1415,,0.0,0,,RPTOMLQLQHOFFCA09CC
中山區,建物,臺北市中山區撫順街1~30號,0.0,商,,,1080822,土地0建物1車位0,六層,15,住宅大樓(11層含以上有電梯),住家用,鋼筋混凝土造,1000630,112.0,2,1,1,有,有,有,56000,500,,0.0,0,親友、員工或其他特殊關係間之交易。;,RPUOMLQLQHOFFCA56CC
內湖區,建物,臺北市內湖區基湖路10巷1~30號,0.0,其他,,,1080805,土地0建物1車位5,五層,10,廠辦,見其他登記事項,鋼筋混凝土造,1070413,941.88,0,0,0,無,有,無,430000,507,坡道平面,133.1,20000,,RPRPMLQLQHOFFCA98CC
內湖區,建物,臺北市內湖區成功路四段31~60號,0.0,商,,,1080820,土地0建物1車位0,一層,14,店面(店鋪),住家用,鋼筋混凝土造,0721024,125.63999999999999,0,0,0,無,有,無,210000,1671,,0.0,0,,RPWPMLQLQHOFFCA86CC
內湖區,建物,臺北市內湖區行善路241~270號,0.0,其他,,,1080813,土地0建物1車位1,四層,15,住宅大樓(11層含以上有電梯),住家用,鋼筋混凝土造,0990329,240.35,4,2,2,有,有,有,63000,262,坡道平面,27.18,0,,RPXPMLQLQHOFFCA96CC
內湖區,建物,臺北市內湖區新湖一路91~120號,66.9,工,,,1080821,土地0建物1車位0,二層,7,廠辦,見其他登記事項,鋼筋混凝土造,1010626,576.76,0,0,0,無,無,無,157000,272,,0.0,0,,RPPQMLQLQHOFFCA88CC
北投區,建物,臺北市北投區中央北路二段181~210號,0.0,住,,,1080806,土地0建物1車位0,四層,8,華廈(10層含以下有電梯),住家用,鋼筋混凝土造,0831210,82.06,2,2,1,有,有,有,20000,244,,0.0,0,,RPVPMLQLQHOFFEA96CC
大安區,建物,臺北市大安區延吉街91~120號,0.0,商,,,1080814,土地0建物1車位0,六層,7,華廈(10層含以下有電梯),住家用,鋼筋混凝土造,0750522,51.17,2,1,1,有,有,有,25000,489,,0.0,0,,RPROMLQLQHOFFFA56CC
大安區,建物,臺北市大安區復興南路一段301~330號,0.0,商,,,1080806,土地0建物1車位0,五層,10,辦公商業大樓,商業用,鋼筋混凝土造,,51.050000000000004,0,1,1,有,有,有,26000,509,,0.0,0,,RPTOMLQLQHOFFFA76CC
大安區,建物,臺北市大安區仁愛路四段122巷1~30號,94.4,住,,,1080723,土地0建物1車位0,一層,7,店面(店鋪),住家用,鋼筋混凝土造,0700722,252.14,0,0,0,無,有,無,138000,547,,0.0,0,,RPVNMLRLQHOFFFA96CC
大安區,建物,臺北市大安區復興南路二段160巷1~30號,0.0,商,,,1080722,土地0建物1車位0,四層,15,住宅大樓(11層含以上有電梯),住家用,鋼骨鋼筋混凝土造,1080116,79.32,2,2,1,有,有,無,40000,504,,0.0,0,,RPPOMLRLQHOFFFA09CC
大安區,建物,臺北市大安區復興南路二段151巷31~60號,0.0,住,,,1080719,土地0建物1車位0,二層,17,住宅大樓(11層含以上有電梯),住家用,鋼筋混凝土造,0740522,103.1,3,2,1,有,有,有,30000,291,,0.0,0,售價包含裝潢或家電。;,RPROMLRLQHOFFFA66CC
大安區,建物,臺北市大安區復興南路一段121~150號,0.0,商,,,1080824,土地0建物1車位0,四層,10,華廈(10層含以下有電梯),住家用,鋼筋混凝土造,0950424,42.519999999999996,1,1,1,有,無,有,26000,611,,0.0,0,,RPTOMLRLQHOFFFA86CC
大安區,建物,臺北市大安區復興南路一段331~360號,0.0,商,,,1080823,土地0建物1車位0,四層,12,住宅大樓(11層含以上有電梯),住家用,鋼筋混凝土造,,150.84,2,1,2,有,無,有,45408,301,,0.0,0,,RPUOMLRLQHOFFFA96CC
大安區,車位,臺北市大安區復興南路二段160巷1~30號,0.0,住,,,1080716,土地0建物0車位1,,,其他,,,,37.38,0,0,0,有,有,無,7000,,坡道平面,37.38,7000,,RPSPMLRLQHOFFFA86CC
大安區,建物,臺北市大安區敦化南路一段233巷31~60號,0.0,住,,,1080729,土地0建物1車位0,二層,10,套房(1房1廳1衛),住家用,鋼筋混凝土造,0760709,43.56,0,1,1,有,有,有,25000,574,,0.0,0,,RPPQMLRLQHOFFFA66CC
北投區,建物,臺北市北投區大度路三段270巷61~90號,0.0,其他,,,1080827,土地0建物1車位0,六層,19,辦公商業大樓,見其他登記事項,鋼筋混凝土造,1010217,98.94,1,1,1,有,有,有,25596,259,,0.0,0,,RPXNMLRLQHOFFEA07CC
士林區,建物,臺北市士林區中山北路六段195巷1~30號,0.0,住,,,1080817,土地0建物1車位0,十二層,14,住宅大樓(11層含以上有電梯),住家用,鋼筋混凝土造,0970506,85.38,2,2,1,有,有,有,50000,586,,0.0,0,,RPPOMLRLQHOFFEA98CC
北投區,建物,臺北市北投區中和街493巷1~30號,0.0,住,,,1080825,土地0建物0車位0,三層,5,公寓(5樓含以下無電梯),住家用,鋼筋混凝土造,0711227,21.99,1,0,1,有,無,有,7300,332,,0.0,0,此為分租套房，房號302，第三層共分4間，一間面積約為21.99平方公尺。,RPWOMLRLQHOFFEA07CC
北投區,建物,臺北市北投區致遠一路一段1~30號,0.0,住,,,1080826,土地0建物0車位0,二層,4,公寓(5樓含以下無電梯),住家用,鋼筋混凝土造,0640305,28.61,1,0,1,有,無,有,13000,454,,0.0,0,此為分租套房，房號202，第二層共分3間，一間平均面積約為28.61平方公尺。,RPSPMLRLQHOFFEA76CC
中山區,建物,臺北市中山區吉林路61~90號,0.0,商,,,1080731,土地0建物0車位0,五層,6,辦公商業大樓,商業用,鋼筋混凝土造,,336.5,0,0,0,無,有,無,132300,393,,0.0,0,,RPPNMLRLQHOFFCA68CC
中山區,建物,臺北市中山區長春路258巷1~30號,0.0,其他,,,1080822,土地0建物1車位0,六層,10,套房(1房1廳1衛),商業用,鋼筋混凝土造,0850924,35.089999999999996,1,1,1,有,有,有,17000,484,,0.0,0,,RPPPMLRLQHOFFCA88CC
中山區,建物,臺北市中山區德惠街1~30號,0.0,商,,,1080824,土地0建物1車位0,八層,10,華廈(10層含以下有電梯),住家用,鋼筋混凝土造,0710419,38.24,0,0,0,無,無,有,14500,379,,0.0,0,,RPRPMLRLQHOFFCA09CC
中山區,建物,臺北市中山區長安東路一段53巷1~30號,0.0,商,,,1080826,土地0建物1車位0,三層,7,華廈(10層含以下有電梯),住家用,鋼筋混凝土造,0761223,71.4,2,1,1,有,無,有,23000,322,,0.0,0,,RPSPMLRLQHOFFCA56CC
中山區,建物,臺北市中山區北安路573巷2弄1~30號,0.0,住,,,1080808,土地0建物1車位0,四層,4,公寓(5樓含以下無電梯),住家用,鋼筋混凝土造,0620511,92.45,2,2,2,有,有,無,23000,249,,0.0,0,,RPUPMLRLQHOFFCA76CC
中山區,建物,臺北市中山區長春路121~150號,0.0,商,,,1080823,土地0建物0車位0,三層,4,公寓(5樓含以下無電梯),住家用,加強磚造,0560823,27.78,1,0,1,有,無,有,13000,468,,0.0,0,,RPXPMLRLQHOFFCA07CC
內湖區,建物,臺北市內湖區民權東路六段180巷1~30號,0.0,商,,,1080802,土地0建物1車位0,八層,12,辦公商業大樓,商業用,鋼筋混凝土造,0881102,65.88,0,0,1,有,有,無,23000,349,,0.0,0,,RPORMLRLQHOFFCA98CC
內湖區,建物,臺北市內湖區民權東路六段180巷1~30號,0.0,商,,,1080812,土地0建物1車位0,十一層,12,辦公商業大樓,商業用,鋼筋混凝土造,0881102,66.31,0,0,1,有,有,有,23000,347,,0.0,0,,RPQRMLRLQHOFFCA56CC
內湖區,建物,臺北市內湖區東湖路1~30號,0.0,商,,,1080821,土地0建物1車位0,一層,5,店面(店鋪),商業用,鋼筋混凝土造,0750621,105.95,0,0,0,無,無,無,160000,1510,,0.0,0,,RPRRMLRLQHOFFCA66CC
中山區,建物,臺北市中山區松江路362巷61~90號,0.0,商,,,1080824,土地0建物0車位0,五層,5,公寓(5樓含以下無電梯),住家用,鋼筋混凝土造,0730914,24.47,1,0,1,有,無,有,12750,521,,0.0,0,,RPPSMLRLQHOFFCA56CC
中山區,建物,臺北市中山區長安東路二段31~60號,0.0,商,,,1080823,土地0建物0車位0,四層,4,公寓(5樓含以下無電梯),,加強磚造,,41.48,2,1,1,有,無,有,26100,629,,0.0,0,,RPUSMLRLQHOFFCA07CC
中山區,建物,臺北市中山區南京東路三段121~150號,0.0,商,,,1080826,土地0建物0車位0,二層,4,公寓(5樓含以下無電梯),,加強磚造,,24.97,1,0,1,有,無,有,11300,453,,0.0,0,,RPQTMLRLQHOFFCA76CC
松山區,建物,臺北市松山區光復北路210巷31~60號,0.0,住,,,1080805,土地0建物1車位0,一層,13,住宅大樓(11層含以上有電梯),見其他登記事項,鋼筋混凝土造,0910307,115.19999999999999,2,1,1,有,有,有,32000,278,,0.0,0,,RPQOMLRLQHOFFDA98CC
松山區,建物,臺北市松山區八德路四段511~540號,0.0,商,,,1080819,土地0建物1車位0,十二層,13,住宅大樓(11層含以上有電梯),住家用,鋼筋混凝土造,0910612,132.11,3,2,2,有,有,有,59000,447,,0.0,0,親友、員工或其他特殊關係間之交易。;,RPUOMLRLQHOFFDA76CC
南港區,建物,臺北市南港區重陽路125巷36弄31~60號,0.0,住,,,1080808,土地0建物1車位0,四層,9,華廈(10層含以下有電梯),住家用,鋼筋混凝土造,0980921,199.73999999999998,3,2,2,有,無,有,61000,305,,0.0,0,,RPXOMLRLQHOFFDA07CC
信義區,建物,臺北市信義區松勤街1~30號,0.0,其他,,,1080820,土地0建物1車位0,十五層,19,住宅大樓(11層含以上有電梯),住家用,見其他登記事項,0961225,47.989999999999995,0,0,0,無,無,有,36000,750,,0.0,0,,RPOPMLRLQHOFFDA88CC
信義區,建物,臺北市信義區吳興街284巷39弄1~30號,0.0,住,,,1080822,土地0建物1車位0,二層,5,公寓(5樓含以下無電梯),住家用,鋼筋混凝土造,0760916,109.52,5,1,2,有,無,有,50000,457,,0.0,0,,RPQPMLRLQHOFFDA09CC
南港區,建物,臺北市南港區重陽路271~300號,0.0,工,,,1080814,土地0建物1車位4,十層,12,廠辦,見其他登記事項,鋼筋混凝土造,1030328,809.5,0,0,0,無,有,無,321593,397,坡道平面,66.28,0,租金含稅。,RPSPMLRLQHOFFDA66CC
松山區,建物,臺北市松山區南京東路五段121~150號,0.0,商,,,1080824,土地0建物0車位0,二層,4,公寓(5樓含以下無電梯),商業用,鋼筋混凝土造,0610915,27.83,1,0,1,有,無,有,18000,647,,0.0,0,此為分租套房，房號204，第二層共分4間，一間平均面積約為27.83平方公尺。,RPWPMLRLQHOFFDA07CC
松山區,建物,臺北市松山區南京東路五段121~150號,0.0,商,,,1080825,土地0建物0車位0,二層,4,公寓(5樓含以下無電梯),商業用,鋼筋混凝土造,0610915,27.83,1,0,1,有,無,有,15000,539,,0.0,0,此為分租套房，房號203，第二層共分4間，一間面積約為27.83平方公尺。,RPOQMLRLQHOFFDA98CC
南港區,建物,臺北市南港區東明街78巷1~30號,0.0,住,,,1080808,土地0建物1車位0,二層,4,公寓(5樓含以下無電梯),住家用,鋼筋混凝土造,,90.39,3,2,1,有,無,有,18000,199,,0.0,0,,RPWQMLRLQHOFFDA17CC
萬華區,建物,臺北市萬華區康定路31~60號,0.0,商,,,1080807,土地0建物1車位1,四層,15,住宅大樓(11層含以上有電梯),住家用,鋼筋混凝土造,1000422,180.03,3,2,2,有,有,有,41000,228,坡道機械,11.43,0,,RPROMLRLQHOFFBA88CC
中正區,建物,臺北市中正區信義路一段1~30號,0.0,住,,,1080823,土地0建物1車位0,,12,住宅大樓(11層含以上有電梯),住家用,鋼筋混凝土造,0850528,161.72,3,2,2,有,無,有,85000,526,,0.0,0,,RPVOMLRLQHOFFBA66CC
文山區,建物,臺北市文山區景興路177巷1~30號,0.0,住,,,1080824,土地0建物0車位0,七層,8,華廈(10層含以下有電梯),住家用,鋼筋混凝土造,0850806,27.150000000000002,1,0,1,有,無,有,7500,276,,0.0,0,此為分租套房，房號702，第七層共分成4間，一間平均面積約為27.15平方公尺,RPUNMLRLQHOFFAA98CC
中正區,建物,臺北市中正區金華街32巷2弄1~30號,0.0,住,,,1080813,土地0建物1車位0,四層,7,華廈(10層含以下有電梯),住家用,鋼筋混凝土造,0730426,118.11000000000001,3,1,1,有,有,無,30000,254,,0.0,0,,RPXNMLRLQHOFFAA66CC
文山區,建物,臺北市文山區興隆路二段154巷1~30號,0.0,住,,,1080827,土地0建物0車位0,三層,4,公寓(5樓含以下無電梯),,鋼筋混凝土造,,20.35,1,0,1,有,無,有,8800,432,,0.0,0,此為分租套房，房號303，第三層共分成5間，一間平均面積約為20.35平方公尺,RPXOMLSLQHOFFAA86CC
萬華區,建物,臺北市萬華區西寧南路31~60號,0.0,商,,,1080731,土地0建物1車位0,全,4,透天厝,,加強磚造,,308.96,0,0,0,無,無,無,500000,1618,,0.0,0,,RPTNMLSLQHOFFBA09CC
大同區,建物,臺北市大同區南京西路61~90號,0.0,商,,,1080809,土地0建物1車位0,六層,15,住宅大樓(11層含以上有電梯),住家用,鋼筋混凝土造,0951115,42.22,1,1,1,有,有,有,23000,545,,0.0,0,,RPVNMLSLQHOFFBA66CC
萬華區,建物,臺北市萬華區西園路二段281巷1~30號,0.0,住,,,1080827,土地0建物0車位0,二層,4,公寓(5樓含以下無電梯),住家用,鋼筋混凝土造,0850718,40.01,1,0,1,有,無,有,13500,337,,0.0,0,此為分租套房，房號201，第二層共分成2間，一間平均面積約為40.01平方公尺,RPVOMLSLQHOFFBA76CC
大同區,建物,臺北市大同區民生西路211~240號,0.0,商,,,1080828,土地0建物1車位0,八層,9,華廈(10層含以下有電梯),住家用,鋼筋混凝土造,0840821,29.78,1,0,1,有,有,有,10000,336,,0.0,0,台北市都發局社會住宅包租代管計畫,RPPPMLSLQHOFFBA88CC
南港區,建物,臺北市南港區東明街1~30號,0.0,住,,,1080811,土地0建物1車位0,見其他登記事項,4,店面(店鋪),住家用,鋼筋混凝土造,,40.42,1,1,1,有,無,無,28000,693,,0.0,0,有民情風俗因素之交易。;,RPQNMLSLQHOFFDA98CC
松山區,建物,臺北市松山區民生東路三段113巷7弄1~30號,0.0,住,,,1080813,土地0建物0車位0,七層,7,華廈(10層含以下有電梯),住家用,鋼筋混凝土造,0680306,33.11,5,1,5,有,有,有,20000,604,,0.0,0,,RPRNMLSLQHOFFDA09CC
信義區,建物,臺北市信義區基隆路一段1~30號,0.0,住,,,1080813,土地0建物1車位0,二層,13,住宅大樓(11層含以上有電梯),住家用,鋼筋混凝土造,1021107,76.48,2,2,2,有,有,有,30000,392,,0.0,0,,RPSNMLSLQHOFFDA56CC
信義區,建物,臺北市信義區松勤街1~30號,0.0,其他,,,1080806,土地0建物1車位0,十二層,19,住宅大樓(11層含以上有電梯),住家用,見其他登記事項,0961225,64.5,1,1,1,有,無,有,46000,713,,0.0,0,,RPTOMLSLQHOFFDA76CC
信義區,建物,臺北市信義區基隆路一段121~150號,0.0,住,,,1080826,土地0建物1車位0,,13,住宅大樓(11層含以上有電梯),住家用,見其他登記事項,0950126,99.5,0,0,0,無,有,有,45000,452,,0.0,0,,RPVOMLSLQHOFFDA96CC
中山區,建物,臺北市中山區天祥路1~30號,0.0,住,,,1080822,土地0建物1車位0,三層,12,住宅大樓(11層含以上有電梯),住家用,鋼筋混凝土造,1050914,44.81,1,1,1,有,有,有,30000,669,,0.0,0,親友、員工或其他特殊關係間之交易。;,RPROMLSLQHOFFCA09CC
中山區,建物,臺北市中山區建國北路二段31~60號,0.0,住,,,1080826,土地0建物1車位0,十層,15,住宅大樓(11層含以上有電梯),住家用,鋼筋混凝土造,0770524,74.78999999999999,2,1,1,有,有,有,27000,361,,0.0,0,,RPXOMLSLQHOFFCA07CC
中山區,建物,臺北市中山區中山北路二段93巷1~30號,0.0,商,,,1080722,土地0建物1車位0,八層,9,華廈(10層含以下有電梯),住家用,鋼筋混凝土造,0890815,66.37,2,2,1,有,有,無,22000,331,,0.0,0,,RPQPMLSLQHOFFCA09CC
中山區,建物,臺北市中山區敬業二路69巷1~30號,0.0,商,,,1080814,土地0建物1車位1,二層,8,辦公商業大樓,商業用,鋼筋混凝土造,0921121,71.15,2,1,1,有,有,無,32500,457,升降機械,19.28,0,,RPVPMLSLQHOFFCA96CC
中山區,建物,臺北市中山區新生北路二段31~60號,0.0,商,,,1080814,土地0建物1車位0,十二層,17,住宅大樓(11層含以上有電梯),住家用,鋼筋混凝土造,0850718,78.9,2,2,1,有,有,有,40000,507,,0.0,0,,RPRQMLSLQHOFFCA66CC
中山區,建物,臺北市中山區民權東路三段31~60號,0.0,商,,,1080625,土地0建物1車位0,一層,4,店面(店鋪),住家用,鋼筋混凝土造,0650219,92.2,0,0,0,無,無,有,80032,868,,0.0,0,,RPTQMLSLQHOFFCA86CC
中山區,建物,臺北市中山區北安路781~810號,0.0,住,,,1080813,土地0建物1車位0,九層,14,住宅大樓(11層含以上有電梯),住家用,鋼筋混凝土造,1020904,74.97,2,2,1,有,有,有,30000,400,,0.0,0,,RPPSMLSLQHOFFCA66CC
士林區,建物,臺北市士林區德行東路104巷11弄1~30號,0.0,住,,,1080731,土地0建物1車位0,五層,5,公寓(5樓含以下無電梯),住家用,鋼筋混凝土造,0710428,88.93,3,2,2,有,有,無,23000,259,,0.0,0,,RPRNMLSLQHOFFEA56CC
北投區,建物,臺北市北投區中和街292巷1~30號,0.0,商,,,1080823,土地0建物1車位0,全,3,透天厝,住家用,加強磚造,0570221,124.96,0,0,0,無,無,無,50000,400,,0.0,0,,RPSOMLSLQHOFFEA76CC
北投區,建物,臺北市北投區尊賢街245巷1~30號,0.0,住,,,1080719,土地0建物1車位0,一層,4,店面(店鋪),住家用,鋼筋混凝土造,0611101,84.0,1,1,1,有,無,有,30000,357,,0.0,0,,RPTOMLSLQHOFFEA86CC
士林區,建物,臺北市士林區天玉街1~30號,0.0,,,,1080720,土地0建物1車位1,,7,華廈(10層含以下有電梯),住家用,鋼筋混凝土造,0840307,241.48000000000002,4,2,2,有,有,無,78000,323,坡道平面,0.0,0,,RPTPMLSLQHOFFEA96CC
士林區,建物,臺北市士林區中山北路五段511~540號,0.0,,,,1080720,土地0建物1車位2,,12,辦公商業大樓,見其他登記事項,見其他登記事項,1040518,560.67,0,0,0,無,有,無,150000,268,坡道平面,0.0,0,,RPUPMLSLQHOFFEA07CC
大安區,建物,臺北市大安區建國南路一段301~330號,0.0,住,,,1080811,土地0建物1車位0,十三層,14,住宅大樓(11層含以上有電梯),住家用,鋼筋混凝土造,0750520,92.02,2,2,1,有,有,有,30000,326,,0.0,0,,RPQNMLSLQHOFFFA56CC
大安區,建物,臺北市大安區仁愛路三段118巷12弄1~30號,0.0,住,,,1080808,土地0建物1車位0,二層,6,華廈(10層含以下有電梯),住家用,鋼筋混凝土造,,136.79,2,2,2,有,無,有,55000,402,,0.0,0,,RPXNMLSLQHOFFFA27CC
大安區,建物,臺北市大安區復興南路二段151巷1~30號,0.0,商,,,1080820,土地0建物1車位0,二層,8,華廈(10層含以下有電梯),商業用,鋼筋混凝土造,,122.83000000000001,0,0,0,無,無,無,56760,462,,0.0,0,,RPTNMLTLQHOFFFA96CC
大安區,建物,臺北市大安區潮州街91~120號,0.0,住,,,1080826,土地0建物1車位0,四層,7,華廈(10層含以下有電梯),住家用,鋼筋混凝土造,0720207,133.85,3,2,2,有,無,有,34000,254,,0.0,0,,RPSOMLTLQHOFFFA96CC
北投區,建物,臺北市北投區中央北路二段301~330號,0.0,住,,,1080827,土地0建物1車位0,二層,5,公寓(5樓含以下無電梯),住家用,鋼筋混凝土造,0720802,95.86,3,2,2,有,無,無,22500,235,,0.0,0,,RPVNMLTLQHOFFEA07CC
北投區,建物,臺北市北投區懷德街1~30號,0.0,住,,,1080810,土地0建物1車位0,四層,4,公寓(5樓含以下無電梯),住家用,鋼筋混凝土造,0651214,97.49,3,2,2,有,無,有,21000,215,,0.0,0,,RPWNMLTLQHOFFEA17CC
士林區,建物,臺北市士林區天玉街38巷1~30號,0.0,住,,,1080814,土地0建物1車位0,四層,7,華廈(10層含以下有電梯),住家用,鋼筋混凝土造,0690703,137.57999999999998,3,2,2,有,無,有,48000,349,,0.0,0,,RPQOMLTLQHOFFEA66CC
士林區,房地(土地+建物),臺北市士林區天母東路31~60號,26.67,商,,,1080828,土地1建物1車位0,二層,5,公寓(5樓含以下無電梯),商業用,鋼筋混凝土造,0671117,118.08,0,0,0,無,無,無,50000,423,,0.0,0,,RPROMLTLQHOFFEA76CC
中山區,建物,臺北市中山區長安東路二段61~90號,0.0,商,,,1080709,土地0建物1車位0,八層,12,辦公商業大樓,商業用,鋼筋混凝土造,0720719,59.800000000000004,0,0,0,無,有,無,23839,399,,0.0,0,,RPVNMLTLQHOFFCA86CC
中山區,房地(土地+建物),臺北市中山區南京東路二段121~150號,25.34,商,,,1080822,土地1建物1車位0,五層,14,辦公商業大樓,商業用,鋼筋混凝土造,0670810,271.51,0,0,0,無,有,無,148000,545,,0.0,0,1.承租方共2間公司，共同承租。2.月租含加值型營業稅,RPWNMLTLQHOFFCA96CC
中山區,房地(土地+建物),臺北市中山區松江路211~240號,50.0,其他,,,1080813,土地1建物1車位0,六層,18,辦公商業大樓,見其他登記事項,鋼骨鋼筋混凝土造,1030703,541.88,0,0,0,無,有,無,442584,817,,0.0,0,租金含加值型營業稅外由甲方向乙方收取後，依法轉繳稅捐機關,RPOOMLTLQHOFFCA88CC
中山區,建物,臺北市中山區長安東路二段31~60號,0.0,商,,,1080709,土地0建物1車位0,十層,11,辦公商業大樓,商業用,鋼筋混凝土造,0640203,52.49,0,0,0,無,有,無,26250,500,,0.0,0,,RPUOMLTLQHOFFCA86CC
內湖區,建物,臺北市內湖區瑞光路181~210號,0.0,工,,,1080731,土地0建物1車位4,九層,12,廠辦,工業用,鋼筋混凝土造,0900402,533.78,0,0,0,無,有,無,222247,416,坡道平面,160.0,0,,RPVOMLTLQHOFFCA96CC
中山區,建物,臺北市中山區敬業一路181~210號,0.0,商,,,1080710,土地0建物1車位0,九層,9,其他,見其他登記事項,鋼筋混凝土造,0970422,57.09,1,1,1,有,有,有,32000,561,,0.0,0,,RPXOMLTLQHOFFCA17CC
內湖區,建物,臺北市內湖區行善路391~420號,0.0,工,,,1080722,土地0建物1車位6,四層,9,辦公商業大樓,見其他登記事項,鋼筋混凝土造,1010815,985.88,0,0,0,無,有,有,231000,234,坡道平面,198.84,0,,RPOPMLTLQHOFFCA98CC
內湖區,建物,臺北市內湖區內湖路一段629巷33弄1~30號,0.0,住,,,1080717,土地0建物2車位0,見其他登記事項,5,店面(店鋪),住家用,鋼筋混凝土造,0701229,225.3,0,0,0,無,無,無,48000,213,,0.0,0,,RPQPMLTLQHOFFCA56CC
中山區,建物,臺北市中山區新生北路二段68巷1~30號,0.0,商,,,1080826,土地0建物1車位0,六層,12,住宅大樓(11層含以上有電梯),住家用,見其他登記事項,1050602,78.44,2,1,1,有,無,有,47000,599,,0.0,0,,RPSPMLTLQHOFFCA76CC
中山區,建物,臺北市中山區民權東路二段31~60號,0.0,商,,,1080828,土地0建物1車位2,九層,12,住宅大樓(11層含以上有電梯),住家用,鋼筋混凝土造,1020206,161.17000000000002,3,2,2,有,有,有,75000,465,坡道平面,0.0,0,,RPUPMLTLQHOFFCA96CC
中山區,建物,臺北市中山區新生北路二段61~90號,0.0,住,,,1080827,土地0建物1車位0,六層,7,華廈(10層含以下有電梯),住家用,鋼筋混凝土造,0680301,26.509999999999998,0,0,0,無,無,有,15000,566,,0.0,0,,RPVPMLTLQHOFFCA07CC
中山區,建物,臺北市中山區中山北路二段72巷1~30號,0.0,商,,,1080710,土地0建物1車位1,四層,10,套房(1房1廳1衛),住家用,鋼筋混凝土造,0970429,51.28,1,1,1,有,無,有,25000,488,坡道平面,0.0,0,,RPPQMLTLQHOFFCA56CC
中山區,建物,臺北市中山區松江路362巷31~60號,0.0,商,,,1080825,土地0建物0車位0,二層,3,公寓(5樓含以下無電梯),,加強磚造,,19.57,1,0,1,有,無,有,10500,537,,0.0,0,,RPQQMLTLQHOFFCA66CC
中山區,建物,臺北市中山區民生東路二段1~30號,0.0,商,,,1080713,土地0建物1車位0,十三層,14,住宅大樓(11層含以上有電梯),見其他登記事項,鋼筋混凝土造,1021112,194.99,4,2,2,有,無,有,87000,446,,0.0,0,,RPRQMLTLQHOFFCA76CC
中山區,建物,臺北市中山區中山北路一段105巷1~30號,0.0,商,,,1080823,土地0建物0車位0,四層,4,公寓(5樓含以下無電梯),,加強磚造,,25.12,1,0,1,有,無,有,12000,478,,0.0,0,,RPTQMLTLQHOFFCA96CC
內湖區,建物,臺北市內湖區民權東路六段123巷34弄1~30號,0.0,商,,,1080730,土地0建物1車位0,,12,店面(店鋪),商業用,鋼筋混凝土造,0910510,70.93,0,0,0,無,有,無,35000,493,,0.0,0,,RPUQMLTLQHOFFCA07CC
中山區,建物,臺北市中山區林森北路361~390號,0.0,商,,,1080807,土地0建物1車位0,九層,18,住宅大樓(11層含以上有電梯),商業用,鋼筋混凝土造,0980916,144.07,2,2,2,有,有,有,80000,555,,0.0,0,,RPXQMLTLQHOFFCA37CC
內湖區,建物,臺北市內湖區內湖路一段691~720號,0.0,商,,,1080718,土地0建物1車位1,,14,住宅大樓(11層含以上有電梯),住家用,鋼筋混凝土造,1001028,270.24,4,2,3,有,有,有,95000,352,坡道平面,29.45,0,,RPQRMLTLQHOFFCA76CC
中山區,建物,臺北市中山區民生東路一段61~90號,0.0,商,,,1080806,土地0建物1車位0,四層,12,住宅大樓(11層含以上有電梯),商業用,鋼筋混凝土造,0700423,130.82,3,2,2,有,有,有,39000,298,,0.0,0,,RPTRMLTLQHOFFCA07CC
信義區,建物,臺北市信義區信義路五段150巷20弄1~30號,0.0,住,,,1080828,土地0建物1車位0,五層,5,公寓(5樓含以下無電梯),住家用,鋼筋混凝土造,0770601,110.33,3,2,2,有,有,有,26000,236,,0.0,0,,RPQNMLTLQHOFFDA09CC
松山區,建物,臺北市松山區八德路二段361~390號,0.0,商,,,1080828,土地0建物1車位0,六層,12,辦公商業大樓,商業用,鋼筋混凝土造,0701218,85.16,0,0,0,無,有,無,34056,400,,0.0,0,,RPTNMLTLQHOFFDA76CC
松山區,建物,臺北市松山區光復南路32巷1~30號,0.0,住,,,1080828,土地0建物1車位0,一層,4,公寓(5樓含以下無電梯),,加強磚造,,126.65,2,0,2,有,無,有,62000,490,,0.0,0,,RPUNMLTLQHOFFDA86CC
松山區,建物,臺北市松山區延吉街48巷1~30號,0.0,其他,,,1080807,土地0建物1車位0,二層,7,華廈(10層含以下有電梯),住家用,鋼筋混凝土造,0670330,122.53999999999999,3,2,2,有,有,有,38000,310,,0.0,0,租金含管理費,RPXNMLTLQHOFFDA17CC
信義區,建物,臺北市信義區信義路四段391~420號,0.0,商,,,1080827,土地0建物1車位1,九層,14,辦公商業大樓,商業用,鋼筋混凝土造,,138.84,0,0,0,無,有,無,78000,562,坡道平面,0.0,0,,RPQOMLTLQHOFFDA56CC
松山區,建物,臺北市松山區南京東路四段151~180號,0.0,商,,,1080817,土地0建物1車位0,四層,12,住宅大樓(11層含以上有電梯),商業用,鋼筋混凝土造,0730615,76.7,2,2,2,有,有,有,32000,417,,0.0,0,,RPUOMLTLQHOFFDA96CC
松山區,建物,臺北市松山區八德路三段181~210號,0.0,商,,,1080819,土地0建物1車位0,四層,11,住宅大樓(11層含以上有電梯),見其他登記事項,鋼骨鋼筋混凝土造,0950418,64.97,2,2,2,有,有,有,35000,539,,0.0,0,,RPWOMLTLQHOFFDA17CC
松山區,建物,臺北市松山區民生東路五段121~150號,0.0,商,,,1080808,土地0建物2車位0,一層,12,店面(店鋪),商業用,鋼筋混凝土造,0690521,245.57,0,0,0,無,無,無,230000,937,,0.0,0,,RPXOMLTLQHOFFDA27CC
信義區,建物,臺北市信義區基隆路一段101巷1~30號,0.0,商,,,1080801,土地0建物1車位0,十層,12,住宅大樓(11層含以上有電梯),住家用,鋼筋混凝土造,0961106,89.74,2,1,1,有,有,有,50000,557,,0.0,0,,RPOPMLTLQHOFFDA09CC
信義區,建物,臺北市信義區忠孝東路四段553巷22弄1~30號,0.0,住,,,1080828,土地0建物0車位0,五層,5,公寓(5樓含以下無電梯),住家用,鋼筋混凝土造,,20.19,1,0,1,有,無,有,10000,495,,0.0,0,,RPPPMLTLQHOFFDA56CC
松山區,建物,臺北市松山區南京東路五段121~150號,0.0,商,,,1080827,土地0建物0車位0,四層,4,公寓(5樓含以下無電梯),住家用,鋼筋混凝土造,0610915,37.11,1,0,1,有,無,有,15600,420,,0.0,0,此為分租套房，房號403，第四層共分3間，一間平均面積約為37.11平方公尺。,RPQPMLTLQHOFFDA66CC
信義區,房地(土地+建物)+車位,臺北市信義區松仁路151~180號,77.48,住,,,1080719,土地1建物1車位2,八層,12,住宅大樓(11層含以上有電梯),住家用,鋼骨鋼筋混凝土造,0960719,394.42,3,2,3,有,有,有,180000,531,坡道平面,85.74,0,,RPUPMLTLQHOFFDA07CC
中正區,建物,臺北市中正區忠孝東路二段31~60號,0.0,商,,,1080827,土地0建物0車位0,三層,5,公寓(5樓含以下無電梯),住家用,鋼筋混凝土造,0620910,20.48,1,0,1,有,無,有,13000,635,,0.0,0,,RPROMLTLQHOFFBA09CC
文山區,建物,臺北市文山區政大一街320巷91~120號,0.0,商,,,1080806,土地0建物1車位1,三層,11,住宅大樓(11層含以上有電梯),住家用,鋼筋混凝土造,1000429,242.61,3,2,2,有,有,有,40000,165,坡道平面,43.48,0,,RPOOMLTLQHOFFAA68CC
中正區,建物,臺北市中正區寧波西街1~30號,4.68,商,,,1080811,土地0建物1車位0,三層,11,住宅大樓(11層含以上有電梯),見其他登記事項,鋼筋混凝土造,0940607,34.370000000000005,2,1,1,有,有,有,23500,684,,0.0,0,,RPPOMLTLQHOFFAA78CC
中正區,建物,臺北市中正區羅斯福路四段151~180號,0.0,商,,,1080828,土地0建物1車位1,二層,15,住宅大樓(11層含以上有電梯),住家用,鋼筋混凝土造,1031031,207.29,3,2,3,有,有,有,85000,410,升降機械,23.71,0,,RPQOMLTLQHOFFAA88CC
文山區,建物,臺北市文山區景興路181~210號,0.0,商,,,1080810,土地0建物1車位0,十一層,18,住宅大樓(11層含以上有電梯),住家用,鋼骨鋼筋混凝土造,0831210,55.209999999999994,1,2,1,有,有,有,18000,326,,0.0,0,租金含管理費,RPROMLTLQHOFFAA98CC
中正區,建物,臺北市中正區南昌路一段61~90號,0.0,商,,,1080720,土地0建物1車位0,六層,15,套房(1房1廳1衛),見其他登記事項,鋼筋混凝土造,1071217,45.28,1,1,1,有,有,有,27000,596,,0.0,0,,RPUOMLTLQHOFFAA66CC
中正區,建物,臺北市中正區和平西路一段55巷1~30號,0.0,住,,,1080801,土地0建物1車位0,三層,7,華廈(10層含以下有電梯),住家用,鋼筋混凝土造,0990903,124.14999999999999,2,1,2,有,有,有,52100,420,,0.0,0,售價包含裝潢或家電。;,RPPNMLKMQHOFFAA87CC
中正區,建物,臺北市中正區重慶南路三段27巷1~30號,27.25,住,,,1080826,土地0建物1車位0,四層,4,公寓(5樓含以下無電梯),,鋼筋混凝土造,,74.82,2,2,1,有,無,有,28000,374,,0.0,0,,RPRNMLKMQHOFFAA08CC
中正區,建物,臺北市中正區汀州路二段211~240號,0.0,住,,,1080812,土地0建物1車位0,一層,3,店面(店鋪),,加強磚造,,72.17,0,0,0,無,無,無,40000,554,,0.0,0,,RPQOMLKMQHOFFAA08CC
中正區,建物,臺北市中正區南昌路一段61~90號,0.0,住,,,1080812,土地0建物1車位1,八層,15,套房(1房1廳1衛),見其他登記事項,鋼筋混凝土造,1071217,63.0,0,1,1,有,有,有,32000,508,升降機械,17.72,0,本次出租車位為出租方在同社區他戶名下車位,RPROMLKMQHOFFAA18CC
大同區,建物,臺北市大同區市民大道一段181~210號,0.0,其他,,,1080801,土地0建物1車位0,十六層,18,住宅大樓(11層含以上有電梯),住家用,見其他登記事項,0980724,86.59,2,1,1,有,有,有,57000,658,,0.0,0,售價包含裝潢或家電。;,RPQNMLKMQHOFFBA08CC
大同區,建物,臺北市大同區華陰街91~120號,0.0,商,,,1080827,土地0建物1車位0,三層,15,住宅大樓(11層含以上有電梯),見其他登記事項,鋼筋混凝土造,1001205,57.730000000000004,0,0,0,無,有,有,28000,485,,0.0,0,,RPUNMLKMQHOFFBA48CC
萬華區,建物,臺北市萬華區漢口街二段31~60號,0.0,商,,,1080823,土地0建物1車位0,十一層,15,套房(1房1廳1衛),住家用,鋼筋混凝土造,1010530,44.519999999999996,1,1,1,有,有,無,25000,562,,0.0,0,,RPVNMLKMQHOFFBA58CC
松山區,建物,臺北市松山區敦化北路165巷1~30號,0.0,住,,,1080816,土地0建物1車位1,九層,12,住宅大樓(11層含以上有電梯),住家用,鋼筋混凝土造,0951030,328.97,3,2,4,有,無,有,155000,471,坡道平面,42.51,0,,RPQNMLKMQHOFFDA28CC
信義區,建物,臺北市信義區逸仙路42巷1~30號,0.0,住,,,1080812,土地0建物1車位0,一層,7,店面(店鋪),住家用,鋼筋混凝土造,0700923,194.07999999999998,0,0,0,無,有,無,55000,283,,0.0,0,,RPSNMLKMQHOFFDA48CC
信義區,建物,臺北市信義區吳興街345巷1~30號,0.0,商,,,1080821,土地0建物1車位0,一層,6,店面(店鋪),商業用,鋼筋混凝土造,0820917,165.8,0,0,0,無,無,無,51084,308,,0.0,0,,RPTNMLKMQHOFFDA58CC
南港區,建物,臺北市南港區東明街31~60號,0.0,住,,,1080812,土地0建物1車位1,四層,13,住宅大樓(11層含以上有電梯),住家用,鋼筋混凝土造,0971110,144.92000000000002,2,1,1,有,有,有,40000,276,坡道平面,45.29,0,租金含管理費,RPXNMLKMQHOFFDA98CC
南港區,建物,臺北市南港區舊莊街一段3巷12弄1~30號,0.0,住,,,1080812,土地0建物1車位0,七層,7,華廈(10層含以下有電梯),住家用,鋼筋混凝土造,0830603,92.77,3,2,2,有,有,無,21000,226,,0.0,0,租金含管理費,RPVOMLKMQHOFFDA88CC
信義區,建物,臺北市信義區基隆路一段121~150號,0.0,住,,,1080830,土地0建物1車位0,十層,13,住宅大樓(11層含以上有電梯),見其他登記事項,鋼筋混凝土造,0950802,27.22,1,1,1,有,有,有,26000,955,,0.0,0,,RPXOMLKMQHOFFDA09CC
松山區,建物,臺北市松山區健康路301~330號,0.0,住,,,1080830,土地0建物1車位0,二層,4,公寓(5樓含以下無電梯),住家用,加強磚造,0560727,72.53,3,1,1,有,無,有,18000,248,,0.0,0,台北市都發局社會住宅包租代管計畫,RPPPMLKMQHOFFDA38CC
南港區,建物,臺北市南港區八德路四段768巷1弄1~30號,0.0,其他,,,1080820,土地0建物1車位0,二層,13,辦公商業大樓,工業用,鋼筋混凝土造,0790705,320.48,3,0,0,有,有,無,89250,278,,0.0,0,,RPVPMLKMQHOFFDA98CC
南港區,建物,臺北市南港區八德路四段871~900號,0.0,商,,,1080730,土地0建物1車位0,三層,16,辦公商業大樓,商業用,鋼筋混凝土造,0841219,83.17,0,0,0,無,有,無,11500,138,,0.0,0,租期一年：自民國108年08月10日起至民國109年08月09日止。,RPQRMLKMQHOFFDA68CC
南港區,建物,臺北市南港區八德路四段871~900號,0.0,商,,,1080801,土地0建物1車位0,二層,16,辦公商業大樓,商業用,鋼筋混凝土造,0841219,45.81,0,0,0,無,有,無,7500,164,,0.0,0,租期一年：自民國108年08月01日起至民國109年07月31日止。,RPRRMLKMQHOFFDA78CC
松山區,建物,臺北市松山區八德路四段631~660號,0.0,商,,,1080813,土地0建物1車位0,十二層,14,辦公商業大樓,住家用,鋼骨鋼筋混凝土造,0980727,100.73,1,2,2,有,有,有,35000,347,,0.0,0,,RPSRMLKMQHOFFDA88CC
中山區,建物,臺北市中山區農安街1~30號,0.0,商,,,1080802,土地0建物1車位0,十二層,14,住宅大樓(11層含以上有電梯),住家用,鋼筋混凝土造,0980622,51.86,1,1,1,有,有,有,32000,617,,0.0,0,售價包含裝潢或家電。;親友、員工或其他特殊關係間之交易。;,RPTNMLKMQHOFFCA48CC
內湖區,建物,臺北市內湖區內湖路一段301~330號,0.0,工,,,1080812,土地0建物1車位0,六層,10,辦公商業大樓,工業用,鋼筋混凝土造,0930225,347.99,0,0,0,無,有,無,130548,375,,0.0,0,,RPWNMLKMQHOFFCA78CC
中山區,建物,臺北市中山區合江街100巷1~30號,0.0,住,,,1080829,土地0建物1車位0,四層,7,華廈(10層含以下有電梯),住家用,鋼筋混凝土造,0740718,132.38,2,1,1,有,有,有,35000,264,,0.0,0,,RPQOMLKMQHOFFCA28CC
中山區,建物,臺北市中山區吉林路14巷1~30號,0.0,住,,,1080823,土地0建物1車位0,五層,7,華廈(10層含以下有電梯),住家用,鋼筋混凝土造,1030402,107.97999999999999,2,2,2,有,有,有,53000,491,,0.0,0,,RPSOMLKMQHOFFCA48CC
中山區,房地(土地+建物)+車位,臺北市中山區明水路601~630號,0.0,商,,,1080808,土地1建物1車位2,見其他登記事項,9,辦公商業大樓,見其他登記事項,鋼筋混凝土造,1060621,317.56,0,0,0,無,有,有,82000,258,坡道平面,0.0,0,,RPXOMLKMQHOFFCA98CC
中山區,房地(土地+建物)+車位,臺北市中山區明水路601~630號,0.0,商,,,1080808,土地1建物1車位1,五層,9,辦公商業大樓,見其他登記事項,鋼筋混凝土造,1060621,266.11,0,0,0,無,有,有,78500,295,坡道平面,0.0,0,,RPPPMLKMQHOFFCA28CC
內湖區,建物,臺北市內湖區康樂街72巷17弄61~90號,0.0,住,,,1080812,土地0建物1車位0,三層,5,公寓(5樓含以下無電梯),住家用,鋼筋混凝土造,0730727,81.38,3,2,1,有,無,有,18000,221,,0.0,0,,RPWPMLKMQHOFFCA98CC
內湖區,建物,臺北市內湖區大湖山莊街181~210號,0.0,住,,,1080717,土地0建物1車位0,一層,5,公寓(5樓含以下無電梯),住家用,鋼筋混凝土造,0770204,99.31,3,2,2,有,無,有,30000,302,,0.0,0,,RPRQMLKMQHOFFCA58CC
中山區,建物,臺北市中山區林森北路241~270號,0.0,商,,,1080812,土地0建物1車位0,五層,6,辦公商業大樓,住家用,鋼筋混凝土造,0620913,172.93,0,1,1,有,無,有,60000,347,,0.0,0,,RPTRMLKMQHOFFCA88CC
內湖區,建物,臺北市內湖區民權東路六段190巷21弄31~60號,0.0,住,,,1080731,土地0建物1車位1,全,4,透天厝,見使用執照,鋼筋混凝土造,0870925,259.47,4,5,4,有,有,有,63000,243,一樓平面,0.0,0,,RPWRMLKMQHOFFCA56CC
士林區,建物,臺北市士林區福華路151~180號,0.0,住,,,1080828,土地0建物1車位0,四層,12,住宅大樓(11層含以上有電梯),住家用,鋼筋混凝土造,0931231,137.4,3,2,2,有,有,有,58013,422,,0.0,0,,RPTNMLKMQHOFFEA68CC
大安區,建物,臺北市大安區信義路四段31~60號,0.0,商,,,1080826,土地0建物1車位0,四層,17,住宅大樓(11層含以上有電梯),商業用,鋼筋混凝土造,0751229,163.92000000000002,3,1,1,有,無,有,65000,397,,0.0,0,,RPUNMLKMQHOFFFA88CC
大安區,建物,臺北市大安區瑞安街208巷31~60號,0.0,住,,,1080826,土地0建物1車位0,七層,7,華廈(10層含以下有電梯),住家用,鋼筋混凝土造,1040511,41.74,0,1,1,有,無,有,32000,767,,0.0,0,,RPVNMLKMQHOFFFA98CC
大安區,建物,臺北市大安區建國南路二段79巷1~30號,0.0,住,,,1080829,土地0建物1車位0,一層,17,住宅大樓(11層含以上有電梯),住家用,鋼筋混凝土造,0750415,106.15,3,1,2,有,有,有,38000,358,,0.0,0,,RPWNMLKMQHOFFFA09CC
大安區,建物,臺北市大安區安和路二段151~180號,0.0,住,,,1080807,土地0建物1車位0,一層,12,店面(店鋪),商業用,鋼筋混凝土造,0730130,139.38,0,0,0,無,有,無,90000,646,,0.0,0,,RPPOMLKMQHOFFFA48CC
大安區,建物,臺北市大安區復興南路一段361~390號,0.0,商,,,1080827,土地0建物1車位0,八層,16,辦公商業大樓,商業用,鋼筋混凝土造,0750311,237.97000000000003,1,0,0,有,有,無,135000,567,,0.0,0,,RPWOMLKMQHOFFFA56CC
北投區,房地(土地+建物),臺北市北投區中央南路二段1~30號,8.44,工,,,1080819,土地1建物1車位0,十層,19,住宅大樓(11層含以上有電梯),見其他登記事項,鋼筋混凝土造,1040828,52.17999999999999,0,0,0,無,有,有,21500,412,,0.0,0,,RPQNMLLMQHOFFEA48CC
北投區,建物,臺北市北投區關渡路61~90號,0.0,住,,,1080830,土地0建物1車位0,四層,5,公寓(5樓含以下無電梯),住家用,鋼筋混凝土造,0701230,105.64999999999999,2,2,1,有,無,有,17000,161,,0.0,0,台北市都發局社會住宅包租代管計畫,RPQNMLLJRHOFFEA28CC
中山區,建物,臺北市中山區林森北路631~660號,0.0,商,,,1080829,土地0建物1車位0,六層,9,華廈(10層含以下有電梯),住家用,鋼筋混凝土造,0961024,110.14999999999999,3,2,2,有,有,有,44000,399,,0.0,0,,RPTNMLLJRHOFFCA38CC
中山區,建物,臺北市中山區新生北路三段61~90號,0.0,住,,,1080830,土地0建物1車位0,二層,9,華廈(10層含以下有電梯),住家用,鋼筋混凝土造,0650907,45.82,1,1,1,有,有,有,15000,327,,0.0,0,台北市都發局社會住宅包租代管計畫,RPPNMLMJRHOFFCA08CC
中山區,建物,臺北市中山區敬業一路181~210號,0.0,商,,,1080824,土地0建物1車位0,三層,9,辦公商業大樓,見其他登記事項,鋼筋混凝土造,0970422,95.42,1,1,1,有,有,有,38000,398,,0.0,0,,RPQOMLMJRHOFFCA28CC
中山區,建物,臺北市中山區敬業三路181~210號,0.0,住,,,1080821,土地0建物1車位1,六層,8,華廈(10層含以下有電梯),住家用,鋼筋混凝土造,0890628,155.23,3,2,2,有,有,無,34000,219,坡道平面,0.0,0,,RPROMLMJRHOFFCA38CC
信義區,建物,臺北市信義區松山路451~480號,0.0,住,,,1080830,土地0建物1車位0,四層,4,公寓(5樓含以下無電梯),住家用,加強磚造,0580601,63.82,3,1,1,有,無,有,18000,282,,0.0,0,台北市都發局社會住宅包租代管計畫,RPQNMLMJRHOFFDA28CC
南港區,建物,臺北市南港區研究院路一段91~120號,0.0,商,,,1080901,土地0建物1車位0,十八層,18,住宅大樓(11層含以上有電梯),見其他登記事項,鋼筋混凝土造,0871109,57.34,1,1,1,有,有,有,30000,523,,0.0,0,含管理費,RPPOMLMJRHOFFDA28CC
松山區,建物,臺北市松山區民生東路五段211~240號,0.0,住,,,1080819,土地0建物1車位0,一層,4,店面(店鋪),住家用,鋼筋混凝土造,,104.2,0,0,0,無,無,無,62000,595,,0.0,0,,RPQOMLMJRHOFFDA38CC
信義區,建物,臺北市信義區基隆路一段364巷31~60號,0.0,商,,,1080831,土地0建物1車位0,二層,12,住宅大樓(11層含以上有電梯),見其他登記事項,鋼筋混凝土造,,87.39,2,2,1,有,有,有,34400,394,,0.0,0,,RPVOMLMJRHOFFDA88CC
信義區,建物,臺北市信義區永吉路326巷1~30號,0.0,住,,,1080831,土地0建物1車位0,四層,5,公寓(5樓含以下無電梯),見其他登記事項,鋼筋混凝土造,0710622,108.3,3,2,2,有,無,有,26000,240,,0.0,0,,RPXOMLMJRHOFFDA09CC
松山區,房地(土地+建物),臺北市松山區民生東路五段137巷4弄1~30號,12.44,商,,,1080805,土地1建物1車位0,六層,15,住宅大樓(11層含以上有電梯),商業用,鋼筋混凝土造,0720129,149.72,0,0,0,無,有,有,47000,314,,0.0,0,,RPRPMLMJRHOFFDA58CC
松山區,房地(土地+建物),臺北市松山區民生東路三段130巷18弄1~30號,34.12,住,,,1080821,土地1建物1車位0,一層,5,店面(店鋪),住家用,鋼筋混凝土造,0750127,128.11,0,0,0,無,無,無,60000,468,,0.0,0,,RPSPMLMJRHOFFDA68CC
南港區,房地(土地+建物)+車位,臺北市南港區重陽路451~480號,0.0,住,,,1080822,土地1建物1車位2,二層,15,住宅大樓(11層含以上有電梯),住家用,鋼筋混凝土造,0990419,417.04999999999995,6,4,4,有,有,有,130000,312,坡道平面,0.0,0,,RPXPMLMJRHOFFDA56CC
信義區,建物,臺北市信義區忠孝東路四段541~570號,0.0,商,,,1080823,土地0建物1車位0,十層,13,辦公商業大樓,商業用,鋼骨鋼筋混凝土造,,976.19,0,0,0,無,有,無,531540,545,,0.0,0,,RPPQMLMJRHOFFDA48CC
松山區,建物,臺北市松山區南京東路五段23巷9弄1~30號,0.0,住,,,1080804,土地0建物1車位0,一層,3,店面(店鋪),,加強磚造,,70.4,2,2,1,有,無,無,28000,398,,0.0,0,,RPQQMLMJRHOFFDA58CC
信義區,建物,臺北市信義區松勤街1~30號,0.0,其他,,,1080828,土地0建物1車位0,十六層,19,住宅大樓(11層含以上有電梯),住家用,見其他登記事項,0961225,49.129999999999995,1,1,1,有,有,有,36000,733,,0.0,0,,RPUQMLMJRHOFFDA98CC
萬華區,建物,臺北市萬華區東園街73巷31~60號,0.0,住,,,1080830,土地0建物1車位0,四層,4,公寓(5樓含以下無電梯),,鋼筋混凝土造,0600624,65.39,2,1,1,有,無,有,15000,229,,0.0,0,台北市都發局社會住宅包租代管計畫,RPPNMLMJRHOFFBA97CC
中正區,建物,臺北市中正區羅斯福路四段151~180號,0.0,商,,,1080828,土地0建物1車位1,二層,15,住宅大樓(11層含以上有電梯),住家用,鋼筋混凝土造,1031031,207.29,3,2,3,有,有,有,85000,410,升降機械,23.71,0,,RPSNMLMJRHOFFAA18CC
士林區,建物,臺北市士林區中山北路六段157巷1~30號,0.0,工,,,1080724,土地0建物1車位0,十一層,15,其他,見其他登記事項,鋼筋混凝土造,0971002,101.18,2,2,1,有,有,有,64000,633,,0.0,0,,RPPNMLMJRHOFFEA28CC
大安區,建物,臺北市大安區忠孝東路三段251巷2弄1~30號,0.0,住,,,1080827,土地0建物1車位0,四層,4,公寓(5樓含以下無電梯),住家用,加強磚造,0570830,101.03,3,1,1,有,無,有,32000,317,,0.0,0,親友、員工或其他特殊關係間之交易。;,RPVOMLMJRHOFFFA09CC
大安區,房地(土地+建物),臺北市大安區信義路四段265巷31~60號,0.0,住,,,1080830,土地1建物1車位0,九層,9,華廈(10層含以下有電梯),住家用,鋼筋混凝土造,0910305,242.87,5,3,3,有,無,有,100000,412,,0.0,0,,RPXOMLMJRHOFFFA66CC
中山區,建物,臺北市中山區南京東路二段91~120號,45.28,商,,,1080711,土地0建物1車位0,十層,18,住宅大樓(11層含以上有電梯),住家用,見其他登記事項,0990917,45.28,1,1,1,有,有,有,38500,850,,0.0,0,,RPUNMLMJRHOFFCA68DC
南港區,房地(土地+建物),臺北市南港區忠孝東路七段541~570號,56.0,工,,,1080810,土地1建物1車位0,二層,5,公寓(5樓含以下無電梯),工業用,鋼筋混凝土造,,87.57,0,0,0,無,無,無,22000,251,,0.0,0,,RPVNMLNJRHOFFDA98DC
大安區,房地(土地+建物),臺北市大安區忠孝東路三段217巷8弄1~30號,23.28,住,,,1080725,土地2建物1車位0,一層,7,店面(店鋪),住家用,鋼筋混凝土造,,83.03,0,0,0,無,無,無,43500,524,,0.0,0,,RPVNMLNJRHOFFFA09CC
大安區,建物,臺北市大安區仁愛路四段361~390號,8.46,商,,,1080730,土地0建物1車位0,六層,16,住宅大樓(11層含以上有電梯),商業用,鋼筋混凝土造,0730614,80.37,0,0,0,無,有,無,36000,448,,0.0,0,,RPXNMLNJRHOFFFA66CC
北投區,建物,臺北市北投區泉源路1~30號,0.0,住,,,1080801,土地0建物1車位0,,7,華廈(10層含以下有電梯),商業用,鋼筋混凝土造,0700424,71.75,0,0,0,無,有,無,23000,321,,0.0,0,,RPPNMLNJRHOFFEA38CC
士林區,建物,臺北市士林區忠誠路二段1~30號,0.0,住,,,1080901,土地0建物1車位0,七層,14,住宅大樓(11層含以上有電梯),住家用,鋼筋混凝土造,0711231,138.48,3,2,2,有,有,有,63000,455,,0.0,0,親友、員工或其他特殊關係間之交易。;,RPUNMLNJRHOFFEA88CC
北投區,建物,臺北市北投區東華街二段1~30號,0.0,住,,,1080901,土地0建物1車位0,九層,12,住宅大樓(11層含以上有電梯),住家用,鋼筋混凝土造,1020923,150.74,2,2,2,有,有,有,56000,372,,0.0,0,,RPSOMLNJRHOFFEA78CC
北投區,建物,臺北市北投區致遠一路一段1~30號,0.0,住,,,1080901,土地0建物0車位0,二層,4,公寓(5樓含以下無電梯),住家用,鋼筋混凝土造,0640305,28.61,1,0,1,有,無,有,13000,454,,0.0,0,此為分租套房，房號201，第二層共分3間，一間平均面積約為28.61平方公尺。,RPVOMLNJRHOFFEA09CC
北投區,建物,臺北市北投區致遠一路一段1~30號,0.0,住,,,1080901,土地0建物0車位0,三層,4,公寓(5樓含以下無電梯),住家用,鋼筋混凝土造,0640305,28.6,1,0,1,有,無,有,12500,437,,0.0,0,此為分租套房，房號303，第三層共分3間，一間平均面積約為28.6平方公尺。,RPXOMLNJRHOFFEA66CC
中正區,建物,臺北市中正區金門街34巷1~30號,0.0,住,,,1080831,土地0建物0車位0,四層,4,公寓(5樓含以下無電梯),住家用,鋼筋混凝土造,0641229,23.47,1,0,1,有,無,有,9500,405,,0.0,0,,RPTOMLNJRHOFFAA48CC
大同區,建物,臺北市大同區萬全街1~30號,0.0,商,,,1080901,土地0建物1車位0,十一層,15,住宅大樓(11層含以上有電梯),住家用,鋼筋混凝土造,1041016,84.48,1,2,1,有,有,有,60000,710,,0.0,0,,RPTNMLNJRHOFFBA48CC
中正區,建物,臺北市中正區忠孝東路二段121~150號,0.0,商,,,1080901,土地0建物1車位0,六層,13,住宅大樓(11層含以上有電梯),住家用,鋼筋混凝土造,0990629,120.16,2,2,1,有,有,有,57547,479,,0.0,0,親友、員工或其他特殊關係間之交易。;本戶為6樓及6樓之1合併戶,RPXNMLNJRHOFFBA88CC
大同區,建物,臺北市大同區歸綏街121~150號,0.0,住,,,1080820,土地0建物1車位0,一層,4,店面(店鋪),住家用,磚造,,83.03,0,0,0,無,無,無,35000,422,,0.0,0,,RPOOMLNJRHOFFBA08CC
大同區,建物,臺北市大同區南京西路18巷4弄1~30號,0.0,商,,,1080901,土地0建物0車位0,全,4,透天厝,,加強磚造,,16.57,1,0,1,有,無,有,8000,483,,0.0,0,此為分租套房，房號303，第三層共分成4間，一間平均面積約為16.57平方公尺,RPSOMLNJRHOFFBA48CC
中正區,房地(土地+建物),臺北市中正區濟南路一段1~30號,57.47,住,,,1080830,土地1建物1車位0,,8,華廈(10層含以下有電梯),商業用,鋼筋混凝土造,0601001,509.64,0,0,0,無,有,無,113000,222,,0.0,0,114年9月1日起租金調整為＄116390,RPOPMLNJRHOFFBA18CC
大同區,建物,臺北市大同區重慶北路二段241~270號,0.0,商,,,1080808,土地0建物2車位0,一層,14,辦公商業大樓,見使用執照,見其他登記事項,0900426,1031.45,14,2,2,有,無,有,468015,454,,0.0,0,兩戶打通出租，部份房東自用，出租317.99分之312.01,RPUPMLNJRHOFFBA78CC
大同區,建物,臺北市大同區承德路一段24巷1~30號,0.0,商,,,1080902,土地0建物0車位0,二層,4,公寓(5樓含以下無電梯),,加強磚造,,27.74,1,0,1,有,無,有,13000,469,,0.0,0,此為分租套房，房號203，第二層共分為5間，一間平均面積約為27.74平方公尺。,RPXPMLNJRHOFFBA09CC
松山區,建物,臺北市松山區敦化北路199巷16弄1~30號,0.0,住,,,1080901,土地0建物1車位0,七層,7,華廈(10層含以下有電梯),住家用,鋼筋混凝土造,0750714,140.72,3,2,2,有,有,有,48000,341,,0.0,0,,RPTNMLNJRHOFFDA68CC
信義區,建物,臺北市信義區基隆路二段39巷1~30號,65.7,住,,,1080725,土地0建物1車位0,一層,5,公寓(5樓含以下無電梯),住家用,鋼筋混凝土造,0751115,316.96,0,0,0,無,無,無,95000,300,,0.0,0,,RPXNMLNJRHOFFDA09CC
松山區,建物,臺北市松山區光復南路32巷31~60號,0.0,住,,,1080903,土地0建物1車位0,九層,10,華廈(10層含以下有電梯),住家用,鋼筋混凝土造,0960801,121.65,2,2,2,有,有,有,60000,493,,0.0,0,含管理費,RPSOMLNJRHOFFDA68CC
信義區,建物,臺北市信義區莊敬路289巷1~30號,0.0,住,,,1080828,土地0建物1車位0,地下一層,7,倉庫,見其他登記事項,鋼筋混凝土造,0750829,40.99,0,0,0,無,無,無,5000,,,0.0,0,,RPWOMLNJRHOFFDA09CC
信義區,建物,臺北市信義區松仁路91~120號,0.0,其他,,,1080704,土地0建物1車位3,三十九層,48,辦公商業大樓,見其他登記事項,見其他登記事項,1070118,2462.98,0,0,0,無,有,無,3278220,1331,坡道平面,0.0,0,,RPOPMLNJRHOFFDA38CC
南港區,建物,臺北市南港區忠孝東路六段481~510號,0.0,工,,,1080901,土地0建物0車位0,二層,4,公寓(5樓含以下無電梯),工業用,鋼筋混凝土造,,30.66,1,0,0,有,無,有,5400,176,,0.0,0,此為分租套房，房號227，第二層共分成32間，一間平均面積約為30.66平方公尺,RPPPMLNJRHOFFDA48CC
信義區,建物,臺北市信義區松仁路91~120號,0.0,其他,,,1080716,土地0建物1車位2,三十八層,48,辦公商業大樓,見其他登記事項,見其他登記事項,1070118,1214.6100000000001,0,0,0,無,有,無,1579906,1301,坡道平面,0.0,0,,RPQPMLNJRHOFFDA58CC
南港區,建物,臺北市南港區八德路四段871~900號,0.0,商,,,1080806,土地0建物1車位0,三層,16,辦公商業大樓,商業用,鋼筋混凝土造,0841219,50.870000000000005,0,0,0,無,有,無,8500,167,,0.0,0,※1.租期：自民國108年08月10日起至民國109年08月09日止。  2.每月租金：新台幣8500元整是內含管理費500元整，出租人每月租金實際上收取新   台幣8000元整。,RPRPMLNJRHOFFDA68CC
信義區,建物,臺北市信義區永吉路30巷102弄1~30號,41.44,住,,,1080726,土地0建物1車位0,一層,9,華廈(10層含以下有電梯),見其他登記事項,鋼筋混凝土造,0990908,152.03,0,0,0,無,無,有,100000,658,,0.0,0,,RPSPMLNJRHOFFDA78CC
南港區,建物,臺北市南港區經貿二路255巷1~30號,0.0,住,,,1080814,土地0建物1車位1,七層,13,住宅大樓(11層含以上有電梯),住家用,鋼筋混凝土造,0991201,164.92000000000002,2,2,2,有,有,有,41000,249,坡道平面,47.29,0,租金含管理費。,RPWPMLNJRHOFFDA56CC
中山區,建物,臺北市中山區南京東路一段1~30號,0.0,商,,,1080829,土地0建物1車位0,十一層,12,辦公商業大樓,商業用,鋼筋混凝土造,0760826,77.12,0,0,0,無,有,無,42000,545,,0.0,0,,RPQNMLNJRHOFFCA28CC
中山區,建物,臺北市中山區農安街1~30號,0.0,商,,,1080828,土地0建物1車位0,二層,14,其他,商業用,鋼筋混凝土造,0980622,97.67,2,2,1,有,有,有,50000,512,,0.0,0,含管理費,RPWNMLNJRHOFFCA88CC
內湖區,建物,臺北市內湖區內湖路二段103巷61~90號,0.0,住,,,1080820,土地0建物1車位0,四層,12,住宅大樓(11層含以上有電梯),住家用,鋼筋混凝土造,0711126,132.55,2,2,2,有,有,有,33000,249,,0.0,0,,RPQPMLNJRHOFFCA48CC
內湖區,房地(土地+建物),臺北市內湖區東湖路151~180號,47.41,住,,,1080723,土地1建物2車位0,見其他登記事項,5,店面(店鋪),見其他登記事項,鋼筋混凝土造,0760817,130.45,0,0,0,無,無,無,69000,529,,0.0,0,租賃面積包含1樓及2樓,RPTPMLNJRHOFFCA78CC
內湖區,建物,臺北市內湖區內湖路一段91巷1~30號,0.0,工,,,1080722,土地0建物1車位1,十層,10,廠辦,工業用,鋼筋混凝土造,0940308,311.87,0,0,0,無,有,無,90000,289,坡道平面,34.25,0,,RPVPMLNJRHOFFCA98CC
內湖區,房地(土地+建物),臺北市內湖區康寧路三段189巷93弄1~30號,30.9,住,,,1080902,土地1建物1車位0,一層,10,華廈(10層含以下有電梯),商業用,鋼筋混凝土造,0831229,119.17,2,2,2,有,有,無,33000,277,,0.0,0,,RPWPMLNJRHOFFCA09CC
內湖區,建物,臺北市內湖區民權東路六段206巷143弄31~60號,0.0,住,,,1080723,土地0建物1車位1,二層,5,公寓(5樓含以下無電梯),住家用,鋼筋混凝土造,1050106,132.1,3,2,2,有,無,有,52000,394,坡道機械,14.3,0,,RPPQMLNJRHOFFCA48CC
內湖區,建物,臺北市內湖區星雲街121~150號,0.0,住,,,1080723,土地0建物1車位1,十三層,14,住宅大樓(11層含以上有電梯),住家用,鋼筋混凝土造,0931222,114.93,2,2,1,有,無,有,47000,409,坡道平面,26.2,0,,RPQQMLNJRHOFFCA58CC
內湖區,建物,臺北市內湖區環山路二段1~30號,0.0,住,,,1080719,土地0建物1車位0,三層,5,公寓(5樓含以下無電梯),住家用,鋼筋混凝土造,1070928,81.46000000000001,2,2,1,有,無,有,46000,565,,0.0,0,,RPSQMLNJRHOFFCA78CC
內湖區,建物,臺北市內湖區民權東路六段56巷25弄1~30號,0.0,住,,,1080717,土地0建物1車位0,五層,5,公寓(5樓含以下無電梯),住家用,鋼筋混凝土造,0720608,91.28,3,2,1,有,無,無,20000,219,,0.0,0,,RPVQMLNJRHOFFCA09CC
中山區,建物,臺北市中山區松江路362巷31~60號,0.0,商,,,1080901,土地0建物0車位0,二層,3,公寓(5樓含以下無電梯),,加強磚造,,20.2,1,0,1,有,無,有,10000,495,,0.0,0,,RPPSMLNJRHOFFCA68CC
內湖區,建物,臺北市內湖區港墘路91~120號,0.0,商,,,1080816,土地0建物1車位0,見其他登記事項,7,店面(店鋪),商業用,鋼筋混凝土造,0730607,124.17999999999999,3,2,2,有,無,有,65000,523,,0.0,0,兩年後租金調漲為66950元/月,RPXNMLOJRHOFFCA09CC
內湖區,建物,臺北市內湖區文德路22巷16弄1~30號,0.0,住,,,1080720,土地0建物1車位0,四層,4,公寓(5樓含以下無電梯),住家用,鋼筋混凝土造,0680728,26.44,1,1,1,有,無,有,11000,416,,0.0,0,租賃頂樓未登記建物約26.44平方公尺,RPSOMLOJRHOFFCA68CC
內湖區,建物,臺北市內湖區文湖街31~60號,0.0,其他,,,1080730,土地0建物1車位2,二層,15,住宅大樓(11層含以上有電梯),住家用,鋼筋混凝土造,0991230,313.51,3,2,3,有,有,有,124200,396,坡道平面,54.1,0,,RPOPMLOJRHOFFCA38CC
中山區,建物,臺北市中山區農安街1~30號,0.0,商,,,1080901,土地0建物0車位0,二層,4,公寓(5樓含以下無電梯),住家用,鋼筋混凝土造,0621012,23.33,1,0,1,有,無,有,10200,437,,0.0,0,,RPSQMLOJRHOFFCA88CC
中山區,建物,臺北市中山區八德路二段211~240號,0.0,商,,,1080901,土地0建物0車位0,四層,5,公寓(5樓含以下無電梯),住家用,鋼筋混凝土造,0610720,20.94,1,0,1,有,無,有,9500,454,,0.0,0,,RPVQMLOJRHOFFCA56CC
信義區,建物,臺北市信義區信義路五段121~150號,0.0,其他,,,1080829,土地0建物1車位0,見其他登記事項,19,住宅大樓(11層含以上有電梯),住家用,見其他登記事項,0951229,91.41,2,1,2,有,有,有,30000,328,,0.0,0,,RPPOMLOJRHOFFDA48CC
信義區,建物,臺北市信義區信義路五段121~150號,0.0,其他,,,1080901,土地0建物1車位0,九層,19,住宅大樓(11層含以上有電梯),住家用,見其他登記事項,0951229,46.34,1,1,1,有,有,有,23758,513,,0.0,0,,RPQOMLOJRHOFFDA58CC
松山區,建物,臺北市松山區八德路四段245巷56弄1~30號,0.0,住,,,1080823,土地0建物1車位0,見其他登記事項,7,店面(店鋪),見使用執照,鋼筋混凝土造,0781229,264.24,0,0,0,無,有,無,95000,360,,0.0,0,,RPTOMLOJRHOFFDA88CC
松山區,建物,臺北市松山區復興北路181~210號,0.0,商,,,1080730,土地0建物1車位0,九層,15,辦公商業大樓,商業用,鋼筋混凝土造,0750205,149.75,0,0,0,無,有,無,75000,501,,0.0,0,本租賃案為切割出租，切割出租坪數為45.3坪,RPUOMLOJRHOFFDA98CC
信義區,建物,臺北市信義區信義路五段91~120號,0.0,其他,,,1080901,土地0建物1車位0,三層,19,住宅大樓(11層含以上有電梯),住家用,鋼筋混凝土造,0980702,106.36,2,2,1,有,有,有,65000,611,,0.0,0,,RPVOMLOJRHOFFDA09CC
信義區,房地(土地+建物),臺北市信義區信義路六段31~60號,23.14,住,,,1080904,土地1建物1車位0,一層,7,華廈(10層含以下有電梯),見使用執照,鋼筋混凝土造,0760825,218.02,0,0,0,無,無,無,70000,321,,0.0,0,,RPWOMLOJRHOFFDA56CC
松山區,建物,臺北市松山區南京東路五段211~240號,0.0,其他,,,1080816,土地0建物1車位0,四層,18,套房(1房1廳1衛),住家用,鋼筋混凝土造,0980331,55.620000000000005,1,1,1,有,有,有,27180,489,,0.0,0,租金含管理費,RPSPMLOJRHOFFDA88CC
松山區,房地(土地+建物)+車位,臺北市松山區南京東路五段151~180號,0.0,其他,,,1080823,土地1建物1車位1,十三層,18,住宅大樓(11層含以上有電梯),住家用,見其他登記事項,0991112,252.86,3,2,2,有,無,有,88000,348,坡道平面,0.0,0,,RPWPMLOJRHOFFDA66CC
萬華區,建物,臺北市萬華區長沙街二段121~150號,0.0,商,,,1080816,土地0建物1車位0,十一層,18,住宅大樓(11層含以上有電梯),住家用,鋼筋混凝土造,1080304,144.29,3,2,2,有,有,有,38000,263,,0.0,0,,RPRNMLOJRHOFFBA38CC
大同區,建物,臺北市大同區南京西路61~90號,0.0,商,,,1080829,土地0建物2車位0,十二層,12,辦公商業大樓,見使用執照,鋼筋混凝土造,0870119,412.96000000000004,3,0,0,有,有,無,205000,496,,0.0,0,,RPWNMLOJRHOFFBA88CC
大同區,建物,臺北市大同區延平北路三段1~30號,0.0,住,,,1080903,土地0建物0車位0,全,4,透天厝,,加強磚造,,20.04,1,0,1,有,無,有,8800,439,,0.0,0,此為分租套房，房號301，第三層共分成4間，一間平均面積約為20.04平方公尺,RPXOMLOJRHOFFBA09CC
中正區,建物,臺北市中正區廈門街25巷1~30號,0.0,住,,,1080812,土地0建物1車位0,三層,4,公寓(5樓含以下無電梯),,鋼筋混凝土造,,84.81,3,2,2,有,無,有,32000,377,,0.0,0,,RPPNMLOJRHOFFAA08CC
中正區,建物,臺北市中正區汀州路三段27巷1~30號,0.0,其他,,,1080816,土地0建物0車位0,地下一層,4,套房(1房1廳1衛),住家用,加強磚造,,39.15,1,0,1,有,無,有,10000,255,,0.0,0,,RPPOMLOJRHOFFAA18CC
文山區,建物,臺北市文山區景後街91~120號,0.0,商,,,1080816,土地0建物1車位1,六層,15,住宅大樓(11層含以上有電梯),住家用,鋼筋混凝土造,1040721,242.03,3,2,2,有,有,有,45000,186,其他,35.09,0,"管理費:7,260元/月",RPQOMLOJRHOFFAA28CC
士林區,建物,臺北市士林區社正路31~60號,0.0,商,,,1080816,土地0建物1車位0,六層,9,華廈(10層含以下有電梯),住家用,鋼筋混凝土造,1040825,108.28999999999999,2,2,1,有,有,有,28000,259,,0.0,0,租金含管理費,RPWOMLOJRHOFFEA66CC
大安區,建物,臺北市大安區新生南路一段165巷1~30號,0.0,商,,,1080813,土地0建物1車位1,一層,6,店面(店鋪),住家用,鋼筋混凝土造,0960503,219.45,0,0,0,無,有,有,79500,362,坡道平面,48.69,0,租賃期間含免租金裝潢期。兩年後租金調漲為83475元/月。,RPPNMLOJRHOFFFA58CC
大安區,建物,臺北市大安區光復南路631~660號,5.39,商,,,1080729,土地0建物1車位0,十層,14,住宅大樓(11層含以上有電梯),住家用,鋼筋混凝土造,0970627,83.77000000000001,2,1,1,有,無,有,56760,678,,0.0,0,,RPRNMLOJRHOFFFA78CC
中正區,建物,臺北市中正區羅斯福路四段121~150號,0.0,商,,,1080826,土地0建物1車位0,見其他登記事項,2,店面(店鋪),,見其他登記事項,,116.63,0,2,1,有,無,無,80000,686,,0.0,0,租金實拿。108.08.26至108.09.30為免租裝潢期。預查編號108051828。,RPWOMLOJRHOFFAA98DC
大安區,建物,臺北市大安區信義路三段147巷17弄1~30號,0.0,商,,,1080823,土地0建物1車位0,四層,7,華廈(10層含以下有電梯),住家用,鋼筋混凝土造,,119.65,3,2,2,有,有,有,43000,359,,0.0,0,含代扣繳租賃所得稅。民國108年8月23日至8月31日為免租裝潢期。,RPUOMLOJRHOFFFA66DC
大安區,建物,臺北市大安區復興南路一段61~90號,0.0,住,,,1080814,土地0建物1車位0,十二層,16,辦公商業大樓,住家用,鋼筋混凝土造,0701230,167.57000000000002,4,2,2,有,有,有,53000,316,,0.0,0,租期含免租裝潢期。,RPUOMLPJRHOFFFA66CC
北投區,建物,臺北市北投區大渡路三段271~300號,0.0,住,,,1080820,土地0建物1車位0,三層,14,住宅大樓(11層含以上有電梯),住家用,鋼筋混凝土造,0971013,81.03,3,2,2,有,有,無,24500,302,,0.0,0,,RPPOMLPJRHOFFEA68CC
北投區,建物,臺北市北投區永興路一段46巷1~30號,0.0,住,,,1080904,土地0建物0車位0,一層,2,公寓(5樓含以下無電梯),住家用,加強磚造,0600623,61.38,2,1,0,有,無,有,15000,244,,0.0,0,此為分租套房，房號101，第一層共分1間，平均面積約為61.38平方公尺。,RPSQMLPJRHOFFEA56CC
中正區,建物,臺北市中正區南昌路二段91~120號,0.0,商,,,1080815,土地0建物1車位0,五層,11,辦公商業大樓,商業用,鋼筋混凝土造,0830803,130.81,0,0,0,無,有,無,51000,390,,0.0,0,,RPXNMLPJRHOFFAA98CC
文山區,建物,臺北市文山區羅斯福路六段211~240號,0.0,商,,,1080902,土地0建物1車位0,二層,4,公寓(5樓含以下無電梯),,鋼筋混凝土造,0641211,97.15,2,2,1,有,無,無,26000,268,,0.0,0,,RPWOMLPJRHOFFAA98CC
文山區,建物,臺北市文山區車前路1~30號,0.0,商,,,1080905,土地0建物1車位0,二層,33,住宅大樓(11層含以上有電梯),見其他登記事項,鋼骨鋼筋混凝土造,1040427,117.78,0,0,0,無,有,無,32067,272,,0.0,0,,RPQPMLPJRHOFFAA48CC
文山區,建物,臺北市文山區木新路二段271~300號,0.0,住,,,1080905,土地0建物1車位0,一層,4,店面(店鋪),,鋼筋混凝土造,,132.21,0,0,1,有,無,無,38000,287,,0.0,0,自民國108年9月5日起至民國108年10月4日止為裝潢期，免收租金。自民國108年10月5日起始收租金。,RPOQMLPJRHOFFAA38CC
文山區,建物,臺北市文山區景文街31~60號,0.0,商,,,1080821,土地0建物0車位0,一層,7,店面(店鋪),商業用,鋼筋混凝土造,0711231,58.15,0,0,0,無,無,無,90000,1548,,0.0,0,一樓只承租1/2,RPPQMLPJRHOFFAA48CC
萬華區,建物,臺北市萬華區西園路二段281巷1~30號,0.0,住,,,1080904,土地0建物0車位0,三層,4,公寓(5樓含以下無電梯),住家用,鋼筋混凝土造,0850718,40.01,1,0,1,有,無,有,13000,325,,0.0,0,此為分租套房，房號301，第三層共分成2間，一間平均面積約為40.01平方公尺,RPSOMLPJRHOFFBA68CC
大同區,建物,臺北市大同區雙連街11巷1~30號,0.0,商,,,1080831,土地0建物0車位0,四層,4,公寓(5樓含以下無電梯),,加強磚造,,21.73,1,0,1,有,無,有,9300,428,,0.0,0,此為分租套房，房號403，第四層共分為4間，一間平均面積約為21.73平方公尺。,RPWOMLPJRHOFFBA09CC
中正區,建物,臺北市中正區博愛路121~150號,0.0,商,,,1080808,土地0建物1車位0,五層,10,辦公商業大樓,商業用,鋼筋混凝土造,0730621,80.11,0,1,1,有,無,有,35000,437,,0.0,0,,RPPPMLPJRHOFFBA48CC
萬華區,建物,臺北市萬華區長沙街二段61~90號,0.0,商,,,1080903,土地0建物0車位0,五層,5,公寓(5樓含以下無電梯),,加強磚造,,16.68,1,0,1,有,無,有,5900,354,,0.0,0,此為分租套房，房號502，第五層共分6間，一間平均面積約為16.68平方公尺。,RPQPMLPJRHOFFBA58CC
大同區,建物,臺北市大同區涼州街1~30號,0.0,住,,,1080815,土地0建物1車位0,七層,15,住宅大樓(11層含以上有電梯),住家用,鋼筋混凝土造,1000318,140.03,3,2,2,有,有,有,53000,378,,0.0,0,租金含管理費,RPXPMLPJRHOFFBA66CC
松山區,建物,臺北市松山區光復南路1~30號,0.0,住,,,1080724,土地0建物1車位0,十二層,12,辦公商業大樓,商業用,鋼筋混凝土造,0791102,401.65,0,0,0,無,有,有,160000,398,,0.0,0,租賃面積不含附屬建物之屋突。,RPSNMLPJRHOFFDA78CC
松山區,建物,臺北市松山區敦化南路一段91~120號,4185.0,其他,,,1080901,土地0建物1車位0,十四層,15,辦公商業大樓,商業用,鋼骨鋼筋混凝土造,0720124,436.4,5,1,1,有,無,有,252000,577,,0.0,0,只租部份面積,RPWNMLPJRHOFFDA56CC
松山區,建物,臺北市松山區民生東路五段151~180號,0.0,商,,,1080727,土地0建物1車位0,十四層,15,住宅大樓(11層含以上有電梯),住家用,鋼筋混凝土造,0680521,130.43,2,2,2,有,無,有,41000,314,,0.0,0,,RPUOMLPJRHOFFDA09CC
南港區,建物,臺北市南港區重陽路121~150號,0.0,住,,,1080902,土地0建物1車位0,一層,11,店面(店鋪),見其他登記事項,鋼筋混凝土造,0960911,48.69,0,0,0,無,無,無,30000,616,,0.0,0,,RPVOMLPJRHOFFDA56CC
中山區,建物,臺北市中山區吉林路421~450號,0.0,住,,,1080903,土地0建物0車位0,二層,4,公寓(5樓含以下無電梯),住家用,加強磚造,0580410,24.96,1,0,1,有,無,有,13500,541,,0.0,0,,RPVPMLPJRHOFFCA56CC
中山區,建物,臺北市中山區新生北路二段68巷1~30號,0.0,商,,,1080820,土地0建物1車位0,五層,12,住宅大樓(11層含以上有電梯),住家用,見其他登記事項,1050602,73.24,2,1,1,有,有,有,56000,765,,0.0,0,,RPWSMLPJRHOFFCA96CC
中山區,房地(土地+建物),臺北市中山區南京東路二段181~210號,0.0,商,,,1080822,土地1建物1車位0,五層,15,住宅大樓(11層含以上有電梯),住家用,鋼筋混凝土造,0990528,197.17000000000002,3,2,2,有,無,有,75000,380,,0.0,0,,RPSTMLPJRHOFFCA66CC
內湖區,建物,臺北市內湖區行善路59巷40弄31~60號,0.0,住,,,1080905,土地0建物1車位3,一層,6,華廈(10層含以下有電梯),住家用,鋼筋混凝土造,0980804,180.18,3,1,2,有,有,無,48000,266,升降機械,0.0,0,承租期間內之水電、瓦斯、電話、大樓管理費等費用由承租人負擔。租金含稅及承租車位3個4號、12號、13號費用。,RPRNMLQJRHOFFCA68CC
中山區,建物,臺北市中山區農安街1~30號,0.0,商,,,1080809,土地0建物1車位0,十三層,14,住宅大樓(11層含以上有電梯),住家用,鋼筋混凝土造,0920618,89.27,2,2,1,有,有,有,56500,633,,0.0,0,,RPROMLQJRHOFFCA78CC
中山區,建物,臺北市中山區林森北路571~600號,0.0,商,,,1080826,土地0建物1車位0,九層,13,住宅大樓(11層含以上有電梯),住家用,鋼筋混凝土造,1000726,123.91,2,2,1,有,有,有,64000,517,,0.0,0,親友、員工或其他特殊關係間之交易。;,RPSOMLQJRHOFFCA88CC
中山區,建物,臺北市中山區農安街1~30號,0.0,商,,,1080831,土地0建物1車位0,十四層,14,套房(1房1廳1衛),住家用,鋼筋混凝土造,0980622,59.64,1,1,1,有,有,有,40000,671,,0.0,0,,RPUOMLQJRHOFFCA09CC
中山區,建物,臺北市中山區南京東路二段181~210號,0.0,商,,,1080815,土地0建物1車位1,十二層,15,住宅大樓(11層含以上有電梯),住家用,鋼筋混凝土造,0990528,265.77,4,2,3,有,無,有,138000,519,坡道平面,0.0,0,,RPVOMLQJRHOFFCA56CC
內湖區,建物,臺北市內湖區堤頂大道二段481~510號,0.0,其他,,,1080830,土地0建物1車位0,十層,13,辦公商業大樓,見其他登記事項,鋼筋混凝土造,0980729,101.94,2,1,1,有,無,有,31500,309,,0.0,0,,RPPPMLQJRHOFFCA68CC
中山區,建物,臺北市中山區復興北路31~60號,0.0,商,,,1080830,土地0建物1車位0,八層,12,住宅大樓(11層含以上有電梯),商業用,鋼筋混凝土造,0710918,248.18,5,1,1,有,無,有,105000,423,,0.0,0,,RPQPMLQJRHOFFCA78CC
中山區,建物,臺北市中山區民族東路421~450號,0.0,商,,,1080823,土地0建物1車位0,一層,5,店面(店鋪),住商用,鋼筋混凝土造,0711029,154.01,0,0,0,無,無,無,68000,442,,0.0,0,,RPRPMLQJRHOFFCA88CC
中山區,建物,臺北市中山區民族東路421~450號,0.0,商,,,1080823,土地0建物1車位0,一層,5,店面(店鋪),住商用,鋼筋混凝土造,0711029,160.96,2,1,1,有,無,無,73500,457,,0.0,0,,RPUPMLQJRHOFFCA56CC
中山區,房地(土地+建物)+車位,臺北市中山區敬業三路162巷61~90號,0.0,住,,,1080831,土地0建物1車位1,七層,12,住宅大樓(11層含以上有電梯),住家用,鋼筋混凝土造,0890628,155.01999999999998,3,2,2,有,有,有,48000,310,坡道平面,0.0,0,,RPWPMLQJRHOFFCA76CC
信義區,建物,臺北市信義區忠孝東路五段361~390號,0.0,商,,,1080825,土地0建物1車位0,十一層,11,住宅大樓(11層含以上有電梯),見其他登記事項,鋼筋混凝土造,0940531,38.7,1,1,1,有,無,有,29000,749,,0.0,0,,RPTNMLQJRHOFFDA98CC
信義區,建物,臺北市信義區基隆路二段181~210號,0.0,商,,,1080826,土地0建物1車位0,四層,21,住宅大樓(11層含以上有電梯),見使用執照,鋼筋混凝土造,0860221,115.05000000000001,0,0,0,無,無,有,50000,435,,0.0,0,,RPVNMLQJRHOFFDA56CC
信義區,建物,臺北市信義區永吉路61~90號,0.0,商,,,1080815,土地0建物1車位0,十層,14,住宅大樓(11層含以上有電梯),商業用,鋼筋混凝土造,0891026,164.06,4,2,2,有,有,有,60000,366,,0.0,0,,RPXNMLQJRHOFFDA76CC
松山區,建物,臺北市松山區八德路三段106巷61~90號,0.0,住,,,1080830,土地0建物1車位0,十一層,7,住宅大樓(11層含以上有電梯),住家用,鋼筋混凝土造,0970114,215.38,4,2,2,有,無,有,90000,418,,0.0,0,,RPROMLQJRHOFFDA88CC
松山區,建物,臺北市松山區敦化北路181~210號,0.0,住,,,1080806,土地0建物1車位0,十一層,14,辦公商業大樓,住家用,鋼筋混凝土造,0720502,182.5,0,0,0,無,無,無,106240,582,,0.0,0,,RPSOMLQJRHOFFDA98CC
松山區,房地(土地+建物),臺北市松山區南京東路三段303巷8弄1~30號,119.63,住,,,1080809,土地1建物1車位0,一層,7,華廈(10層含以下有電梯),住家用,鋼筋混凝土造,,130.82999999999998,0,0,0,無,有,無,137000,1047,,0.0,0,,RPTOMLQJRHOFFDA09CC
信義區,建物,臺北市信義區松仁路241~270號,0.0,住,,,1080831,土地0建物1車位1,八層,16,住宅大樓(11層含以上有電梯),住家用,鋼筋混凝土造,0851007,190.10999999999999,4,2,2,有,無,有,70000,368,坡道機械,0.0,0,,RPUOMLQJRHOFFDA56CC
南港區,建物,臺北市南港區重陽路451~480號,0.0,住,,,1080830,土地0建物1車位0,六層,15,住宅大樓(11層含以上有電梯),住家用,鋼筋混凝土造,0990419,208.04000000000002,4,2,2,有,無,有,65000,312,,0.0,0,,RPVOMLQJRHOFFDA66CC
信義區,房地(土地+建物),臺北市信義區永吉路120巷61~90號,0.0,其他,,,1080823,土地2建物1車位0,一層,7,華廈(10層含以下有電梯),住家用,鋼筋混凝土造,0720827,118.09,0,0,0,無,無,無,58000,491,,0.0,0,,RPPPMLQJRHOFFDA78CC
萬華區,房地(土地+建物),臺北市萬華區長沙街二段121~150號,9.3,商,,,1080906,土地2建物1車位0,八層,18,住宅大樓(11層含以上有電梯),住家用,鋼筋混凝土造,1080304,93.47,2,2,1,有,有,無,31000,332,,0.0,0,,RPTNMLQJRHOFFBA78CC
大同區,建物,臺北市大同區南京西路25巷31~60號,0.0,商,,,1080827,土地0建物1車位0,三層,7,華廈(10層含以下有電梯),住家用,鋼筋混凝土造,0970626,99.72999999999999,2,2,1,有,有,有,39000,391,,0.0,0,親友、員工或其他特殊關係間之交易。;,RPWOMLQJRHOFFBA56CC
中正區,建物,臺北市中正區濟南路二段1~30號,0.0,住,,,1080830,土地0建物1車位0,九層,11,住宅大樓(11層含以上有電梯),住家用,鋼筋混凝土造,0960129,47.39,1,1,1,有,無,有,29000,612,,0.0,0,,RPOPMLQJRHOFFBA48CC
中正區,建物,臺北市中正區?門街121~150號,0.0,商,,,1080827,土地0建物1車位1,十層,12,住宅大樓(11層含以上有電梯),見其他登記事項,鋼筋混凝土造,1070816,86.91,1,2,1,有,無,有,28800,331,坡道機械,6.87,0,,RPSOMLQJRHOFFAA68CC
中正區,房地(土地+建物),臺北市中正區羅斯福路三段244巷9弄1~30號,44.75,住,,,1080901,土地1建物1車位0,三層,4,公寓(5樓含以下無電梯),住家用,加強磚造,0580802,116.55,3,2,2,有,無,無,30000,257,,0.0,0,,RPUOMLQJRHOFFAA88CC
中正區,建物,臺北市中正區南昌路一段91~120號,0.0,商,,,1080817,土地0建物1車位0,十二層,15,套房(1房1廳1衛),住家用,鋼筋混凝土造,0980403,46.34,1,1,1,有,有,有,26000,561,,0.0,0,,RPVOMLQJRHOFFAA98CC
中正區,建物,臺北市中正區金華街1~30號,0.0,商,,,1080905,土地0建物1車位0,五層,12,住宅大樓(11層含以上有電梯),見使用執照,鋼筋混凝土造,0790703,219.1,1,2,2,有,無,無,90000,411,,0.0,0,,RPPPMLQJRHOFFAA48CC
士林區,建物,臺北市士林區天母東路61~90號,0.0,住,,,1080801,土地0建物1車位0,三層,7,華廈(10層含以下有電梯),住家用,鋼筋混凝土造,0740508,128.95,4,2,2,有,有,有,70000,543,,0.0,0,,RPOPMLQJRHOFFEA78CC
北投區,建物,臺北市北投區東華街一段22巷31~60號,0.0,商,,,1080828,土地0建物1車位0,四層,8,華廈(10層含以下有電梯),住家用,鋼筋混凝土造,0900820,110.67,3,2,2,有,無,有,42000,380,,0.0,0,,RPWQMLQJRHOFFEA07CC
士林區,建物,臺北市士林區忠誠路二段151~180號,0.0,住,,,1080823,土地0建物1車位0,九層,26,住宅大樓(11層含以上有電梯),住家用,鋼骨混凝土造,0841103,240.89999999999998,3,2,2,有,有,有,113000,469,,0.0,0,,RPPRMLQJRHOFFEA09CC
北投區,建物,臺北市北投區裕民二路61~90號,0.0,商,,,1080826,土地0建物1車位0,十八層,19,住宅大樓(11層含以上有電梯),見其他登記事項,鋼筋混凝土造,1021108,100.12,2,2,1,有,有,有,54000,539,,0.0,0,,RPXRMLQJRHOFFEA27CC
大安區,建物,臺北市大安區新生南路一段103巷1~30號,0.0,住,,,1080829,土地0建物1車位0,二層,6,公寓(5樓含以下無電梯),住家用,鋼筋混凝土造,0800520,116.28,3,2,2,有,無,有,43000,370,,0.0,0,,RPTOMLQJRHOFFFA66CC
大安區,房地(土地+建物),臺北市大安區光復南路240巷1~30號,0.0,商,,,1080808,土地1建物1車位0,六層,12,住宅大樓(11層含以上有電梯),住家用,鋼筋混凝土造,,193.26,4,2,2,有,有,無,63000,326,,0.0,0,,RPVOMLQJRHOFFFA86CC
士林區,建物,臺北市士林區中山北路六段31~60號,0.0,住,,,1080816,土地0建物1車位0,三層,13,住宅大樓(11層含以上有電梯),住家用,鋼筋混凝土造,1010522,161.57999999999998,3,2,2,有,有,有,80000,495,,0.0,0,,RPVQMLQJRHOFFEA07DC
松山區,建物,臺北市松山區復興北路91~120號,0.0,商,,,1080902,土地0建物1車位1,十層,15,辦公商業大樓,商業用,鋼筋混凝土造,0750106,429.75,0,0,0,無,有,無,243000,565,坡道平面,0.0,0,1.承租整層之部分面積2.租金含5%稅金,RPXOMLTJRHOFFDA27DC
大安區,建物,臺北市大安區羅斯福路三段283巷19弄1~30號,0.0,住,,,1080831,土地0建物0車位0,二層,4,公寓(5樓含以下無電梯),,鋼筋混凝土造,,17.86,1,0,1,有,無,有,9500,532,,0.0,0,,RPQOMLTJRHOFFFA66CC
大安區,建物,臺北市大安區臨江街40巷1~30號,0.0,商,,,1080731,土地0建物1車位0,一層,3,店面(店鋪),住家用,鋼筋混凝土造,0791006,32.98,0,0,0,無,無,有,20000,606,,0.0,0,,RPUOMLTJRHOFFFA07CC
大安區,建物,臺北市大安區和平東路一段61~90號,0.0,其他,,,1080805,土地0建物1車位0,三層,12,住宅大樓(11層含以上有電梯),商業用,鋼筋混凝土造,0730710,157.12,6,1,1,有,有,無,50000,318,,0.0,0,,RPWOMLTJRHOFFFA27CC
大安區,建物,臺北市大安區仁愛路四段421~450號,23.44,商,,,1080731,土地0建物1車位0,五層,12,住宅大樓(11層含以上有電梯),住家用,鋼筋混凝土造,0760629,166.98,3,2,2,有,有,無,60000,359,,0.0,0,,RPOPMLTJRHOFFFA56CC
大安區,建物,臺北市大安區復興南路二段1~30號,0.0,商,,,1080817,土地0建物1車位0,八層,12,辦公商業大樓,住家用,鋼筋混凝土造,0731109,76.49,2,2,1,有,有,有,32921,430,,0.0,0,,RPPPMLTJRHOFFFA66CC
大安區,建物,臺北市大安區通化街171巷1~30號,0.0,住,,,1080814,土地0建物1車位0,見其他登記事項,4,店面(店鋪),,鋼筋混凝土造,,100.63,0,1,1,有,無,無,45000,447,,0.0,0,,RPTPMLTJRHOFFFA07CC
北投區,建物,臺北市北投區幽雅路1~30號,0.0,其他,,,1080820,土地0建物1車位0,五層,13,套房(1房1廳1衛),住家用,鋼筋混凝土造,0980205,71.77000000000001,1,1,1,有,有,有,22000,307,,0.0,0,,RPXSMLTJRHOFFEA67CC
中正區,建物,臺北市中正區中華路二段307巷1~30號,0.0,住,,,1080810,土地0建物1車位0,五層,5,公寓(5樓含以下無電梯),住家用,加強磚造,0560519,25.63,2,1,1,有,無,有,10000,390,,0.0,0,,RPRNMLTJRHOFFAA78CC
中正區,建物,臺北市中正區中華路二段31~60號,0.0,商,,,1080819,土地0建物1車位0,四層,5,公寓(5樓含以下無電梯),,鋼筋混凝土造,,88.86,1,1,1,有,無,無,15000,169,,0.0,0,,RPUNMLTJRHOFFAA09CC
文山區,建物,臺北市文山區木新路三段301~330號,0.0,住,,,1080830,土地0建物0車位0,全,3,透天厝,商業用,加強磚造,0540602,46.35,2,1,1,有,無,有,21000,453,,0.0,0,此為分租套房，房號302，第三層共分成2間，一間平均面積約為46.35平方公尺,RPWNMLTJRHOFFAA66CC
文山區,建物,臺北市文山區景中街31~60號,0.0,住,,,1080828,土地0建物1車位0,四層,7,華廈(10層含以下有電梯),住家用,鋼筋混凝土造,0751030,139.13,3,2,2,有,有,有,31000,223,,0.0,0,"管理費:1,800元/月",RPPOMLTJRHOFFAA68CC
大同區,建物,臺北市大同區赤峰街31~60號,0.0,住,,,1080816,土地0建物1車位0,十二層,13,住宅大樓(11層含以上有電梯),住家用,鋼筋混凝土造,1020829,183.65,3,2,2,有,有,有,90000,490,,0.0,0,親友、員工或其他特殊關係間之交易。;,RPWNMLTJRHOFFBA76CC
萬華區,建物,臺北市萬華區成都路1~30號,0.0,商,,,1080827,土地0建物1車位0,十一層,12,住宅大樓(11層含以上有電梯),住家用,鋼筋混凝土造,0811120,183.84,0,0,0,無,無,無,83000,451,,0.0,0,,RPRPMLTJRHOFFBA09CC
南港區,建物,臺北市南港區經貿二路61~90號,0.0,其他,,,1080817,土地0建物1車位0,二層,16,辦公商業大樓,見其他登記事項,見其他登記事項,0970616,809.46,0,0,0,無,有,無,457888,566,,0.0,0,"480,783 租金含稅及管理費",RPPNMLTJRHOFFDA88CC
南港區,建物,臺北市南港區昆陽街1~30號,0.0,工,,,1080903,土地0建物1車位0,,3,公寓(5樓含以下無電梯),住家用,加強磚造,,104.91,1,1,1,有,無,無,39000,372,,0.0,0,,RPVNMLTJRHOFFDA86CC
松山區,建物,臺北市松山區基隆路一段31~60號,0.0,商,,,1080815,土地0建物1車位0,三層,4,公寓(5樓含以下無電梯),住家用,鋼筋混凝土造,,105.93,4,2,2,有,無,有,18000,170,,0.0,0,,RPWNMLTJRHOFFDA96CC
信義區,建物,臺北市信義區虎林街74巷1~30號,0.0,住,,,1080902,土地0建物1車位0,五層,5,公寓(5樓含以下無電梯),見其他登記事項,鋼筋混凝土造,,105.48,3,2,1,有,無,有,21000,199,,0.0,0,親友、員工或其他特殊關係間之交易。;,RPXNMLTJRHOFFDA07CC
松山區,建物,臺北市松山區民權東路三段121~150號,0.0,住,,,1080727,土地0建物1車位0,七層,15,辦公商業大樓,商業用,鋼筋混凝土造,0730915,80.17,1,1,0,有,有,無,39000,486,,0.0,0,,RPOOMLTJRHOFFDA88CC
松山區,建物,臺北市松山區南京東路三段301~330號,0.0,商,,,1080813,土地0建物1車位0,一層,6,店面(店鋪),見使用執照,鋼筋混凝土造,,100.0,0,0,0,無,無,無,260000,2600,,0.0,0,,RPSOMLTJRHOFFDA66CC
松山區,建物,臺北市松山區八德路三段12巷4弄1~30號,0.0,住,,,1080731,土地0建物1車位0,一層,4,店面(店鋪),住家用,加強磚造,,71.91,0,0,0,無,無,無,51084,710,,0.0,0,,RPRPMLTJRHOFFDA66CC
信義區,建物,臺北市信義區基隆路一段181~210號,0.0,住,,,1080806,土地0建物1車位0,九層,24,辦公商業大樓,商業用,鋼骨混凝土造,0811015,567.1,0,0,0,無,有,無,471763,832,,0.0,0,,RPSPMLTJRHOFFDA76CC
內湖區,建物,臺北市內湖區內湖路一段121~150號,0.0,工,,,1080812,土地0建物1車位0,三層,7,廠辦,見其他登記事項,鋼筋混凝土造,0980805,366.83,0,0,0,無,有,有,130000,354,,0.0,0,,RPRNMLTJRHOFFCA98CC
中山區,建物,臺北市中山區民權東路三段61~90號,0.0,商,,,1080830,土地0建物1車位0,十一層,19,住宅大樓(11層含以上有電梯),住家用,鋼筋混凝土造,0751125,136.86,3,2,2,有,有,有,50000,365,,0.0,0,,RPQOMLTJRHOFFCA98CC
中山區,建物,臺北市中山區中山北路二段65巷1~30號,0.0,商,,,1080831,土地0建物1車位0,八層,14,辦公商業大樓,商業用,鋼筋混凝土造,0901112,81.22999999999999,3,1,1,有,有,有,32000,394,,0.0,0,,RPROMLTJRHOFFCA09CC
內湖區,建物,臺北市內湖區洲子街61~90號,0.0,其他,,,1080905,土地0建物1車位0,九層,10,辦公商業大樓,工業用,鋼筋混凝土造,0880616,298.6,0,0,0,無,有,無,118000,395,,0.0,0,,RPSOMLTJRHOFFCA56CC
內湖區,建物,臺北市內湖區民權東路六段180巷42弄1~30號,12.71,商,,,1080712,土地0建物1車位2,六層,15,住宅大樓(11層含以上有電梯),住家用,鋼筋混凝土造,1070718,168.26999999999998,2,2,2,有,無,無,63000,374,坡道平面,41.04,0,,RPVQMLTJRHOFFCA07CC
內湖區,建物,臺北市內湖區星雲街168巷31~60號,0.0,住,,,1080818,土地0建物1車位0,十層,21,住宅大樓(11層含以上有電梯),住家用,鋼筋混凝土造,0860124,38.05,2,1,1,有,有,有,16000,420,,0.0,0,有民情風俗因素之交易。;租金含管理費,RPURMLTJRHOFFCA07CC
中山區,建物,臺北市中山區建國北路二段1~30號,0.0,住,,,1080724,土地0建物1車位0,十四層,14,住宅大樓(11層含以上有電梯),商業用,鋼筋混凝土造,0950713,60.0,1,1,1,有,有,有,40000,667,,0.0,0,,RPQOMLKKRHOFFCA18CC
中山區,建物,臺北市中山區松江路69巷1~30號,0.0,商,,,1080730,土地0建物1車位1,見其他登記事項,9,華廈(10層含以下有電梯),見其他登記事項,鋼筋混凝土造,1070831,260.81,1,1,1,有,有,無,100000,383,一樓平面,0.0,0,,RPROMLKKRHOFFCA28CC
中山區,建物,臺北市中山區長春路151~180號,0.0,商,,,1080724,土地0建物2車位0,見其他登記事項,12,辦公商業大樓,商業用,鋼筋混凝土造,0860925,1670.4099999999999,0,0,0,無,有,無,848904,508,,0.0,0,,RPTOMLKKRHOFFCA48CC
中山區,建物,臺北市中山區撫順街31~60號,0.0,商,,,1080901,土地0建物1車位0,五層,8,華廈(10層含以下有電梯),商業用,鋼筋混凝土造,0651108,34.739999999999995,1,1,1,有,無,有,16000,461,,0.0,0,,RPWOMLKKRHOFFCA78CC
中山區,建物,臺北市中山區林森北路119巷1~30號,0.0,商,,,1080903,土地0建物1車位0,三層,7,華廈(10層含以下有電梯),住家用,鋼筋混凝土造,0950818,21.84,0,0,0,無,無,有,15000,687,,0.0,0,,RPXOMLKKRHOFFCA88CC
內湖區,建物,臺北市內湖區內湖路一段661~690號,0.0,其他,,,1080906,土地0建物1車位0,十一層,18,住宅大樓(11層含以上有電梯),住家用,見其他登記事項,0991123,109.63,3,2,2,有,有,有,48000,438,,0.0,0,,RPOPMLKKRHOFFCA08CC
中山區,建物,臺北市中山區德惠街1~30號,0.0,商,,,1080904,土地0建物1車位0,九層,10,華廈(10層含以下有電梯),住家用,鋼筋混凝土造,0710419,40.11,0,0,0,無,無,有,15000,374,,0.0,0,,RPRPMLKKRHOFFCA38CC
中山區,建物,臺北市中山區民生東路一段27巷1~30號,0.0,商,,,1080826,土地0建物1車位0,二層,12,辦公商業大樓,商業用,鋼筋混凝土造,0891026,52.33,1,1,1,有,有,有,17000,325,,0.0,0,,RPTPMLKKRHOFFCA58CC
中山區,建物,臺北市中山區新生北路二段68巷1~30號,0.0,商,,,1080827,土地0建物1車位0,六層,12,套房(1房1廳1衛),住家用,鋼筋混凝土造,0970813,55.510000000000005,1,1,1,有,有,有,30000,540,,0.0,0,,RPVPMLKKRHOFFCA78CC
中山區,建物,臺北市中山區新生北路二段68巷1~30號,0.0,商,,,1080904,土地0建物1車位0,三層,7,華廈(10層含以下有電梯),商業用,鋼筋混凝土造,0670505,41.77,0,0,0,無,無,有,15000,359,,0.0,0,,RPWPMLKKRHOFFCA88CC
內湖區,建物,臺北市內湖區陽光街92巷25弄1~30號,0.0,住,,,1080830,土地0建物1車位0,二層,10,華廈(10層含以下有電梯),住家用,鋼筋混凝土造,1021101,67.00999999999999,2,1,1,有,有,無,29000,433,,0.0,0,,RPXPMLKKRHOFFCA98CC
中山區,建物,臺北市中山區中山北路二段59巷31~60號,0.0,商,,,1080730,土地0建物1車位0,十五層,16,住宅大樓(11層含以上有電梯),住家用,鋼筋混凝土造,0880928,44.879999999999995,0,0,0,無,無,有,23000,512,,0.0,0,,RPOQMLKKRHOFFCA18CC
內湖區,建物,臺北市內湖區行善路111巷1~30號,0.0,商,,,1080830,土地0建物1車位1,十三層,13,辦公商業大樓,見其他登記事項,鋼筋混凝土造,0971217,257.43,5,2,2,有,有,有,68200,265,坡道平面,30.4,0,,RPQQMLKKRHOFFCA38CC
中山區,建物,臺北市中山區長春路61~90號,0.0,商,,,1080905,土地0建物1車位0,六層,12,住宅大樓(11層含以上有電梯),商業用,鋼筋混凝土造,0690201,25.580000000000002,0,0,0,無,無,有,10500,410,,0.0,0,,RPRQMLKKRHOFFCA48CC
中山區,房地(土地+建物),臺北市中山區敬業三路162巷151~180號,47.09,住,,,1080725,土地1建物1車位0,八層,10,住宅大樓(11層含以上有電梯),國民住宅,鋼筋混凝土造,0890628,155.27,3,2,2,有,有,無,33000,213,,0.0,0,,RPSQMLKKRHOFFCA58CC
中山區,建物,臺北市中山區天祥路61~90號,0.0,商,,,1080826,土地0建物1車位0,十一層,14,套房(1房1廳1衛),住家用,鋼筋混凝土造,0931203,48.93,1,1,1,有,有,有,27000,552,,0.0,0,,RPVQMLKKRHOFFCA88CC
內湖區,建物,臺北市內湖區民權東路六段241~270號,0.0,住,,,1080626,土地0建物1車位1,一層,8,華廈(10層含以下有電梯),商業用,鋼筋混凝土造,0971128,45.34,2,1,1,有,有,無,30000,662,升降機械,6.76,0,,RPXQMLKKRHOFFCA09CC
中山區,建物,臺北市中山區林森北路271~300號,0.0,商,,,1080724,土地0建物1車位0,八層,12,住宅大樓(11層含以上有電梯),住家用,鋼筋混凝土造,,51.48,2,1,1,有,無,有,17000,330,,0.0,0,,RPSRMLKKRHOFFCA68CC
中山區,建物,臺北市中山區新生北路一段1~30號,0.0,住,,,1080831,土地0建物0車位0,二層,5,公寓(5樓含以下無電梯),住家用,鋼筋混凝土造,0621107,35.36,1,0,1,有,無,有,12600,356,,0.0,0,,RPURMLKKRHOFFCA88CC
中山區,建物,臺北市中山區建國北路二段1~30號,0.0,住,,,1080725,土地0建物1車位0,五層,14,套房(1房1廳1衛),商業用,鋼筋混凝土造,0950713,88.65,1,1,1,有,有,有,35000,395,,0.0,0,,RPVRMLKKRHOFFCA98CC
中山區,建物,臺北市中山區渭水路3巷31~60號,0.0,商,,,1080820,土地0建物1車位0,六層,7,套房(1房1廳1衛),商業用,鋼筋混凝土造,0680829,22.15,1,1,1,有,有,有,11000,497,,0.0,0,租期含免租裝潢期。租金含管理費。,RPXRMLKKRHOFFCA56CC
中山區,建物,臺北市中山區南京東路二段121~150號,0.0,商,,,1080831,土地0建物0車位0,四層,8,華廈(10層含以下有電梯),商業用,鋼筋混凝土造,0601210,33.61,1,0,1,有,無,有,14850,442,,0.0,0,,RPQSMLKKRHOFFCA58CC
中山區,建物,臺北市中山區新生北路一段47巷1~30號,0.0,商,,,1080817,土地0建物1車位0,二層,7,套房(1房1廳1衛),住家用,鋼筋混凝土造,0970523,45.26,1,1,1,有,有,有,20000,442,,0.0,0,有民情風俗因素之交易。;,RPVSMLKKRHOFFCA09CC
中山區,建物,臺北市中山區長安東路二段31~60號,0.0,商,,,1080906,土地0建物0車位0,二層,4,公寓(5樓含以下無電梯),,加強磚造,,20.74,1,0,0,有,無,有,7200,347,,0.0,0,此為分租套房，房號203，第二層共分4間，一間平均面積約為20.74平方公尺。,RPPTMLKKRHOFFCA58CC
中山區,建物,臺北市中山區龍江路457巷1~30號,0.0,住,,,1080908,土地0建物0車位0,一層,4,公寓(5樓含以下無電梯),住家用,鋼筋混凝土造,0651115,16.53,1,0,0,有,無,有,5800,351,,0.0,0,此為分租套房，房號105，第一層共分為6間，一間平均面積約為16.53平方公尺。,RPQTMLKKRHOFFCA68CC
南港區,建物,臺北市南港區昆陽街181~210號,0.0,住,,,1080903,土地0建物1車位0,二層,5,公寓(5樓含以下無電梯),住家用,鋼筋混凝土造,,109.0,2,2,2,有,無,有,29000,266,,0.0,0,,RPWNMLKKRHOFFDA78CC
信義區,房地(土地+建物),臺北市信義區莊敬路423巷4弄1~30號,12.87,住,,,1080825,土地1建物1車位0,一層,4,公寓(5樓含以下無電梯),住家用,鋼筋混凝土造,0611105,72.6,3,2,1,有,無,有,32000,441,,0.0,0,,RPROMLKKRHOFFDA38CC
松山區,建物,臺北市松山區八德路三段121~150號,0.0,商,,,1080831,土地0建物0車位0,二層,4,公寓(5樓含以下無電梯),住家用,鋼筋混凝土造,,23.75,1,0,1,有,無,有,13000,547,,0.0,0,此為分租套房，房號202，第二層共分為4間，一件平均面積約為23.75平方公尺。,RPVOMLKKRHOFFDA78CC
松山區,建物,臺北市松山區八德路三段121~150號,0.0,商,,,1080905,土地0建物0車位0,二層,4,公寓(5樓含以下無電梯),住家用,鋼筋混凝土造,,23.75,1,0,1,有,無,有,13500,568,,0.0,0,此為分租套房，房號203，第二層共分4間，一間平均面積約為23.75平方公尺。,RPWOMLKKRHOFFDA88CC
松山區,建物,臺北市松山區八德路三段121~150號,0.0,商,,,1080830,土地0建物0車位0,二層,4,公寓(5樓含以下無電梯),住家用,鋼筋混凝土造,,23.75,1,0,1,有,無,有,13050,549,,0.0,0,此為分租套房，房號204，第二層共分4間，一間平均面積約為23.75平方公尺。,RPXOMLKKRHOFFDA98CC
信義區,建物,臺北市信義區崇德街63巷1~30號,0.0,住,,,1080909,土地0建物0車位0,二層,4,公寓(5樓含以下無電梯),住家用,鋼筋混凝土造,,24.8,1,0,1,有,無,有,11000,444,,0.0,0,此為分租套房，房號205，第二層共分5間，一間平均面積約為24.8平方公尺。,RPVPMLKKRHOFFDA88CC
大同區,建物,臺北市大同區重慶北路一段1~30號,0.0,商,,,1080806,土地0建物0車位0,十二層,12,辦公商業大樓,商業用,鋼筋混凝土造,0670810,1133.8799999999999,3,1,2,有,有,有,432180,381,,0.0,0,,RPSNMLKKRHOFFBA18CC
大同區,建物,臺北市大同區市民大道一段181~210號,0.0,其他,,,1080902,土地0建物1車位0,十二層,18,住宅大樓(11層含以上有電梯),住家用,見其他登記事項,0980724,122.34,3,2,2,有,有,有,66500,544,,0.0,0,,RPVNMLKKRHOFFBA48CC
萬華區,建物,臺北市萬華區康定路91~120號,0.0,商,,,1080805,土地0建物1車位0,二十三層,26,住宅大樓(11層含以上有電梯),住家用,見其他登記事項,1050331,113.08000000000001,2,2,1,有,有,有,45000,398,,0.0,0,,RPWNMLKKRHOFFBA58CC
萬華區,車位,臺北市萬華區東園街151~180號,0.0,商,,,1080801,土地0建物0車位1,,,其他,,,,29.82,0,0,0,有,有,無,4000,,坡道機械,29.82,4000,,RPXNMLKKRHOFFBA68CC
中正區,建物,臺北市中正區齊東街82巷31~60號,0.0,住,,,1080902,土地0建物1車位0,,5,公寓(5樓含以下無電梯),住家用,鋼筋混凝土造,0680404,67.34,2,1,1,有,無,有,26000,386,,0.0,0,,RPROMLKKRHOFFBA18CC
大同區,建物,臺北市大同區南京西路331~360號,0.0,商,,,1080909,土地0建物0車位0,全,4,透天厝,,加強磚造,,24.63,1,0,1,有,無,有,11500,467,,0.0,0,此為分租套房，房號203，第二層共分成5間，一間平均面積約為24.63平方公尺,RPOQMLKKRHOFFBA08CC
萬華區,建物,臺北市萬華區西園路二段281巷1~30號,0.0,住,,,1080909,土地0建物0車位0,二層,4,公寓(5樓含以下無電梯),住家用,鋼筋混凝土造,0850718,40.01,1,0,1,有,無,有,13300,332,,0.0,0,此物件為分租套房，房號202，第二層共分成2間，一間平均面積約為40.01平方公尺,RPPQMLKKRHOFFBA18CC
中正區,建物,臺北市中正區羅斯福路四段61~90號,0.0,其他,,,1080828,土地0建物1車位0,十二層,15,住宅大樓(11層含以上有電梯),見其他登記事項,鋼筋混凝土造,0941229,37.83,1,1,1,有,有,有,25000,661,,0.0,0,,RPVNMLKKRHOFFAA38CC
文山區,建物,臺北市文山區羅斯福路六段121~150號,0.0,商,,,1080906,土地0建物1車位0,十四層,19,套房(1房1廳1衛),見其他登記事項,鋼筋混凝土造,1060112,68.56,1,1,1,有,有,有,29000,423,,0.0,0,,RPXNMLKKRHOFFAA58CC
文山區,建物,臺北市文山區萬慶街13巷1~30號,0.0,其他,,,1080821,土地0建物1車位0,二層,3,公寓(5樓含以下無電梯),住家用,加強磚造,0580830,45.05,1,1,1,有,無,有,13000,289,,0.0,0,,RPQOMLKKRHOFFAA97CC
中正區,建物,臺北市中正區和平西路一段1~30號,0.0,商,,,1080906,土地0建物0車位0,十層,11,住宅大樓(11層含以上有電梯),商業用,鋼筋混凝土造,,42.61,1,0,1,有,無,有,13000,305,,0.0,0,此物件為分租套房，房號115，第十層總共分成21間，平均一間為42.61平方公尺,RPTOMLKKRHOFFAA28CC
士林區,房地(土地+建物),臺北市士林區福志路14巷7弄1~30號,77.82,住,,,1080801,土地1建物1車位0,,5,公寓(5樓含以下無電梯),住家用,鋼筋混凝土造,0731218,89.94,2,1,1,有,無,有,30500,339,,0.0,0,,RPRNMLKKRHOFFEA38CC
士林區,房地(土地+建物)+車位,臺北市士林區士商路151~180號,134.37,住,,,1080809,土地1建物1車位1,,12,住宅大樓(11層含以上有電梯),住家用,鋼筋混凝土造,0900212,232.04000000000002,4,2,2,有,有,有,61000,263,坡道平面,39.31,0,,RPSNMLKKRHOFFEA48CC
北投區,建物,臺北市北投區東華街一段481~510號,0.0,住,,,1080825,土地0建物1車位0,十一層,14,住宅大樓(11層含以上有電梯),住家用,鋼筋混凝土造,0950720,123.37,2,2,2,有,有,有,64500,523,,0.0,0,,RPPOMLKKRHOFFEA28CC
士林區,建物,臺北市士林區中山北路六段211~240號,0.0,住,,,1080826,土地0建物1車位0,七層,14,住宅大樓(11層含以上有電梯),住家用,鋼骨鋼筋混凝土造,0930518,170.0,4,2,2,有,有,有,75000,441,,0.0,0,,RPROMLKKRHOFFEA48CC
士林區,建物,臺北市士林區忠誠路一段121~150號,0.0,住,,,1080830,土地0建物1車位0,二層,9,華廈(10層含以下有電梯),住家用,鋼筋混凝土造,0911231,174.57,4,2,2,有,有,有,76028,436,,0.0,0,,RPSOMLKKRHOFFEA58CC
士林區,房地(土地+建物)+車位,臺北市士林區中山北路七段61~90號,198.9,住,,,1080831,土地1建物1車位2,五層,16,住宅大樓(11層含以上有電梯),住家用,見其他登記事項,1000304,366.39,3,1,3,有,有,無,180000,491,坡道平面,95.6,0,,RPTOMLKKRHOFFEA68CC
士林區,建物,臺北市士林區忠誠路一段171巷12弄1~30號,0.0,住,,,1080819,土地0建物1車位0,七層,12,住宅大樓(11層含以上有電梯),住家用,鋼筋混凝土造,0981231,206.37,4,2,2,有,有,有,50000,242,,0.0,0,,RPUOMLKKRHOFFEA78CC
北投區,建物,臺北市北投區中和街241~270號,0.0,商,,,1080905,土地0建物0車位0,三層,3,公寓(5樓含以下無電梯),住家用,加強磚造,0560703,22.8,1,0,1,有,無,有,10300,452,,0.0,0,此為分租套房，房號301，第三層共分3間，一間平均面積約為22.8平方公尺。,RPOPMLKKRHOFFEA28CC
北投區,建物,臺北市北投區中和街241~270號,0.0,商,,,1080831,土地0建物0車位0,三層,3,公寓(5樓含以下無電梯),住家用,加強磚造,0560703,22.8,1,0,1,有,無,有,10500,461,,0.0,0,此為分租套房，房號303，第三層共分為3間，一間平均面積約為22.8平方公尺。,RPPPMLKKRHOFFEA38CC
北投區,建物,臺北市北投區大業路721~750號,0.0,商,,,1080908,土地0建物0車位0,三層,4,公寓(5樓含以下無電梯),住商用,加強磚造,0500720,30.07,2,1,1,有,無,有,16000,532,,0.0,0,此為分租套房，房號301，第三層共分8間，一間平均面積約為30.07平方公尺。,RPVPMLKKRHOFFEA98CC
大安區,建物,臺北市大安區光復南路91~120號,0.0,住,,,1080830,土地0建物1車位0,三層,12,住宅大樓(11層含以上有電梯),住家用,鋼筋混凝土造,0761105,121.45,3,2,2,有,有,有,37000,305,,0.0,0,,RPRNMLKKRHOFFFA48CC
大安區,建物,臺北市大安區和平東路一段181~210號,0.0,商,,,1080731,土地0建物1車位0,二層,14,住宅大樓(11層含以上有電梯),住家用,鋼筋混凝土造,0970519,85.04,2,2,1,有,有,有,40000,470,,0.0,0,含管理費,RPQOMLKKRHOFFFA48CC
大安區,建物,臺北市大安區興復南路一段126巷1~30號,0.0,其他,,,1080815,土地0建物1車位0,十層,11,辦公商業大樓,見使用執照,鋼筋混凝土造,0701231,74.13,3,2,2,有,有,有,30000,405,,0.0,0,,RPTOMLKKRHOFFFA78CC
大安區,建物,臺北市大安區忠孝東路四段181~210號,0.0,商,,,1080909,土地0建物1車位0,十層,14,辦公商業大樓,住商用,鋼筋混凝土造,,51.18,0,1,1,有,有,無,26000,508,,0.0,0,,RPUNMLLKRHOFFFA88CC
大安區,建物,臺北市大安區基隆路二段151~180號,0.0,商,,,1080904,土地0建物1車位0,一層,4,店面(店鋪),商業用,鋼筋混凝土造,,84.5,0,0,0,無,無,無,61000,722,,0.0,0,,RPOOMLLKRHOFFFA38CC
士林區,建物,臺北市士林區承德路四段40巷61~90號,0.0,住,,,1080812,土地0建物1車位0,一層,5,公寓(5樓含以下無電梯),住家用,鋼筋混凝土造,0591008,35.6,2,1,1,有,無,有,10800,303,,0.0,0,,RPPNMLLKRHOFFEA28CC
士林區,建物,臺北市士林區雨農路21巷1~30號,0.0,住,,,1080815,土地0建物1車位0,七層,7,華廈(10層含以下有電梯),住家用,鋼筋混凝土造,0730110,224.25,3,1,2,有,有,有,55000,245,,0.0,0,售價包含裝潢或家電。;,RPSOMLLKRHOFFEA68CC
文山區,建物,臺北市文山區指南路三段91~120號,0.0,住,,,1080821,土地0建物1車位0,九層,11,住宅大樓(11層含以上有電梯),住家用,鋼筋混凝土造,1030513,77.6,2,2,1,有,無,無,23000,296,,0.0,0,,RPVNMLLKRHOFFAA48CC
文山區,建物,臺北市文山區羅斯福路四段181~210號,0.0,商,,,1080818,土地0建物1車位0,七層,10,華廈(10層含以下有電梯),見使用執照,鋼筋混凝土造,0861024,41.349999999999994,1,1,1,有,有,無,16000,387,,0.0,0,,RPQOMLLKRHOFFAA08CC
萬華區,建物,臺北市萬華區西園路二段372巷101弄1~30號,0.0,住,,,1080820,土地0建物1車位0,三層,5,公寓(5樓含以下無電梯),,鋼筋混凝土造,0580625,30.94,2,1,1,有,無,有,10000,323,,0.0,0,,RPTNMLLKRHOFFBA38CC
大同區,建物,臺北市大同區萬全街1~30號,0.0,商,,,1080821,土地0建物1車位0,八層,15,住宅大樓(11層含以上有電梯),住家用,鋼筋混凝土造,1041016,88.07000000000001,1,2,1,有,有,有,50000,568,,0.0,0,親友、員工或其他特殊關係間之交易。;,RPUNMLLKRHOFFBA48CC
大同區,建物,臺北市大同區承德路一段1~30號,0.0,商,,,1080816,土地0建物1車位0,十層,20,辦公商業大樓,商業用,鋼筋混凝土造,0781103,157.01,0,0,0,無,有,有,84788,540,,0.0,0,售價包含裝潢或家電。;,RPVNMLLKRHOFFBA58CC
南港區,建物,臺北市南港區忠孝東路六段481~510號,0.0,工,,,1080907,土地0建物0車位0,二層,4,公寓(5樓含以下無電梯),工業用,鋼筋混凝土造,,30.66,1,0,1,有,無,有,5400,176,,0.0,0,此物件為分租套房，房號225，第二層分成32間，一間平均面積約為30.66平方公尺,RPPNMLLKRHOFFDA18CC
南港區,建物,臺北市南港區研究院路二段12巷57弄61~90號,0.0,住,,,1080907,土地0建物0車位0,三層,5,公寓(5樓含以下無電梯),住家用,鋼筋混凝土造,0740802,26.1,1,0,1,有,無,有,12500,479,,0.0,0,'此物件為分租套房，房號301，第三層共分成4間，一間平均面積約為26.1平方公尺,RPQNMLLKRHOFFDA28CC
南港區,房地(土地+建物),臺北市南港區忠孝東路六段403巷1弄1~30號,32.5,工,,,1080901,土地1建物1車位0,一層,4,公寓(5樓含以下無電梯),工業用,鋼筋混凝土造,0630805,80.72,0,0,0,無,無,無,42525,527,,0.0,0,,RPUNMLLKRHOFFDA68CC
松山區,建物,臺北市松山區復興北路181~210號,0.0,商,,,1080826,土地0建物1車位0,十四層,16,辦公商業大樓,住家用,鋼筋混凝土造,0731214,697.54,0,0,0,無,有,無,270000,387,,0.0,0,,RPVNMLLKRHOFFDA78CC
信義區,建物,臺北市信義區虎林街31~60號,0.0,其他,,,1080910,土地0建物1車位0,一層,4,公寓(5樓含以下無電梯),住家用,鋼筋混凝土造,0640506,114.56,0,0,0,無,無,有,35000,306,,0.0,0,,RPXNMLLKRHOFFDA98CC
信義區,建物,臺北市信義區林口街114巷1~30號,0.0,住,,,1080822,土地0建物1車位0,一層,5,華廈(10層含以下有電梯),商業用,鋼筋混凝土造,0820810,52.28,0,0,0,無,無,無,7000,134,,0.0,0,,RPPPMLLKRHOFFDA38CC
內湖區,建物,臺北市內湖區環山路一段121~150號,0.0,住,,,1080906,土地0建物0車位0,三層,4,公寓(5樓含以下無電梯),住家用,鋼筋混凝土造,0660628,20.33,1,0,0,有,無,有,6000,295,,0.0,0,此為分租套房，房號304，第三層共分成6間，一間平均面積約為20.33平方公尺,RPRNMLLKRHOFFCA28CC
中山區,建物,臺北市中山區敬業一路128巷31~60號,0.0,商,,,1080724,土地0建物1車位0,二層,7,其他,商業用,鋼筋混凝土造,0960912,89.6,2,1,1,有,有,有,25000,279,,0.0,0,,RPROMLLKRHOFFCA38CC
中山區,建物,臺北市中山區樂群三路271~300號,0.0,其他,,,1080729,土地0建物1車位0,五層,10,其他,商業用,鋼筋混凝土造,0981126,206.99,4,2,2,有,有,有,77000,372,,0.0,0,,RPSOMLLKRHOFFCA48CC
內湖區,房地(土地+建物)+車位,臺北市內湖區行善路417巷1~30號,25.23,商,,,1080802,土地2建物1車位1,三層,11,辦公商業大樓,見其他登記事項,鋼筋混凝土造,1001012,190.38,2,2,2,有,有,無,35000,184,坡道平面,27.66,0,,RPWOMLLKRHOFFCA88CC
中山區,建物,臺北市中山區中山北路一段83巷31~60號,0.0,商,,,1080815,土地0建物1車位0,,15,住宅大樓(11層含以上有電梯),住家用,鋼筋混凝土造,0970314,80.63,1,1,1,有,有,有,50000,620,,0.0,0,售價包含裝潢或家電。;親友、員工或其他特殊關係間之交易。;,RPTPMLLKRHOFFCA68CC
中山區,建物,臺北市中山區伊通街91~120號,0.0,住,,,1080707,土地0建物1車位0,一層,3,店面(店鋪),商業用,加強磚造,,76.31,0,0,0,無,無,有,90000,1179,,0.0,0,,RPQQMLLKRHOFFCA48CC
中山區,建物,臺北市中山區敬業二路91~120號,0.0,商,,,1080723,土地0建物1車位2,九層,11,其他,見其他登記事項,鋼筋混凝土造,1010323,310.14,3,2,2,有,有,有,120000,387,坡道平面,0.0,0,,RPTQMLLKRHOFFCA78CC
中山區,建物,臺北市中山區建國北路三段61~90號,0.0,住,,,1080723,土地0建物1車位0,十四層,14,住宅大樓(11層含以上有電梯),住家用,鋼筋混凝土造,1041016,81.03999999999999,2,1,1,有,無,有,37500,463,,0.0,0,,RPXQMLLKRHOFFCA56CC
內湖區,建物,臺北市內湖區內湖路三段163巷8弄1~30號,0.0,住,,,1080910,土地0建物0車位0,三層,5,套房(1房1廳1衛),住家用,鋼筋混凝土造,0661219,18.54,0,0,0,無,無,有,9200,496,,0.0,0,,RPORMLLKRHOFFCA38CC
內湖區,建物,臺北市內湖區成功路四段31~60號,0.0,商,,,1080730,土地0建物1車位0,二層,16,辦公商業大樓,商業用,鋼筋混凝土造,0781107,153.03,0,0,1,有,有,無,80000,523,,0.0,0,租金含稅及健保補充保費。,RPSRMLLKRHOFFCA78CC
中山區,建物,臺北市中山區中山北路二段72巷1~30號,0.0,商,,,1080906,土地0建物1車位0,四層,10,華廈(10層含以下有電梯),住家用,鋼筋混凝土造,0970429,48.400000000000006,1,1,1,有,有,有,28000,579,,0.0,0,,RPTRMLLKRHOFFCA88CC
內湖區,房地(土地+建物),臺北市內湖區成功路四段61巷9弄1~30號,105.04,商,,,1080815,土地1建物1車位0,二層,7,華廈(10層含以下有電梯),住家用,鋼筋混凝土造,0790607,185.66,4,2,2,有,無,無,45000,242,,0.0,0,,RPVRMLLKRHOFFCA09CC
內湖區,建物,臺北市內湖區民權東路六段123巷20弄1~30號,0.0,商,,,1080820,土地0建物1車位1,六層,13,住宅大樓(11層含以上有電梯),住家用,鋼筋混凝土造,0941025,135.31,3,2,2,有,有,有,30000,222,坡道平面,14.42,0,,RPVNMLMKRHOFFCA78CC
內湖區,建物,臺北市內湖區東湖路33巷1~30號,0.0,商,,,1080822,土地0建物1車位0,二層,5,店面(店鋪),商業用,鋼筋混凝土造,0760421,111.12,0,0,0,無,無,有,60000,540,,0.0,0,,RPQOMLMKRHOFFCA38CC
內湖區,建物,臺北市內湖區成功路三段61~90號,0.0,商,,,1080912,土地0建物1車位0,一層,5,店面(店鋪),見使用執照,鋼筋混凝土造,0690624,125.85,0,0,1,有,無,無,71518,568,,0.0,0,含稅金8518元。,RPSOMLMKRHOFFCA58CC
內湖區,建物,臺北市內湖區內湖路二段1~30號,0.0,住,,,1080828,土地0建物1車位0,三層,4,公寓(5樓含以下無電梯),住家用,鋼筋混凝土造,,115.58,3,2,2,有,無,有,25000,216,,0.0,0,,RPWOMLMKRHOFFCA98CC
中山區,建物,臺北市中山區南京東路二段1~30號,0.0,住,,,1080910,土地0建物1車位1,一層,24,住宅大樓(11層含以上有電梯),見其他登記事項,見其他登記事項,1061208,127.22,0,0,0,無,有,無,75000,590,坡道平面,40.97,0,,RPPPMLMKRHOFFCA38CC
內湖區,建物,臺北市內湖區行善路391~420號,0.0,工,,,1080829,土地0建物1車位6,五層,9,辦公商業大樓,見其他登記事項,鋼筋混凝土造,1010815,985.88,0,0,0,無,有,有,200000,203,坡道平面,198.84,0,,RPQPMLMKRHOFFCA48CC
松山區,建物,臺北市松山區八德路三段151~180號,0.0,商,,,1080907,土地0建物1車位1,九層,15,住宅大樓(11層含以上有電梯),見其他登記事項,鋼筋混凝土造,1070331,127.63,2,1,1,有,有,有,50000,392,坡道機械,0.0,0,,RPRNMLMKRHOFFDA48CC
信義區,建物,臺北市信義區莊敬路361~390號,0.0,商,,,1080704,土地0建物1車位0,一層,7,華廈(10層含以下有電梯),商業用,鋼筋混凝土造,0720210,104.65,0,0,0,無,有,無,65000,621,,0.0,0,,RPSOMLMKRHOFFDA68CC
南港區,建物,臺北市南港區研究院路三段68巷32弄1~30號,0.0,住,,,1080829,土地0建物1車位0,二層,4,公寓(5樓含以下無電梯),住家用,鋼筋混凝土造,,76.69,2,2,1,有,無,有,12000,156,,0.0,0,,RPUOMLMKRHOFFDA88CC
松山區,建物,臺北市松山區民生東路929巷1~30號,0.0,住,,,1080822,土地0建物1車位0,一層,5,店面(店鋪),見使用執照,鋼筋混凝土造,0671230,75.81,1,1,1,有,無,無,45000,594,,0.0,0,門牌整編依謄本門牌申報。租賃期間含免租金裝潢期。,RPRPMLMKRHOFFDA68CC
萬華區,建物,臺北市萬華區成都路1~30號,74.0,商,,,1080806,土地0建物1車位0,一層,3,店面(店鋪),,鋼筋混凝土造,,55.78,0,0,0,無,無,無,280000,5020,,0.0,0,,RPUNMLMKRHOFFBA58CC
中正區,建物,臺北市中正區臨沂街57巷1~30號,0.0,住,,,1080909,土地0建物1車位0,四層,6,華廈(10層含以下有電梯),住家用,鋼筋混凝土造,0970627,116.61,2,1,1,有,無,有,47000,403,,0.0,0,,RPVNMLMKRHOFFBA68CC
萬華區,建物,臺北市萬華區漢口街二段91~120號,0.0,商,,,1080827,土地0建物1車位0,五層,5,公寓(5樓含以下無電梯),住家用,鋼筋混凝土造,0680811,91.8,3,2,2,有,無,有,18000,196,,0.0,0,,RPQOMLMKRHOFFBA28CC
大同區,建物,臺北市大同區哈密街45巷1弄1~30號,0.0,住,,,1080827,土地0建物1車位0,二層,4,公寓(5樓含以下無電梯),住家用,加強磚造,,61.49,2,1,1,有,無,有,15390,250,,0.0,0,,RPROMLMKRHOFFBA38CC
中正區,建物,臺北市中正區羅斯福路一段83巷1~30號,0.0,商,,,1080910,土地0建物1車位0,十二層,14,住宅大樓(11層含以上有電梯),住家用,鋼筋混凝土造,0980903,60.36,1,1,1,有,有,有,32000,530,,0.0,0,,RPPNMLMKRHOFFAA97CC
文山區,建物,臺北市文山區萬壽路61~90號,0.0,住,,,1080909,土地0建物1車位1,三層,5,華廈(10層含以下有電梯),住家用,鋼筋混凝土造,0970527,64.67,1,1,1,有,無,有,20000,352,坡道機械,14.94,0,,RPQNMLMKRHOFFAA08CC
文山區,建物,臺北市文山區光輝路112巷5弄1~30號,0.0,住,,,1080825,土地0建物1車位0,十層,10,華廈(10層含以下有電梯),住家用,鋼筋混凝土造,0950330,112.13000000000001,2,1,1,有,無,無,20000,178,,0.0,0,,RPUNMLMKRHOFFAA48CC
文山區,建物,臺北市文山區木新路三段339巷1弄1~30號,0.0,住,,,1080829,土地0建物1車位0,,4,公寓(5樓含以下無電梯),住家用,鋼筋混凝土造,,80.73,3,2,1,有,無,有,18000,223,,0.0,0,,RPXNMLMKRHOFFAA78CC
文山區,建物,臺北市文山區溪口街61~90號,0.0,住,,,1080821,土地0建物1車位1,六層,13,住宅大樓(11層含以上有電梯),見其他登記事項,鋼筋混凝土造,1070223,164.29,3,2,2,有,有,有,43500,265,坡道平面,41.11,0,租金含管理費,RPPOMLMKRHOFFAA08CC
北投區,建物,臺北市北投區富貴一路1巷1~30號,0.0,住,,,1080802,土地0建物1車位0,六層,7,華廈(10層含以下有電梯),住家用,鋼筋混凝土造,0970121,105.53999999999999,3,2,1,有,有,無,38000,360,,0.0,0,,RPXNMLMKRHOFFEA56CC
北投區,建物,臺北市北投區稻香路161巷1~30號,0.0,住,,,1080801,土地0建物1車位0,五層,11,住宅大樓(11層含以上有電梯),住家用,鋼筋混凝土造,0930312,92.89,1,2,2,有,有,無,25000,269,坡道機械,0.0,0,,RPQOMLMKRHOFFEA58CC
北投區,建物,臺北市北投區行義路31~60號,0.0,住,,,1080909,土地0建物1車位1,六層,14,住宅大樓(11層含以上有電梯),住家用,鋼筋混凝土造,0910122,174.78,3,2,2,有,有,有,45000,257,坡道平面,0.0,0,親友、員工或其他特殊關係間之交易。;,RPSOMLMKRHOFFEA78CC
士林區,建物,臺北市士林區承德路四段195巷1~30號,0.0,住,,,1080820,土地0建物1車位1,五層,12,住宅大樓(11層含以上有電梯),住家用,鋼筋混凝土造,0970925,188.36,4,2,2,有,有,有,48000,255,坡道平面,0.0,0,,RPUOMLMKRHOFFEA98CC
北投區,建物,臺北市北投區致遠一路一段61~90號,0.0,住,,,1080907,土地0建物1車位1,七層,8,住宅大樓(11層含以上有電梯),住家用,鋼筋混凝土造,1040903,82.85,2,2,1,有,有,有,33000,398,坡道機械,0.0,0,,RPVOMLMKRHOFFEA09CC
士林區,建物,臺北市士林區士商路61~90號,0.0,住,,,1080810,土地0建物1車位0,四層,5,公寓(5樓含以下無電梯),住家用,鋼筋混凝土造,0740517,100.67,3,2,2,有,無,有,28000,278,,0.0,0,,RPVPMLMKRHOFFEA56CC
士林區,建物,臺北市士林區承德路四段277巷91~120號,0.0,住,,,1080830,土地0建物1車位0,四層,4,公寓(5樓含以下無電梯),住家用,鋼筋混凝土造,0670306,76.0,2,1,1,有,無,有,18000,237,,0.0,0,,RPPQMLMKRHOFFEA68CC
士林區,建物,臺北市士林區文昌路140巷1~30號,0.0,住,,,1080827,土地0建物1車位0,四層,4,公寓(5樓含以下無電梯),住家用,鋼筋混凝土造,0651223,95.13,1,1,1,有,無,有,18000,189,,0.0,0,,RPQQMLMKRHOFFEA78CC
北投區,建物,臺北市北投區尊賢街239巷1~30號,0.0,住,,,1080827,土地0建物1車位0,四層,4,公寓(5樓含以下無電梯),住家用,鋼筋混凝土造,0621224,70.21,3,1,1,有,無,有,18000,256,,0.0,0,,RPRQMLMKRHOFFEA88CC
大安區,建物,臺北市大安區復興南路一段79巷4弄1~30號,0.0,商,,,1080910,土地0建物1車位0,十一層,16,住宅大樓(11層含以上有電梯),住家用,鋼筋混凝土造,0850708,141.66,4,2,2,有,有,有,51097,361,,0.0,0,,RPPNMLNKRHOFFFA58CC
大安區,房地(土地+建物)+車位,臺北市大安區市民大道三段181~210號,32.9,住,,,1080824,土地2建物1車位2,二十二層,23,住宅大樓(11層含以上有電梯),住家用,見其他登記事項,1050111,321.67999999999995,3,2,2,有,有,有,230000,809,坡道平面,49.6,0,,RPQNMLNKRHOFFFA68CC
松山區,房地(土地+建物),臺北市松山區富錦街361~390號,67.75,住,,,1080814,土地1建物1車位0,一層,4,公寓(5樓含以下無電梯),住家用,鋼筋混凝土造,,154.77,5,2,2,有,無,無,90000,582,,0.0,0,,RPQNMLNKRHOFFDA48CC
松山區,房地(土地+建物)+車位,臺北市松山區八德路二段366巷31~60號,44.41,住,,,1080827,土地1建物1車位3,十四層,14,住宅大樓(11層含以上有電梯),住家用,鋼筋混凝土造,1010925,453.09000000000003,3,3,4,有,有,有,205000,580,坡道平面,125.49,0,,RPUNMLNKRHOFFDA88CC
大同區,建物,臺北市大同區大龍街151~180號,0.0,住,,,1080904,土地0建物1車位0,四層,7,華廈(10層含以下有電梯),住家用,鋼筋混凝土造,0850926,170.23,4,2,2,有,有,無,46250,272,,0.0,0,,RPPNMLPKRHOFFBA38CC
士林區,建物,臺北市士林區華齡街185巷1~30號,0.0,商,,,1080823,土地0建物1車位0,二層,15,住宅大樓(11層含以上有電梯),住家用,鋼筋混凝土造,0971014,158.26999999999998,4,2,2,有,有,有,48000,303,,0.0,0,,RPRNMLPKRHOFFEA88CC
士林區,建物,臺北市士林區文昌路155巷1~30號,0.0,住,,,1080829,土地0建物1車位0,二層,4,公寓(5樓含以下無電梯),住家用,鋼筋混凝土造,0621102,84.79,3,1,1,有,無,有,17500,206,,0.0,0,,RPSNMLQKRHOFFEA09CC
士林區,建物,臺北市士林區德行西路31~60號,0.0,工,,,1080826,土地0建物1車位0,四層,11,辦公商業大樓,見其他登記事項,鋼筋混凝土造,0981109,341.47,0,0,0,無,有,有,160000,469,,0.0,0,售價包含裝潢或家電。;實際租賃期間：3年16日,RPUOMLQKRHOFFEA76CC
士林區,建物,臺北市士林區中山北路六段31~60號,0.0,住,,,1080831,土地0建物1車位0,八層,13,住宅大樓(11層含以上有電梯),住家用,鋼筋混凝土造,1010522,167.72,3,1,2,有,有,有,100000,596,,0.0,0,售價包含裝潢或家電。;,RPVOMLQKRHOFFEA86CC
北投區,建物,臺北市北投區文林北路121~150號,0.0,住,,,1080820,土地0建物1車位0,十三層,14,住宅大樓(11層含以上有電梯),住家用,鋼筋混凝土造,0951128,202.04,3,1,2,有,無,有,78000,386,,0.0,0,售價包含裝潢或家電。;親友、員工或其他特殊關係間之交易。;,RPWOMLQKRHOFFEA96CC
大安區,建物,臺北市大安區仁愛路四段61~90號,0.0,其他,,,1080910,土地0建物1車位0,六層,14,辦公商業大樓,商業用,鋼筋混凝土造,0720725,878.44,16,0,0,有,有,無,478296,544,,0.0,0,,RPRNMLQKRHOFFFA09CC
大安區,建物,臺北市大安區復興南路二段181~210號,0.0,商,,,1080820,土地0建物1車位0,三層,4,公寓(5樓含以下無電梯),住家用,鋼筋混凝土造,0600913,128.78,2,0,1,有,有,無,35000,272,,0.0,0,,RPVNMLQKRHOFFFA86CC
大安區,建物,臺北市大安區和平東路二段331~360號,0.0,商,,,1080910,土地0建物1車位0,十一層,12,住宅大樓(11層含以上有電梯),住家用,鋼筋混凝土造,0740909,82.10000000000001,2,2,1,有,有,無,22000,268,,0.0,0,,RPXNMLQKRHOFFFA07CC
大安區,房地(土地+建物),臺北市大安區復興南路一段61~90號,15.12,商,,,1080822,土地2建物1車位0,一層,5,店面(店鋪),商業用,鋼筋混凝土造,,71.72,0,0,0,無,無,無,89700,1251,,0.0,0,,RPPOMLQKRHOFFFA98CC
大安區,房地(土地+建物),臺北市大安區復興南路一段61~90號,3.18,商,,,1080822,土地2建物1車位0,一層,5,店面(店鋪),商業用,鋼筋混凝土造,,31.869999999999997,0,0,0,無,無,無,40300,1265,,0.0,0,,RPQOMLQKRHOFFFA09CC
中正區,建物,臺北市中正區愛國西路1~30號,0.0,商,,,1080812,土地0建物1車位0,五層,8,辦公商業大樓,商業用,鋼筋混凝土造,0710922,99.83,1,1,1,有,有,有,30000,301,,0.0,0,,RPPNMLQKRHOFFBA48CC
中正區,建物,臺北市中正區杭州南路一段111巷1~30號,0.0,住,,,1080810,土地0建物1車位0,二層,4,公寓(5樓含以下無電梯),住家用,加強磚造,,95.41,3,2,2,有,無,無,24000,252,,0.0,0,,RPQNMLQKRHOFFBA58CC
中正區,建物,臺北市中正區和平西路一段1~30號,0.0,商,,,1080911,土地0建物0車位0,九層,11,住宅大樓(11層含以上有電梯),商業用,鋼筋混凝土造,,42.6,2,1,0,有,有,有,16000,376,,0.0,0,,RPOOMLQKRHOFFAA38CC
信義區,建物,臺北市信義區基隆路一段421~450號,0.0,商,,,1080905,土地0建物1車位0,十三層,15,辦公商業大樓,住家用,鋼筋混凝土造,,127.69,4,0,0,有,有,無,47000,368,,0.0,0,,RPQNMLQKRHOFFDA78CC
松山區,房地(土地+建物),臺北市松山區延壽街121~150號,35.75,住,,,1080818,土地1建物1車位0,一層,4,公寓(5樓含以下無電梯),住家用,鋼筋混凝土造,0620910,85.68,3,2,1,有,無,無,57000,665,,0.0,0,,RPUOMLQKRHOFFDA66CC
信義區,建物,臺北市信義區基隆路一段61~90號,0.0,工,,,1080828,土地0建物0車位0,十層,12,其他,見其他登記事項,鋼筋混凝土造,0960919,291.7,1,2,2,有,有,有,50000,171,,0.0,0,,RPXOMLQKRHOFFDA96CC
內湖區,房地(土地+建物),臺北市內湖區南京東路六段361~390號,194.67,工,,,1080731,土地1建物1車位0,見其他登記事項,2,店面(店鋪),見其他登記事項,見其他登記事項,1030930,931.2,1,2,2,有,有,無,350000,376,,0.0,0,,RPPOMLQKRHOFFCA68CC
內湖區,建物,臺北市內湖區文德路66巷32弄1~30號,0.0,住,,,1080915,土地0建物1車位0,二層,7,華廈(10層含以下有電梯),住家用,鋼筋混凝土造,0730204,124.79,3,2,1,有,有,無,28000,224,,0.0,0,,RPQOMLQKRHOFFCA78CC
中山區,建物,臺北市中山區敬業一路128巷1~30號,0.0,商,,,1080915,土地0建物1車位0,一層,11,店面(店鋪),見其他登記事項,鋼筋混凝土造,0961127,138.16,0,0,0,無,有,無,87411,633,,0.0,0,,RPUOMLQKRHOFFCA56CC
內湖區,房地(土地+建物),臺北市內湖區康寧路一段241~270號,66.93,住,,,1080731,土地1建物1車位0,一層,11,店面(店鋪),商業用,鋼筋混凝土造,0940715,235.32,0,0,0,無,有,無,70000,297,,0.0,0,前三年租金每月7萬，第四年起~第五年租金為7.3萬,RPWOMLQKRHOFFCA76CC
中山區,建物,臺北市中山區林森北路301~330號,0.0,商,,,1080718,土地0建物1車位0,五層,15,套房(1房1廳1衛),住家用,見其他登記事項,0990409,45.35,1,1,1,有,有,有,25000,551,,0.0,0,,RPPPMLQKRHOFFCA78CC
中山區,建物,臺北市中山區中山北路一段105巷1~30號,0.0,商,,,1080823,土地0建物1車位0,二層,10,華廈(10層含以下有電梯),見其他登記事項,鋼筋混凝土造,1060110,81.69,1,1,1,有,有,有,55000,673,,0.0,0,售價包含裝潢或家電。;,RPTPMLQKRHOFFCA56CC
內湖區,建物,臺北市內湖區環山路一段121~150號,0.0,住,,,1080910,土地0建物0車位0,三層,4,公寓(5樓含以下無電梯),住家用,鋼筋混凝土造,0660628,20.33,1,0,0,有,無,有,6500,320,,0.0,0,此為分租套房，房號305，第三層共分成6間，一間平均面積約為20.33平方公尺,RPQQMLQKRHOFFCA98CC
內湖區,建物,臺北市內湖區民權東路六段123巷34弄1~30號,0.0,商,,,1080810,土地0建物1車位0,二層,13,住宅大樓(11層含以上有電梯),商業用,鋼筋混凝土造,0970429,128.26,3,2,2,有,有,有,33000,257,,0.0,0,,RPQOMLRKRHOFFCA88CC
內湖區,建物,臺北市內湖區環山路一段121~150號,0.0,住,,,1080910,土地0建物0車位0,三層,4,公寓(5樓含以下無電梯),住家用,鋼筋混凝土造,0660628,20.33,1,0,0,有,無,有,8500,418,,0.0,0,此為分租套房，房號306，第三層共分成6間，一間平均面積約為20.33平方公尺,RPROMLRKRHOFFCA98CC
中山區,建物,臺北市中山區松江路181~210號,0.0,商,,,1080911,土地0建物1車位0,五層,12,辦公商業大樓,住商用,鋼筋混凝土造,0660913,258.13,0,0,0,無,有,無,132819,515,,0.0,0,,RPOQMLRKRHOFFCA88CC
中山區,建物,臺北市中山區長安東路二段61~90號,0.0,商,,,1080912,土地0建物8車位0,四層,11,辦公商業大樓,住家用,鋼筋混凝土造,0670303,499.76,6,0,2,有,無,無,185000,370,,0.0,0,,RPTQMLRKRHOFFCA76CC
中山區,建物,臺北市中山區伊通街61~90號,0.0,住,,,1080916,土地0建物1車位0,一層,3,店面(店鋪),,加強磚造,,78.4,0,0,0,無,無,無,85140,1086,,0.0,0,,RPRSMLRKRHOFFCA76CC
中山區,建物,臺北市中山區民權東路二段92巷1弄1~30號,0.0,住,,,1080910,土地0建物0車位0,全,6,透天厝,住商用,鋼筋混凝土造,0711130,30.22,1,1,1,有,無,有,13300,440,,0.0,0,此為分租套房，房號101，第一層共分6間，一間平均面積約為30.22平方公尺。,RPVSMLRKRHOFFCA17CC
內湖區,建物,臺北市內湖區新湖二路151~180號,0.0,工,,,1080812,土地0建物1車位2,二層,6,廠辦,工業用,鋼筋混凝土造,0910411,328.52,0,0,0,無,有,有,81734,249,坡道平面,0.0,7000,,RPWSMLRKRHOFFCA27CC
中山區,建物,臺北市中山區長安東路二段31~60號,0.0,商,,,1080910,土地0建物0車位0,三層,4,華廈(10層含以下有電梯),,加強磚造,,41.48,1,0,1,有,無,有,11500,277,,0.0,0,此為分租套房，房號301，第三層共分2間，一間平均面積約為41.48平方公尺。,RPOTMLRKRHOFFCA56CC
中山區,建物,臺北市中山區民權東路二段61~90號,0.0,商,,,1080910,土地0建物0車位0,四層,4,公寓(5樓含以下無電梯),住家用,鋼筋混凝土造,0640317,34.61,1,0,1,有,無,有,14900,431,,0.0,0,此為分租套房，房號402，第四層共分4間，一間平均面積約為34.61平方公尺。,RPQTMLRKRHOFFCA76CC
內湖區,建物,臺北市內湖區環山路一段121~150號,0.0,住,,,1080916,土地0建物0車位0,三層,4,公寓(5樓含以下無電梯),住家用,鋼筋混凝土造,0660628,20.32,1,0,0,有,無,有,8000,394,,0.0,0,此物件為分租套房，房號303，第三層共分成6間，一間平均面積約為20.32平方公尺,RPVTMLRKRHOFFCA27CC
內湖區,建物,臺北市內湖區瑞光路235巷1~30號,0.0,住,,,1080831,土地0建物1車位1,七層,7,華廈(10層含以下有電梯),住家用,鋼筋混凝土造,0730210,112.35,3,2,1,有,有,有,30000,267,其他,0.0,0,,RPXTMLRKRHOFFCA47CC
內湖區,建物,臺北市內湖區麗山街62巷12弄1~30號,0.0,住,,,1080908,土地0建物1車位0,三層,4,公寓(5樓含以下無電梯),住家用,鋼筋混凝土造,0670130,87.31,3,2,1,有,無,無,24000,275,,0.0,0,,RPPUMLRKRHOFFCA76CC
內湖區,建物,臺北市內湖區江南街12巷1~30號,0.0,住,,,1080906,土地0建物1車位0,一層,15,店面(店鋪),商業用,鋼筋混凝土造,0860806,64.87,0,0,0,無,無,無,29000,447,,0.0,0,,RPRUMLRKRHOFFCA96CC
中山區,建物,臺北市中山區林森北路511~540號,0.0,商,,,1080916,土地0建物1車位0,七層,14,住宅大樓(11層含以上有電梯),商業用,鋼筋混凝土造,0940826,45.0,2,2,1,有,有,有,23000,511,,0.0,0,,RPSUMLRKRHOFFCA07CC
南港區,建物,臺北市南港區忠孝東路六段481~510號,0.0,工,,,1080913,土地0建物0車位0,二層,4,公寓(5樓含以下無電梯),工業用,鋼筋混凝土造,,30.64,1,0,1,有,無,有,5400,176,,0.0,0,此為分租套房，房號228，第二層共分成32間，一間平均面積約為30.64平方公尺,RPUNMLRKRHOFFDA66CC
信義區,房地(土地+建物),臺北市信義區信義路五段121~150號,11.16,其他,,,1080914,土地1建物1車位0,九層,19,住宅大樓(11層含以上有電梯),住家用,見其他登記事項,0951229,67.17,1,1,1,有,有,有,33000,491,,0.0,0,,RPWOMLRKRHOFFDA96CC
信義區,建物,臺北市信義區忠孝東路五段295巷31~60號,0.0,住,,,1080912,土地0建物0車位0,三層,5,公寓(5樓含以下無電梯),住家用,鋼筋混凝土造,0711228,25.73,1,0,1,有,無,有,13000,505,,0.0,0,此為分租套房，房號304，第三層共分為4間，一間平均面積約為25.73平方公尺。,RPXOMLRKRHOFFDA07CC
信義區,建物,臺北市信義區基隆路一段1~30號,0.0,住,,,1080910,土地0建物1車位0,十層,13,住宅大樓(11層含以上有電梯),住家用,鋼筋混凝土造,1021107,97.48,2,2,2,有,有,有,40000,410,,0.0,0,,RPWPMLRKRHOFFDA07CC
中正區,建物,臺北市中正區泉州街20巷1~30號,0.0,住,,,1080909,土地0建物1車位0,一層,4,公寓(5樓含以下無電梯),住家用,加強磚造,0580120,73.03,0,0,0,無,無,無,20000,274,,0.0,0,,RPVOMLRKRHOFFAA56CC
大同區,建物,臺北市大同區伊寧街75巷1~30號,0.0,住,,,1080812,土地0建物1車位0,五層,5,公寓(5樓含以下無電梯),住家用,鋼筋混凝土造,0730918,127.95,3,2,2,有,無,有,18000,141,,0.0,0,此物件加入106年度社會住宅包代租代管計畫」委託專業服務案,RPRNMLRKRHOFFBA78CC
萬華區,建物,臺北市萬華區西園路二段281巷1~30號,0.0,住,,,1080914,土地0建物0車位0,三層,4,公寓(5樓含以下無電梯),住家用,鋼筋混凝土造,0850718,40.01,1,0,1,有,無,有,13000,325,,0.0,0,此為分租套房，房號302，第三層共分成2間，一間平均面積約為40.01,RPTNMLRKRHOFFBA98CC
萬華區,建物,臺北市萬華區三水街115巷1~30號,0.0,商,,,1080912,土地0建物1車位0,四層,4,公寓(5樓含以下無電梯),住家用,鋼筋混凝土造,0640303,99.06,3,3,2,有,無,有,24000,242,,0.0,0,,RPVNMLRKRHOFFBA56CC
萬華區,建物,臺北市萬華區漢口街二段31~60號,0.0,商,,,1080916,土地0建物1車位0,九層,15,住宅大樓(11層含以上有電梯),住家用,鋼筋混凝土造,1010530,84.14,2,2,1,有,有,有,31000,368,,0.0,0,,RPWNMLRKRHOFFBA66CC
大同區,建物,臺北市大同區重慶北路三段137巷1~30號,0.0,住,,,1080910,土地0建物0車位0,二層,5,公寓(5樓含以下無電梯),住家用,鋼筋混凝土造,0731026,33.54,1,0,1,有,無,有,11000,328,,0.0,0,此為分租套房，房號204，第二層共分4間，一間平均面積約為33.54平方公尺。,RPPOMLRKRHOFFBA68CC
大安區,建物,臺北市大安區四維路124巷1~30號,0.0,住,,,1080912,土地0建物0車位0,全,2,透天厝,,加強磚造,,14.43,1,0,1,有,無,有,7000,485,,0.0,0,,RPRNMLRKRHOFFFA56CC
大安區,建物,臺北市大安區忠孝東路四段170巷17弄1~30號,0.0,住,,,1080801,土地0建物1車位0,見其他登記事項,6,店面(店鋪),住家用,鋼筋混凝土造,,286.59,0,0,0,無,無,有,140000,489,,0.0,0,,RPXNMLRKRHOFFFA17CC
大安區,建物,臺北市大安區新生南路三段1~30號,0.0,商,,,1080902,土地0建物1車位0,十一層,14,住宅大樓(11層含以上有電梯),住家用,鋼筋混凝土造,,127.00999999999999,2,2,2,有,有,無,45000,354,,0.0,0,,RPROMLRKRHOFFFA66CC
士林區,建物,臺北市士林區中山北路六段211~240號,0.0,住,,,1080916,土地0建物2車位0,二層,7,廠辦,住家用,鋼筋混凝土造,0750301,422.96999999999997,0,0,0,無,無,無,130000,307,,0.0,0,,RPROMLRKRHOFFEA56CC
士林區,房地(土地+建物)+車位,臺北市士林區中山北路七段81巷28弄1~30號,102.75,住,,,1080902,土地1建物1車位2,十六層,22,住宅大樓(11層含以上有電梯),住家用,鋼骨鋼筋混凝土造,1000623,581.8199999999999,4,3,4,有,有,有,255000,438,坡道平面,83.96,0,,RPWOMLRKRHOFFEA07CC
士林區,建物,臺北市士林區福國路15巷1~30號,0.0,住,,,1080910,土地0建物1車位0,三層,7,華廈(10層含以下有電梯),住家用,鋼筋混凝土造,0670628,160.97,4,2,2,有,無,有,36000,224,,0.0,0,,RPPPMLRKRHOFFEA09CC
士林區,建物,臺北市士林區中山北路六段157巷1~30號,0.0,工,,,1080824,土地0建物1車位0,六層,15,其他,見其他登記事項,鋼筋混凝土造,0971002,118.36000000000001,2,2,1,有,有,有,73580,622,,0.0,0,,RPRNMLSKRHOFFEA56CC
士林區,建物,臺北市士林區忠誠路二段151~180號,0.0,住,,,1080823,土地0建物2車位0,見其他登記事項,5,店面(店鋪),見使用執照,鋼筋混凝土造,0710225,275.92,0,2,2,有,無,無,135000,489,,0.0,0,2個門牌。承租方法人申請成立中，以自然人申報。租期含免租裝潢期。分段式租金:109-111年150000元、112-114年157500元、115-118年165375元。,RPPPMLSKRHOFFEA56CC
大安區,建物,臺北市大安區安和路二段74巷1~30號,0.0,住,,,1080801,土地0建物1車位0,六層,7,華廈(10層含以下有電梯),住家用,鋼筋混凝土造,0701221,153.39,4,2,2,有,有,有,45000,293,,0.0,0,,RPRNMLSKRHOFFFA66CC
大安區,建物,臺北市大安區信義路四段151~180號,0.0,其他,,,1080823,土地0建物1車位0,七層,21,辦公商業大樓,商業用,鋼筋混凝土造,,149.05,3,2,2,有,有,有,56000,376,,0.0,0,租期含免租裝潢期。,RPVNMLSKRHOFFFA07CC
大同區,建物,臺北市大同區華陰街91~120號,0.0,商,,,1080828,土地0建物1車位0,十二層,15,辦公商業大樓,見其他登記事項,鋼筋混凝土造,1001205,56.54,0,0,0,無,有,無,26000,460,,0.0,0,親友、員工或其他特殊關係間之交易。;,RPXNMLSKRHOFFBA86CC
大同區,建物,臺北市大同區民生西路91~120號,0.0,商,,,1080819,土地0建物1車位0,十一層,13,住宅大樓(11層含以上有電梯),住家用,鋼筋混凝土造,1020826,162.26,2,2,2,有,有,有,72000,444,,0.0,0,,RPOOMLSKRHOFFBA68CC
中正區,建物,臺北市中正區仁愛路二段15巷1~30號,0.0,商,,,1080827,土地0建物1車位0,五層,7,華廈(10層含以下有電梯),住家用,鋼筋混凝土造,0991029,87.22,2,2,1,有,有,有,45000,516,,0.0,0,,RPWOMLSKRHOFFBA86CC
大同區,建物,臺北市大同區太原路151~180號,0.0,商,,,1080820,土地0建物1車位0,十一層,12,住宅大樓(11層含以上有電梯),見其他登記事項,鋼筋混凝土造,1020313,196.04,3,2,2,有,有,有,89000,454,,0.0,0,,RPXOMLSKRHOFFBA96CC
大同區,建物,臺北市大同區蘭州街124巷31~60號,0.0,住,,,1080828,土地0建物1車位0,二層,4,公寓(5樓含以下無電梯),住家用,鋼筋混凝土造,0651014,84.86,2,2,1,有,無,有,16000,189,,0.0,0,,RPOPMLSKRHOFFBA78CC
中正區,建物,臺北市中正區水源路91~120號,0.0,商,,,1080824,土地0建物1車位0,六層,16,住宅大樓(11層含以上有電梯),商業用,鋼筋混凝土造,0810815,169.41,3,2,2,有,有,有,35000,207,,0.0,0,,RPQNMLSKRHOFFAA68CC
中正區,建物,臺北市中正區和平西路二段91~120號,0.0,住,,,1080916,土地0建物1車位1,,10,華廈(10層含以下有電梯),住家用,鋼筋混凝土造,1040318,105.6,2,1,1,有,有,有,37000,350,升降平面,24.78,0,,RPVNMLSKRHOFFAA56CC
中正區,建物,臺北市中正區廈門街61~90號,0.0,商,,,1080826,土地0建物1車位0,六層,12,住宅大樓(11層含以上有電梯),見其他登記事項,鋼筋混凝土造,1071023,93.3,2,2,1,有,有,有,30000,322,,0.0,0,,RPPOMLSKRHOFFAA68CC
中正區,建物,臺北市中正區羅斯福路三段84巷1~30號,0.0,住,,,1080820,土地0建物1車位0,四層,5,公寓(5樓含以下無電梯),住家用,鋼筋混凝土造,,74.08,2,2,1,有,無,有,25000,337,,0.0,0,,RPQOMLSKRHOFFAA78CC
文山區,建物,臺北市文山區木柵路三段48巷3弄1~30號,0.0,住,,,1080827,土地0建物1車位1,見其他登記事項,10,華廈(10層含以下有電梯),見使用執照,鋼筋混凝土造,0850809,202.20999999999998,4,2,1,有,有,有,35000,173,坡道平面,0.0,0,車位面積無法分算,RPUOMLSKRHOFFAA56CC
信義區,建物,臺北市信義區松德路151~180號,0.0,住,,,1080905,土地0建物1車位0,十二層,30,辦公商業大樓,商業用,鋼骨混凝土造,0820524,210.9,0,0,0,無,有,無,80000,379,,0.0,0,,RPQNMLSKRHOFFDA98CC
信義區,建物,臺北市信義區信義路五段121~150號,0.0,其他,,,1080810,土地0建物1車位0,五層,25,套房(1房1廳1衛),住家用,見其他登記事項,0931130,79.97999999999999,1,1,1,有,有,有,70000,875,,0.0,0,,RPQPMLSKRHOFFDA56CC
內湖區,建物,臺北市內湖區民權東路六段90巷15弄1~30號,0.0,住,,,1080810,土地0建物1車位0,三層,5,公寓(5樓含以下無電梯),住家用,鋼筋混凝土造,0730127,103.81,3,2,2,有,無,有,28000,270,,0.0,0,,RPRNMLSKRHOFFCA98CC
內湖區,建物,臺北市內湖區民權東路六段280巷45弄1~30號,0.0,住,,,1080826,土地0建物0車位0,五層,5,套房(1房1廳1衛),住家用,鋼筋混凝土造,0770627,36.6,1,0,1,有,有,有,14000,383,,0.0,0,部分承租公設無法分算,RPVNMLSKRHOFFCA76CC
中山區,建物,臺北市中山區松江路121~150號,0.0,商,,,1080910,土地0建物1車位0,八層,12,辦公商業大樓,商業用,鋼筋混凝土造,0831014,92.16,0,0,0,無,有,無,43000,467,,0.0,0,,RPVPMLSKRHOFFCA96CC
中山區,建物,臺北市中山區新生北路二段68巷1~30號,0.0,商,,,1080917,土地0建物1車位0,二層,12,住宅大樓(11層含以上有電梯),住家用,見其他登記事項,1050602,67.78999999999999,2,1,1,有,有,有,49000,723,,0.0,0,含管理費,RPTQMLSKRHOFFCA86CC
內湖區,房地(土地+建物),臺北市內湖區行善路211~240號,36.23,住,,,1080916,土地1建物1車位0,十三層,15,住宅大樓(11層含以上有電梯),住家用,鋼筋混凝土造,0990329,273.16,3,2,2,有,無,無,90000,329,,0.0,0,,RPWQMLSKRHOFFCA17CC
內湖區,建物,臺北市內湖區文德路220巷1~30號,0.0,住,,,1080824,土地0建物1車位0,七層,11,住宅大樓(11層含以上有電梯),住家用,鋼筋混凝土造,1040616,220.54,4,2,2,有,有,無,55000,249,,0.0,0,,RPXQMLSKRHOFFCA27CC
內湖區,建物,臺北市內湖區內湖路一段301~330號,0.0,工,,,1080901,土地0建物1車位1,四層,10,廠辦,工業用,鋼筋混凝土造,0930225,213.14,0,0,0,無,有,有,63000,296,坡道平面,29.78,0,部份分租,RPRRMLSKRHOFFCA76CC
內湖區,建物,臺北市內湖區陽光街68巷61~90號,0.0,住,,,1080824,土地0建物1車位0,六層,14,住宅大樓(11層含以上有電梯),住家用,鋼筋混凝土造,0900410,130.19,4,2,2,有,有,無,40000,307,,0.0,0,,RPTRMLSKRHOFFCA96CC
內湖區,建物,臺北市內湖區成功路三段61~90號,0.0,住,,,1080918,土地0建物1車位0,一層,5,店面(店鋪),商業用,鋼筋混凝土造,0701127,19.47,0,0,0,無,無,無,25000,1284,,0.0,0,分租店面 約1/4 部份,RPVRMLSKRHOFFCA17CC
內湖區,建物,臺北市內湖區新豐街61~90號,0.0,住,,,1080825,土地0建物1車位0,九層,10,華廈(10層含以下有電梯),住家用,鋼筋混凝土造,1040522,119.88,2,2,1,有,有,有,38000,317,,0.0,0,,RPPNMLTKRHOFFCA88CC
中山區,建物,臺北市中山區中山北路一段205巷1~30號,0.0,商,,,1080829,土地0建物1車位0,二層,10,華廈(10層含以下有電梯),見其他登記事項,鋼筋混凝土造,1060110,62.31,1,1,1,有,有,有,50000,802,,0.0,0,售價包含裝潢或家電。;親友、員工或其他特殊關係間之交易。;,RPXNMLTKRHOFFCA07CC
中山區,建物,臺北市中山區新生北路三段1~30號,0.0,商,,,1080821,土地0建物1車位0,八層,11,住宅大樓(11層含以上有電梯),住家用,鋼筋混凝土造,1011011,42.61,1,1,1,有,有,有,30000,704,,0.0,0,,RPOPMLTKRHOFFCA98CC
中山區,建物,臺北市中山區民生東路二段151~180號,0.0,商,,,1080905,土地0建物2車位0,七層,12,辦公商業大樓,商業用,鋼筋混凝土造,0770307,843.53,0,0,0,無,有,有,500000,593,,0.0,0,,RPPPMLTKRHOFFCA09CC
內湖區,建物,臺北市內湖區金湖路347巷121弄1~30號,0.0,住,,,1080918,土地0建物1車位0,全,5,透天厝,住家用,鋼筋混凝土造,0941219,356.17,3,2,3,有,有,有,110000,309,坡道平面,77.46,0,,RPVPMLTKRHOFFCA07CC
中山區,建物,臺北市中山區民權東路二段1~30號,0.0,商,,,1080823,土地0建物0車位0,六層,12,套房(1房1廳1衛),住家用,鋼筋混凝土造,0730319,24.8,1,0,1,有,無,有,8500,343,,0.0,0,部分承租。租金含水費。,RPOQMLTKRHOFFCA09CC
南港區,建物,臺北市南港區園區街1~30號,0.0,住,,,1080825,土地0建物1車位0,見其他登記事項,14,店面(店鋪),見其他登記事項,鋼筋混凝土造,0980611,111.49,0,2,1,有,有,有,35000,314,,0.0,0,租金含管理費。,RPRNMLTKRHOFFDA56CC
松山區,建物,臺北市松山區東興路1~30號,0.0,住,,,1080828,土地0建物1車位0,四層,16,辦公商業大樓,見使用執照,鋼骨混凝土造,0850524,288.92,0,0,0,無,無,無,102200,354,,0.0,0,,RPSOMLTKRHOFFDA76CC
信義區,建物,臺北市信義區信義路五段121~150號,0.0,其他,,,1080825,土地0建物1車位0,十三層,25,住宅大樓(11層含以上有電梯),住家用,見其他登記事項,0931130,190.39,1,2,2,有,有,有,95000,499,,0.0,0,,RPQPMLTKRHOFFDA66CC
信義區,建物,臺北市信義區逸仙路42巷1~30號,0.0,住,,,1080901,土地0建物1車位0,一層,7,店面(店鋪),見使用執照,鋼筋混凝土造,,146.45,0,0,0,無,有,無,82800,565,,0.0,0,,RPXPMLTKRHOFFDA37CC
信義區,車位,臺北市信義區松仁路61~90號,0.0,其他,,,1080901,土地0建物0車位1,,18,其他,停車空間,見使用執照,0880119,50.13,0,0,0,有,有,無,8400,,坡道平面,50.13,8400,,RPOQMLTKRHOFFDA56CC
信義區,房地(土地+建物)+車位,臺北市信義區松仁路61~90號,4283.0,其他,,,1080901,土地1建物1車位1,見其他登記事項,18,辦公商業大樓,見其他登記事項,見使用執照,0880119,747.23,0,0,0,無,有,無,573165,769,坡道平面,14.88,10000,,RPQQMLTKRHOFFDA76CC
中正區,建物,臺北市中正區師大路211~240號,0.0,住,,,1080831,土地0建物1車位0,,13,住宅大樓(11層含以上有電梯),住家用,鋼筋混凝土造,0991027,135.21,3,2,2,有,無,有,48000,355,,0.0,0,,RPROMLTKRHOFFAA98CC
文山區,建物,臺北市文山區景興路91~120號,0.0,其他,,,1080831,土地0建物1車位0,見其他登記事項,4,店面(店鋪),,鋼筋混凝土造,,119.22,0,0,0,無,無,無,58000,486,,0.0,0,租賃期間含免租金裝潢期,RPVOMLTKRHOFFAA76CC
萬華區,建物,臺北市萬華區內江街81巷1~30號,0.0,商,,,1080916,土地0建物1車位0,三層,4,公寓(5樓含以下無電梯),住家用,鋼筋混凝土造,0590126,37.47,1,1,1,有,無,有,11280,301,,0.0,0,,RPVNMLTKRHOFFBA76CC
大同區,建物,臺北市大同區市民大道一段181~210號,0.0,其他,,,1080830,土地0建物1車位0,十三層,18,住宅大樓(11層含以上有電梯),住家用,見其他登記事項,0980724,92.43,2,1,1,有,有,有,50500,546,,0.0,0,售價包含裝潢或家電。;親友、員工或其他特殊關係間之交易。;,RPWNMLTKRHOFFBA86CC
大同區,建物,臺北市大同區市民大道一段181~210號,0.0,其他,,,1080831,土地0建物1車位0,十一層,18,住宅大樓(11層含以上有電梯),住家用,見其他登記事項,0980724,84.62,2,1,1,有,有,有,55000,650,,0.0,0,售價包含裝潢或家電。;親友、員工或其他特殊關係間之交易。;,RPXNMLTKRHOFFBA96CC
萬華區,建物,臺北市萬華區漢口街二段1~30號,0.0,商,,,1080827,土地0建物1車位0,八層,14,住宅大樓(11層含以上有電梯),住家用,鋼筋混凝土造,1001125,100.11000000000001,2,1,1,有,有,有,47000,469,,0.0,0,,RPQOMLTKRHOFFBA98CC
大同區,建物,臺北市大同區民生西路391~420號,0.0,住,,,1080917,土地0建物1車位0,見其他登記事項,8,華廈(10層含以下有電梯),商業用,鋼筋混凝土造,0670703,115.92,1,1,1,有,無,無,40000,345,,0.0,0,,RPQPMLTKRHOFFBA09CC
大安區,建物,臺北市大安區仁愛路四段61~90號,0.0,其他,,,1080825,土地0建物1車位0,四層,14,住宅大樓(11層含以上有電梯),住家用,鋼筋混凝土造,,101.22,3,2,2,有,有,有,41000,405,,0.0,0,,RPQNMLTKRHOFFFA66CC
大安區,建物,臺北市大安區四維路14巷1~30號,0.0,商,,,1080912,土地0建物1車位0,一層,7,店面(店鋪),商業用,鋼筋混凝土造,0720914,289.23,0,0,0,無,有,有,145000,501,,0.0,0,,RPROMLTKRHOFFFA86CC
大安區,建物,臺北市大安區延吉街131巷1~30號,0.0,住,,,1080916,土地0建物1車位0,一層,6,店面(店鋪),住家用,鋼筋混凝土造,,135.93,0,0,0,無,無,無,120000,883,,0.0,0,,RPSOMLTKRHOFFFA96CC
大安區,建物,臺北市大安區信義路四段361~390號,0.0,商,,,1080911,土地0建物1車位1,十一層,15,住宅大樓(11層含以上有電梯),住家用,鋼筋混凝土造,1001027,309.85,3,2,3,有,有,有,115000,371,坡道平面,38.69,0,,RPPPMLTKRHOFFFA76CC
大安區,房地(土地+建物),臺北市大安區復興南路二段160巷1~30號,261.45,商,,,1080918,土地2建物1車位0,三層,15,住宅大樓(11層含以上有電梯),住家用,鋼骨鋼筋混凝土造,1080116,114.35,3,2,1,有,有,無,50000,437,,0.0,0,,RPRPMLTKRHOFFFA96CC
萬華區,建物,臺北市萬華區桂林路121~150號,0.0,商,,,1080912,土地0建物1車位0,五層,21,住宅大樓(11層含以上有電梯),住家用,鋼筋混凝土造,1050307,83.17,2,1,1,有,有,有,32000,385,,0.0,0,,RPTOMLTKRHOFFBA76DC
北投區,建物,臺北市北投區文林北路75巷61~90號,0.0,其他,,,1080809,土地0建物1車位0,二層,13,住宅大樓(11層含以上有電梯),見其他登記事項,鋼筋混凝土造,1061117,191.64,3,2,2,有,有,有,34000,177,坡道平面,43.1,0,,RPOOMLTKRHOFFEA09CC
北投區,建物,臺北市北投區溫泉路37巷1~30號,0.0,商,,,1080911,土地0建物1車位0,十二層,13,住宅大樓(11層含以上有電梯),住家用,鋼筋混凝土造,0941111,36.91,1,0,1,有,有,有,14000,379,,0.0,0,台北市都發局社會住宅包租代管計畫,RPROMLTKRHOFFEA76CC
北投區,建物,臺北市北投區裕民二路31~60號,0.0,商,,,1080822,土地0建物1車位0,八層,15,住宅大樓(11層含以上有電梯),住家用,鋼筋混凝土造,0950630,155.26,3,2,2,有,有,有,65000,419,一樓平面,51.44,0,,RPUOMLTKRHOFFEA07CC
士林區,建物,臺北市士林區延平北路五段285巷61~90號,0.0,住,,,1080917,土地0建物1車位0,一層,5,公寓(5樓含以下無電梯),住家用,鋼筋混凝土造,0690505,152.24,0,0,0,無,無,無,50000,328,,0.0,0,,RPWOMLTKRHOFFEA27CC
士林區,建物,臺北市士林區中山北路七段14巷1~30號,0.0,商,,,1080823,土地0建物1車位0,二層,7,華廈(10層含以下有電梯),住家用,鋼筋混凝土造,0711116,145.07999999999998,3,2,2,有,有,有,43000,296,,0.0,0,,RPXOMLTKRHOFFEA37CC
士林區,建物,臺北市士林區仰德大道三段250巷1~30號,0.0,住,,,1080830,土地0建物1車位0,全,3,透天厝,住家用,加強磚造,0600402,353.37,4,2,5,有,無,有,270000,764,,0.0,0,,RPWPMLTKRHOFFEA37CC
北投區,建物,臺北市北投區文林北路94巷31~60號,0.0,住,,,1080809,土地0建物1車位0,十二層,13,住宅大樓(11層含以上有電梯),住家用,鋼筋混凝土造,0991115,175.83,2,2,2,有,有,有,60000,341,,0.0,0,,RPRQMLTKRHOFFEA96CC
士林區,建物,臺北市士林區忠誠路一段171巷12弄1~30號,0.0,住,,,1080827,土地0建物1車位1,十二層,12,住宅大樓(11層含以上有電梯),住家用,鋼筋混凝土造,0981231,206.37,4,2,2,有,有,有,68500,332,坡道平面,0.0,0,,RPXQMLTKRHOFFEA57CC
士林區,建物,臺北市士林區德行西路1~30號,0.0,工,,,1080916,土地0建物4車位0,見其他登記事項,15,辦公商業大樓,見其他登記事項,見其他登記事項,1080104,2880.71,0,0,0,無,有,無,1507776,523,,0.0,0,,RPXNMLKLRHOFFEA09CC
北投區,建物,臺北市北投區吉利街259巷31~60號,0.0,住,,,1080831,土地0建物1車位0,五層,5,公寓(5樓含以下無電梯),住家用,鋼筋混凝土造,0690429,105.98,3,2,2,有,無,有,20000,189,,0.0,0,,RPTPMLKLRHOFFEA88CC
士林區,建物,臺北市士林區中山北路七段14巷1~30號,0.0,商,,,1080823,土地0建物1車位0,八層,12,住宅大樓(11層含以上有電梯),住家用,鋼筋混凝土造,0690430,145.27,3,2,2,有,有,有,60000,413,,0.0,0,,RPOQMLKLRHOFFEA48CC
大安區,建物,臺北市大安區瑞安街208巷31~60號,0.0,住,,,1080830,土地0建物1車位0,三層,7,華廈(10層含以下有電梯),住家用,鋼筋混凝土造,1040511,43.480000000000004,1,1,1,有,無,有,32000,736,,0.0,0,,RPVNMLKLRHOFFFA98CC
大安區,車位,臺北市大安區復興南路一段61~90號,0.0,住,,,1080831,土地0建物0車位1,,16,其他,見使用執照,鋼筋混凝土造,0701230,43.38,0,0,0,有,有,無,5500,,坡道平面,43.38,5500,,RPWNMLKLRHOFFFA09CC
大安區,建物,臺北市大安區安和路一段1~30號,23.09,商,,,1080901,土地0建物1車位0,十層,12,住宅大樓(11層含以上有電梯),住家用,鋼筋混凝土造,,185.20999999999998,4,2,2,有,無,有,73250,0,,0.0,0,,RPXNMLKLRHOFFFA56CC
大安區,建物,臺北市大安區忠孝東路四段331~360號,0.0,商,,,1080909,土地0建物1車位0,五層,12,住宅大樓(11層含以上有電梯),商業用,鋼筋混凝土造,,197.95999999999998,3,1,3,有,無,有,90000,455,,0.0,0,,RPOOMLKLRHOFFFA38CC
大安區,建物,臺北市大安區羅斯福路三段269巷31~60號,0.0,住,,,1080907,土地0建物1車位0,四層,7,華廈(10層含以下有電梯),住家用,鋼筋混凝土造,0721015,126.02000000000001,2,2,2,有,無,有,43000,341,,0.0,0,,RPQOMLKLRHOFFFA58CC
大安區,建物,臺北市大安區仁愛路四段91~120號,0.0,其他,,,1080801,土地0建物1車位1,十一層,15,辦公商業大樓,住家用,鋼筋混凝土造,0730920,355.74,0,0,0,無,有,有,210000,590,坡道平面,48.37,0,,RPSOMLKLRHOFFFA78CC
大安區,建物,臺北市大安區敦化南路二段265巷1~30號,0.0,其他,,,1080912,土地0建物1車位0,二層,4,公寓(5樓含以下無電梯),住家用,鋼筋混凝土造,0630816,103.73,3,2,2,有,無,無,25000,241,,0.0,0,,RPUOMLKLRHOFFFA98CC
大同區,建物,臺北市大同區重慶北路三段243巷1~30號,0.0,住,,,1080826,土地0建物1車位0,見其他登記事項,6,華廈(10層含以下有電梯),住家用,鋼筋混凝土造,0840126,280.3,4,3,2,有,有,有,46000,164,,0.0,0,,RPROMLKLRHOFFBA28CC
大同區,建物,臺北市大同區雙連街61~90號,0.0,住,,,1080904,土地0建物1車位0,三層,15,住宅大樓(11層含以上有電梯),住家用,鋼筋混凝土造,1060726,132.61,3,2,2,有,無,有,75000,566,,0.0,0,,RPSOMLKLRHOFFBA38CC
中正區,建物,臺北市中正區臨沂街32巷1~30號,0.0,住,,,1080909,土地0建物1車位0,三層,7,華廈(10層含以下有電梯),住家用,鋼筋混凝土造,1040206,46.879999999999995,1,1,1,有,無,有,30000,640,,0.0,0,,RPTOMLKLRHOFFBA48CC
萬華區,建物,臺北市萬華區康定路91~120號,0.0,商,,,1080906,土地0建物1車位0,十六層,26,住宅大樓(11層含以上有電梯),住家用,見其他登記事項,1050331,92.08,2,2,1,有,無,有,42000,456,,0.0,0,,RPUOMLKLRHOFFBA58CC
文山區,建物,臺北市文山區景興路181~210號,0.0,商,,,1080831,土地0建物1車位0,九層,18,套房(1房1廳1衛),商業用,鋼骨鋼筋混凝土造,0831210,55.209999999999994,1,1,1,有,有,有,14000,254,,0.0,0,,RPPNMLKLRHOFFAA87CC
中正區,建物,臺北市中正區和平西路一段1~30號,0.0,商,,,1080919,土地0建物0車位0,十層,11,住宅大樓(11層含以上有電梯),商業用,鋼筋混凝土造,,42.6,2,1,1,有,無,有,16000,376,,0.0,0,,RPTOMLKLRHOFFAA38CC
信義區,建物,臺北市信義區忠孝東路五段236巷27弄1~30號,0.0,住,,,1080917,土地0建物0車位0,二層,5,華廈(10層含以下有電梯),住家用,鋼筋混凝土造,0821027,195.85,2,1,1,有,有,有,87000,444,,0.0,0,,RPPPMLKLRHOFFDA38CC
松山區,建物,臺北市松山區民生東路五段181~210號,0.0,商,,,1080831,土地0建物1車位0,一層,16,店面(店鋪),商業用,鋼筋混凝土造,0721229,55.26,0,0,0,無,有,有,26000,471,,0.0,0,,RPPQMLKLRHOFFDA48CC
信義區,建物,臺北市信義區信義路五段91~120號,0.0,其他,,,1080910,土地0建物2車位2,十九層,27,住宅大樓(11層含以上有電梯),住家用,鋼骨鋼筋混凝土造,0961228,582.8,4,2,3,有,無,有,330000,566,坡道平面,86.8,0,,RPSQMLKLRHOFFDA78CC
松山區,房地(土地+建物),臺北市松山區新中街2巷1~30號,54.2,住,,,1080920,土地1建物1車位0,一層,4,公寓(5樓含以下無電梯),住家用,鋼筋混凝土造,,119.55,5,3,2,有,無,有,72500,606,,0.0,0,,RPRRMLKLRHOFFDA78CC
內湖區,房地(土地+建物),臺北市內湖區康樂街136巷3弄1~30號,24.95,商,,,1080918,土地1建物1車位0,十二層,13,住宅大樓(11層含以上有電梯),住家用,鋼筋混凝土造,0870122,64.79,1,2,1,有,有,有,19000,293,,0.0,0,,RPXNMLKLRHOFFCA88CC
內湖區,建物,臺北市內湖區大湖山莊街121~150號,0.0,其他,,,1080827,土地0建物1車位1,五層,14,住宅大樓(11層含以上有電梯),住家用,鋼筋混凝土造,0931130,220.72,4,2,2,有,有,有,55000,249,坡道平面,42.36,0,,RPPOMLKLRHOFFCA18CC
內湖區,建物,臺北市內湖區內湖路三段60巷31~60號,0.0,住,,,1080907,土地0建物1車位1,十六層,19,住宅大樓(11層含以上有電梯),住家用,鋼筋混凝土造,1060407,186.6,3,2,2,有,無,有,56761,304,坡道平面,26.22,0,,RPXOMLKLRHOFFCA98CC
中山區,建物,臺北市中山區明水路631~660號,0.0,商,,,1080831,土地0建物1車位1,六層,10,辦公商業大樓,商業用,鋼筋混凝土造,0961011,52.32,0,1,1,有,有,有,18000,344,塔式車位,15.86,0,有民情風俗因素之交易。;,RPRPMLKLRHOFFCA48CC
內湖區,建物,臺北市內湖區港墘路127巷1~30號,0.0,住,,,1080920,土地0建物1車位0,一層,12,店面(店鋪),商業用,鋼筋混凝土造,0860319,99.17,0,0,0,無,無,有,58500,590,,0.0,0,,RPUPMLKLRHOFFCA78CC
中山區,建物,臺北市中山區中山北路一段83巷31~60號,0.0,商,,,1080911,土地0建物1車位0,十層,15,住宅大樓(11層含以上有電梯),住家用,鋼筋混凝土造,0970314,63.550000000000004,1,1,1,有,有,有,30000,472,,0.0,0,,RPUNMLLLRHOFFCA68CC
中山區,建物,臺北市中山區中山北路二段77巷1~30號,0.0,商,,,1080920,土地0建物1車位0,十一層,14,辦公商業大樓,商業用,鋼筋混凝土造,0901112,81.73,1,1,1,有,有,有,43000,526,,0.0,0,,RPVNMLLLRHOFFCA78CC
中山區,建物,臺北市中山區敬業一路128巷31~60號,0.0,商,,,1080830,土地0建物1車位0,四層,7,其他,商業用,鋼筋混凝土造,0960912,37.86,0,1,1,有,有,有,20000,528,,0.0,0,,RPRNMLMLRHOFFCA48CC
文山區,建物,臺北市文山區羅斯福路六段142巷1~30號,0.0,住,,,1080830,土地0建物1車位1,三層,6,華廈(10層含以下有電梯),住家用,鋼筋混凝土造,0860816,78.81,2,2,1,有,有,有,27500,349,坡道機械,19.9,0,租期含免租裝潢期。租金含管理費。,RPPNMLMLRHOFFAA08CC
大安區,建物,臺北市大安區新生南路三段60巷1~30號,0.0,住,,,1080827,土地0建物1車位0,二層,4,公寓(5樓含以下無電梯),,加強磚造,,41.62,2,2,1,有,無,有,15000,360,,0.0,0,,RPPNMLMLRHOFFFA58CC
大安區,建物,臺北市大安區忠孝東路四段121~150號,0.0,商,,,1080826,土地0建物1車位0,十層,12,辦公商業大樓,住家用,鋼筋混凝土造,0710209,69.66,0,0,0,無,無,無,27000,388,,0.0,0,,RPPNMLNLRHOFFFA68CC
大安區,建物,臺北市大安區安和路一段91~120號,0.0,住,,,1080902,土地0建物1車位0,一層,12,店面(店鋪),見使用執照,鋼筋混凝土造,0660817,138.49,0,0,0,無,有,無,153252,1107,,0.0,0,,RPOOMLNLRHOFFFA68CC
大安區,建物,臺北市大安區四維路22巷1~30號,0.0,住,,,1080902,土地0建物1車位0,見其他登記事項,4,店面(店鋪),,鋼筋混凝土造,,113.35,0,0,0,無,無,無,77000,679,,0.0,0,有民情風俗因素之交易。;租期含免租裝潢期。,RPQOMLNLRHOFFFA88CC
大安區,房地(土地+建物),臺北市大安區仁愛路四段122巷1~30號,145.99,住,,,1080903,土地1建物1車位0,六層,7,華廈(10層含以下有電梯),住家用,鋼筋混凝土造,0700722,163.54,3,2,2,有,無,有,60000,367,,0.0,0,,RPVOMLNLRHOFFFA76CC
信義區,建物,臺北市信義區忠孝東路四段511~540號,0.0,住,,,1080905,土地0建物1車位0,二層,12,住宅大樓(11層含以上有電梯),住家用,鋼筋混凝土造,,192.88,3,0,2,有,有,無,66150,343,,0.0,0,,RPVQMLNLRHOFFDA86DC
北投區,建物,臺北市北投區富貴一路1~30號,0.0,住,,,1080830,土地0建物1車位0,五層,7,華廈(10層含以下有電梯),住家用,鋼筋混凝土造,0720208,122.87,3,2,2,有,有,有,40000,326,,0.0,0,,RPXOMLNLRHOFFEA86CC
士林區,建物,臺北市士林區小西街31~60號,0.0,其他,,,1080905,土地0建物1車位0,一層,3,店面(店鋪),住家用,磚造,0420220,58.15,0,0,0,無,無,無,45000,774,,0.0,0,,RPWPMLNLRHOFFEA86CC
士林區,建物,臺北市士林區大南路331~360號,0.0,工,,,1080903,土地0建物0車位0,十三層,15,其他,見其他登記事項,鋼筋混凝土造,0961108,148.1,3,2,1,有,有,有,35800,242,,0.0,0,,RPRQMLNLRHOFFEA09CC
文山區,建物,臺北市文山區興隆路一段55巷27弄1~30號,0.0,住,,,1080902,土地0建物1車位0,五層,7,華廈(10層含以下有電梯),住家用,鋼筋混凝土造,,100.93,4,2,2,有,有,有,33000,327,,0.0,0,,RPOOMLNLRHOFFAA18CC
中正區,建物,臺北市中正區和平西路一段1~30號,0.0,商,,,1080921,土地0建物0車位0,十層,11,住宅大樓(11層含以上有電梯),商業用,鋼筋混凝土造,,42.61,1,0,1,有,無,有,12500,293,,0.0,0,,RPQPMLNLRHOFFAA48CC
中正區,建物,臺北市中正區武昌街一段1~30號,0.0,商,,,1080902,土地0建物1車位0,一層,9,店面(店鋪),見使用執照,鋼筋混凝土造,0670517,77.59,0,0,0,無,有,有,65000,838,,0.0,0,,RPTOMLNLRHOFFBA78CC
大同區,建物,臺北市大同區華陰街61~90號,0.0,商,,,1080904,土地0建物1車位1,十層,13,住宅大樓(11層含以上有電梯),住家用,鋼筋混凝土造,1020118,175.26999999999998,3,2,2,有,有,有,85000,485,塔式車位,13.91,0,租金含管理費,RPVOMLNLRHOFFBA98CC
萬華區,建物,臺北市萬華區康定路91~120號,0.0,商,,,1080812,土地0建物1車位0,二十層,26,住宅大樓(11層含以上有電梯),住家用,見其他登記事項,1050331,63.71,0,0,0,無,有,有,30000,471,,0.0,0,,RPOPMLNLRHOFFBA38CC
南港區,建物,臺北市南港區舊莊街一段3巷12弄1~30號,0.0,住,,,1080920,土地0建物1車位0,五層,7,華廈(10層含以下有電梯),住家用,鋼筋混凝土造,0830603,98.44,3,1,2,有,有,有,18000,183,,0.0,0,台北市社會住宅包租代管計畫專案,RPUNMLNLRHOFFDA98CC
松山區,建物,臺北市松山區民生東路五段181~210號,0.0,住,,,1080902,土地0建物1車位0,見其他登記事項,4,店面(店鋪),住家用,鋼筋混凝土造,,114.64,0,0,0,無,無,有,85000,741,,0.0,0,,RPQOMLNLRHOFFDA68CC
信義區,房地(土地+建物),臺北市信義區松山路515巷2弄1~30號,30.0,住,,,1080916,土地1建物1車位0,一層,4,公寓(5樓含以下無電梯),住家用,鋼筋混凝土造,0591230,85.84,2,2,1,有,無,無,37500,437,,0.0,0,,RPUOMLNLRHOFFDA09CC
信義區,建物,臺北市信義區吳興街284巷1~30號,0.0,住,,,1080909,土地0建物1車位0,九層,11,住宅大樓(11層含以上有電梯),住家用,鋼筋混凝土造,1030805,104.27000000000001,2,1,2,有,有,有,63584,610,,0.0,0,,RPXOMLNLRHOFFDA76CC
信義區,建物,臺北市信義區松勇路31~60號,0.0,住,,,1080905,土地0建物1車位1,六層,8,華廈(10層含以下有電梯),住家用,鋼筋混凝土造,0870122,208.29,3,2,2,有,有,有,58660,282,升降平面,49.81,0,親友、員工或其他特殊關係間之交易。;,RPUPMLNLRHOFFDA56CC
信義區,建物,臺北市信義區林口街91~120號,0.0,住,,,1080903,土地0建物1車位0,見其他登記事項,4,店面(店鋪),商業用,鋼筋混凝土造,,79.17,0,0,0,無,無,無,35000,442,,0.0,0,租期含免租裝潢期。,RPUQMLNLRHOFFDA66CC
內湖區,建物,臺北市內湖區民權東路六段241~270號,0.0,住,,,1080826,土地0建物1車位1,一層,8,華廈(10層含以下有電梯),商業用,鋼筋混凝土造,0971128,45.34,2,1,1,有,有,無,30000,662,升降機械,6.76,0,,RPVNMLNLRHOFFCA98CC
中山區,建物,臺北市中山區民權東路一段31~60號,0.0,商,,,1080826,土地0建物1車位0,二層,12,辦公商業大樓,商業用,鋼筋混凝土造,0730622,103.8,1,0,0,無,有,無,33000,318,,0.0,0,,RPWNMLNLRHOFFCA09CC
中山區,建物,臺北市中山區林森北路259巷1~30號,0.0,商,,,1080920,土地0建物1車位0,一層,7,店面(店鋪),商業用,鋼筋混凝土造,0730922,25.51,0,0,0,無,無,無,10000,392,,0.0,0,,RPXNMLNLRHOFFCA56CC
內湖區,建物,臺北市內湖區民權東路六段180巷42弄1~30號,0.0,商,,,1080901,土地0建物1車位0,八層,15,住宅大樓(11層含以上有電梯),住家用,鋼筋混凝土造,1070718,96.53,2,2,1,有,有,有,35000,363,,0.0,0,,RPSOMLNLRHOFFCA78CC
中山區,建物,臺北市中山區松江路93巷1~30號,0.0,住,,,1080810,土地0建物1車位0,六層,6,華廈(10層含以下有電梯),住家用,鋼筋混凝土造,0860417,194.72,3,1,2,有,無,有,55000,282,,0.0,0,,RPVOMLNLRHOFFCA09CC
中山區,建物,臺北市中山區敬業一路121~150號,0.0,商,,,1080828,土地0建物1車位0,三層,9,辦公商業大樓,商業用,鋼筋混凝土造,0940127,33.26,1,1,1,有,有,有,20000,601,,0.0,0,,RPRPMLNLRHOFFCA78CC
中山區,建物,臺北市中山區北安路541~570號,0.0,住,,,1080903,土地0建物1車位0,四層,4,公寓(5樓含以下無電梯),住家用,鋼筋混凝土造,0671227,89.4,3,2,2,有,無,有,28000,313,,0.0,0,,RPSPMLNLRHOFFCA88CC
中山區,建物,臺北市中山區明水路361~390號,0.0,住,,,1080906,土地0建物1車位0,六層,15,住宅大樓(11層含以上有電梯),住家用,鋼筋混凝土造,0850527,132.25,3,2,2,有,有,有,56000,423,坡道平面,0.0,0,,RPTPMLNLRHOFFCA98CC
內湖區,建物,臺北市內湖區新富街151~180號,0.0,住,,,1080903,土地0建物1車位2,七層,14,住宅大樓(11層含以上有電梯),住家用,鋼筋混凝土造,1010601,422.14,3,2,3,有,有,無,100000,237,坡道平面,84.86,0,,RPSQMLNLRHOFFCA98CC
內湖區,建物,臺北市內湖區康寧路三段75巷151~180號,0.0,住,,,1080917,土地0建物1車位1,二層,3,公寓(5樓含以下無電梯),住家用,鋼筋混凝土造,0841222,142.14000000000001,3,2,2,有,有,有,30000,211,坡道平面,0.0,0,,RPUQMLNLRHOFFCA56CC
中山區,建物,臺北市中山區明水路541~570號,0.0,住,,,1080905,土地0建物1車位0,三層,16,套房(1房1廳1衛),住家用,鋼筋混凝土造,0850530,42.75,1,1,1,有,有,有,19000,444,,0.0,0,,RPWQMLNLRHOFFCA76CC
中山區,建物,臺北市中山區撫順街1~30號,0.0,商,,,1080905,土地0建物1車位0,六層,15,套房(1房1廳1衛),住家用,鋼筋混凝土造,1000630,64.37,1,1,1,有,有,有,32000,497,,0.0,0,,RPXQMLNLRHOFFCA86CC
內湖區,建物,臺北市內湖區民權東路六段206巷121~150號,0.0,住,,,1080904,土地0建物1車位1,二層,5,華廈(10層含以下有電梯),住家用,鋼筋混凝土造,1020823,207.24,3,2,2,有,有,無,48000,232,坡道平面,37.27,0,,RPVRMLNLRHOFFCA76CC
中山區,建物,臺北市中山區興安街61~90號,0.0,住,,,1080905,土地0建物1車位0,一層,15,店面(店鋪),見其他登記事項,鋼筋混凝土造,0750314,148.58,0,0,0,無,有,無,85000,572,,0.0,0,租金調漲:第三年起租金調漲為90000元/月,RPPSMLNLRHOFFCA88CC
中山區,建物,臺北市中山區復興北路151~180號,0.0,商,,,1080912,土地0建物1車位0,十六層,16,辦公商業大樓,商業用,鋼筋混凝土造,0851205,146.78,0,0,0,無,有,無,80000,545,,0.0,0,,RPTSMLNLRHOFFCA66CC
中山區,房地(土地+建物)+車位,臺北市中山區敬業三路162巷91~120號,0.0,住,,,1080812,土地0建物1車位1,一層,10,華廈(10層含以下有電梯),住家用,鋼筋混凝土造,0890628,143.04,3,2,2,有,有,無,35000,245,坡道平面,0.0,0,,RPUSMLNLRHOFFCA76CC
中山區,建物,臺北市中山區新生北路三段1~30號,0.0,住,,,1080902,土地0建物1車位0,十層,12,住宅大樓(11層含以上有電梯),商業用,鋼筋混凝土造,0950209,43.79,2,1,1,有,無,有,28000,639,,0.0,0,,RPWOMLOLRHOFFCA66CC
中山區,建物,臺北市中山區新生北路二段68巷1~30號,0.0,商,,,1080910,土地0建物1車位0,四層,12,住宅大樓(11層含以上有電梯),住家用,鋼筋混凝土造,0970813,31.64,0,0,0,無,無,有,20000,632,,0.0,0,,RPOPMLOLRHOFFCA58CC
內湖區,建物,臺北市內湖區成功路四段61巷31~60號,0.0,住,,,1080921,土地0建物1車位2,二層,15,住宅大樓(11層含以上有電梯),住家用,鋼筋混凝土造,1060905,233.44,3,2,2,有,有,有,52000,223,坡道平面,0.0,0,含管理費,RPQPMLOLRHOFFCA78CC
內湖區,建物,臺北市內湖區成功路二段250巷1~30號,0.0,住,,,1080922,土地0建物1車位0,一層,5,公寓(5樓含以下無電梯),見使用執照,鋼筋混凝土造,0681228,89.68,0,0,0,無,無,無,32000,357,,0.0,0,,RPUPMLOLRHOFFCA56CC
中山區,建物,臺北市中山區南京東路二段121~150號,0.0,商,,,1080918,土地0建物0車位0,全,4,透天厝,,加強磚造,,20.05,1,0,1,有,無,有,11700,584,,0.0,0,此為分租套房，房號301，第三層共分成8間，一間平均面積約為20.05平方公尺,RPQQMLOLRHOFFCA88CC
內湖區,建物,臺北市內湖區內湖路三段31~60號,0.0,住,,,1080923,土地0建物0車位0,四層,5,公寓(5樓含以下無電梯),住家用,鋼筋混凝土造,0701125,31.37,1,0,1,有,有,有,19000,606,,0.0,0,此物件為分租套房，房號402，第四層共分成3間，一間平均面積約為31.37平方公尺,RPRQMLOLRHOFFCA98CC
內湖區,建物,臺北市內湖區陽光街92巷14弄1~30號,0.0,住,,,1080921,土地0建物0車位0,五層,5,公寓(5樓含以下無電梯),住家用,鋼筋混凝土造,0711224,15.8,1,0,1,有,無,有,8000,506,,0.0,0,此為分租套房，房號502，第五層共分5間，一間平均面積約為15.8平方公尺。,RPORMLOLRHOFFCA78CC
中山區,建物,臺北市中山區新生北路二段91~120號,0.0,商,,,1080913,土地0建物1車位0,五層,14,住宅大樓(11層含以上有電梯),商業用,鋼筋混凝土造,0760305,38.09,1,1,1,有,無,有,14000,368,,0.0,0,,RPRRMLOLRHOFFCA09CC
中山區,建物,臺北市中山區長春路121~150號,0.0,商,,,1080901,土地0建物0車位0,三層,4,公寓(5樓含以下無電梯),住家用,加強磚造,0560823,29.22,1,0,1,有,無,有,15000,513,,0.0,0,,RPURMLOLRHOFFCA76CC
信義區,建物,臺北市信義區忠孝東路五段743巷21弄1~30號,0.0,住,,,1080913,土地0建物1車位0,十層,11,住宅大樓(11層含以上有電梯),見其他登記事項,鋼筋混凝土造,1040821,67.37,2,2,1,有,有,有,41000,609,,0.0,0,含管理費,RPSNMLOLRHOFFDA88CC
信義區,建物,臺北市信義區忠孝東路五段295巷31~60號,0.0,住,,,1080920,土地0建物0車位0,三層,5,公寓(5樓含以下無電梯),住家用,鋼筋混凝土造,0711228,25.73,1,0,1,有,無,有,11000,428,,0.0,0,此為分租套房，房號303，第三層共分成4間，一間平均面積約為25.73平方公尺,RPTNMLOLRHOFFDA98CC
松山區,建物,臺北市松山區復興北路481~510號,0.0,住,,,1080905,土地0建物1車位0,十一層,11,住宅大樓(11層含以上有電梯),住家用,鋼筋混凝土造,0960216,82.85,1,1,1,有,有,有,33000,398,,0.0,0,,RPWNMLOLRHOFFDA66CC
信義區,建物,臺北市信義區信義路五段91~120號,0.0,其他,,,1080906,土地0建物1車位1,十六層,19,住宅大樓(11層含以上有電梯),住家用,鋼筋混凝土造,0980702,87.59,1,1,1,有,無,有,33000,377,坡道平面,14.97,0,,RPOOMLOLRHOFFDA58CC
南港區,建物,臺北市南港區八德路四段871~900號,0.0,商,,,1080911,土地0建物1車位0,六層,16,辦公商業大樓,商業用,鋼筋混凝土造,0841219,48.32,1,0,1,有,有,有,16500,341,,0.0,0,1.租期：自民國108年09月16日起至民國109年09月15日止。2.每月租金：新台幣16500元整是內含公共設施維護費＄1462元，經雙方同意公共設施維護費是由出租人負責給付繳納，出租人每月租金實際上收取新台幣15038元整。,RPUOMLOLRHOFFDA56CC
信義區,建物,臺北市信義區忠孝東路五段372巷1~30號,0.0,住,,,1080923,土地0建物0車位0,四層,4,公寓(5樓含以下無電梯),住家用,鋼筋混凝土造,0600820,15.45,1,0,1,有,無,有,10500,680,,0.0,0,此為分租套房，房號405，第四層共分5間，一間平均面積約為15.45平方公尺。,RPQPMLOLRHOFFDA88CC
大同區,建物,臺北市大同區延平北路二段210巷1~30號,0.0,商,,,1080920,土地0建物0車位0,全,3,透天厝,,加強磚造,,38.7,1,1,1,有,無,有,10800,279,,0.0,0,此為分租套房，房號102，第一層共分成2間，一間平均面積約為38.7平方公尺,RPTNMLOLRHOFFBA78CC
大同區,建物,臺北市大同區貴德街31~60號,0.0,其他,,,1080816,土地0建物1車位0,一層,4,店面(店鋪),商業用,鋼筋混凝土造,0640426,112.43,0,0,0,無,無,無,31000,276,,0.0,0,,RPXOMLOLRHOFFBA66CC
大同區,建物,臺北市大同區長安西路145巷1~30號,0.0,商,,,1080920,土地0建物0車位0,四層,5,公寓(5樓含以下無電梯),住家用,鋼筋混凝土造,0781007,19.87,1,0,1,有,無,有,8700,438,,0.0,0,此為分租套房，房號402，第四層共分4間，一間平均面積約為19.87平方公尺。,RPVPMLOLRHOFFBA56CC
大同區,建物,臺北市大同區赤峰街44巷1~30號,0.0,商,,,1080901,土地0建物1車位0,三層,4,公寓(5樓含以下無電梯),住家用,鋼筋混凝土造,0600120,54.86,2,1,1,有,有,有,17000,310,,0.0,0,,RPOQMLOLRHOFFBA58CC
中正區,建物,臺北市中正區羅斯福路二段8巷1~30號,0.0,住,,,1080831,土地0建物1車位0,二層,9,華廈(10層含以下有電梯),住家用,鋼筋混凝土造,1000408,88.39,2,1,1,有,有,有,38000,430,,0.0,0,,RPROMLOLRHOFFAA58CC
文山區,建物,臺北市文山區羅斯福路四段181~210號,0.0,其他,,,1080905,土地0建物1車位0,五層,12,其他,見其他登記事項,鋼筋混凝土造,0961017,58.510000000000005,2,1,1,有,有,有,26000,444,,0.0,0,,RPSOMLOLRHOFFAA68CC
中正區,建物,臺北市中正區和平西路一段1~30號,0.0,商,,,1080923,土地0建物0車位0,六層,11,住宅大樓(11層含以上有電梯),商業用,鋼筋混凝土造,,22.9,1,0,1,有,無,有,6900,301,,0.0,0,此物件為分租套房，房號619，第六層總共分成21間，平均一間為22.9平方公尺,RPTOMLOLRHOFFAA78CC
中正區,建物,臺北市中正區和平西路一段1~30號,0.0,商,,,1080923,土地0建物0車位0,六層,11,住宅大樓(11層含以上有電梯),商業用,鋼筋混凝土造,,22.9,1,0,1,有,無,有,6900,301,,0.0,0,此物件為分租套房，房號618，第六層總共分成21間，平均一間為22.9平方公尺,RPUOMLOLRHOFFAA88CC
中正區,建物,臺北市中正區和平西路一段1~30號,0.0,商,,,1080923,土地0建物0車位0,六層,11,住宅大樓(11層含以上有電梯),商業用,鋼筋混凝土造,,22.9,1,0,1,有,無,有,6500,284,,0.0,0,此為分租套房，房號617，第六層共分成21間，平均一間為22.9平方公尺,RPVOMLOLRHOFFAA98CC
士林區,建物,臺北市士林區承德路四段331~360號,0.0,住,,,1080922,土地0建物0車位0,二層,5,公寓(5樓含以下無電梯),住家用,鋼筋混凝土造,0700820,19.650000000000002,1,0,1,有,無,有,10300,524,,0.0,0,此為分租套房，房號201，第二層共分成5間，平均一間面積約為19.65平方公尺,RPPNMLOLRHOFFEA68CC
士林區,建物,臺北市士林區承德路四段331~360號,0.0,住,,,1080922,土地0建物0車位0,四層,5,公寓(5樓含以下無電梯),住家用,,0700820,19.650000000000002,1,0,0,有,無,有,6360,324,,0.0,0,此為分租套房，房號401，第四層共分成5間，一間平均面積約為19.65平方公尺,RPQNMLOLRHOFFEA78CC
北投區,建物,臺北市北投區永興路一段46巷1~30號,0.0,住,,,1080922,土地0建物0車位0,全,2,透天厝,住家用,加強磚造,0600623,30.69,1,0,1,有,無,有,13000,424,,0.0,0,此為分租套房，房號201，第二層共分成2間，一間平均面積約為30.69平芳公尺,RPSNMLOLRHOFFEA98CC
北投區,車位,臺北市北投區永興路二段31~60號,0.0,住,,,1080830,土地0建物0車位1,,0,其他,住家用,鋼筋混凝土造,1030218,10.05,0,0,0,有,有,無,3000,,升降機械,10.05,3000,,RPWNMLOLRHOFFEA76CC
北投區,車位,臺北市北投區永興路二段31~60號,0.0,住,,,1080830,土地0建物0車位1,,0,其他,住家用,鋼筋混凝土造,1030218,10.05,0,0,0,有,有,無,3000,,升降機械,10.05,3000,,RPOOMLOLRHOFFEA68CC
北投區,建物,臺北市北投區中和街481~510號,0.0,住,,,1080913,土地0建物0車位0,四層,5,公寓(5樓含以下無電梯),住家用,鋼筋混凝土造,0711227,29.06,1,0,1,有,無,有,7000,241,,0.0,0,此為分租套房，房號404，第四層共分成4間，一間平均面積約為29.06平方公尺,RPPOMLOLRHOFFEA78CC
北投區,建物,臺北市北投區中和街493巷1弄1~30號,0.0,住,,,1080920,土地0建物0車位0,五層,5,公寓(5樓含以下無電梯),住家用,鋼筋混凝土造,0711227,28.25,1,0,1,有,無,有,6800,241,,0.0,0,此為分租套房，房號501，第五層共分4間，一間平均面積約為28.25平方公尺。,RPPPMLOLRHOFFEA88CC
北投區,建物,臺北市北投區中和街493巷1弄1~30號,0.0,住,,,1080921,土地0建物0車位0,四層,5,公寓(5樓含以下無電梯),住家用,鋼筋混凝土造,0711227,25.27,1,0,1,有,無,有,7300,289,,0.0,0,此為分租套房，房號402，第四層共分4間，一間平均面積約為25.27平方公尺。,RPQPMLOLRHOFFEA98CC
北投區,建物,臺北市北投區自強街31巷31~60號,0.0,住,,,1080912,土地0建物1車位0,四層,5,華廈(10層含以下有電梯),住家用,鋼筋混凝土造,0841028,60.07,2,2,1,有,無,有,25000,416,,0.0,0,,RPRPMLOLRHOFFEA09CC
中山區,建物,臺北市中山區松江路121~150號,0.0,商,,,1080905,土地0建物1車位0,六層,17,辦公商業大樓,見其他登記事項,見其他登記事項,1011116,247.16000000000003,0,0,0,無,有,無,183187,741,,0.0,0,,RPTRMLOLRHOFFCA76DC
大安區,建物,臺北市大安區敦化南路二段31~60號,0.0,商,,,1080910,土地0建物1車位0,十二層,20,辦公商業大樓,商業用,鋼筋混凝土造,0720714,133.2,1,0,2,有,有,有,70000,526,,0.0,0,分租,RPXOMLOLRHOFFFA17DC
大安區,建物,臺北市大安區瑞安街31~60號,0.0,住,,,1080912,土地0建物0車位0,二層,4,公寓(5樓含以下無電梯),,加強磚造,,24.77,1,0,1,有,無,有,11000,444,,0.0,0,此為分租套房，房號201，第二層共分成5間，一間平均面積約為24.77平方公尺,RPUOMLOLRHOFFFA76CC
大安區,建物,臺北市大安區敦化南路二段265巷1~30號,0.0,其他,,,1080819,土地0建物1車位0,一層,4,店面(店鋪),住家用,鋼筋混凝土造,0630816,103.45,1,2,1,有,無,無,83933,811,,0.0,0,,RPVOMLOLRHOFFFA86CC
大安區,建物,臺北市大安區大安路一段51巷31~60號,0.0,商,,,1080820,土地0建物1車位0,一層,4,店面(店鋪),,加強磚造,,72.72,0,0,0,無,無,無,73000,1004,,0.0,0,分割出租,RPPNMLPLRHOFFFA88CC
士林區,建物,臺北市士林區中山北路六段195巷1~30號,0.0,住,,,1080925,土地0建物1車位0,二層,14,住宅大樓(11層含以上有電梯),住家用,鋼筋混凝土造,0970506,142.22,3,2,2,有,無,有,80000,563,,0.0,0,,RPVNMLPLRHOFFEA76CC
士林區,建物,臺北市士林區天母東路1~30號,0.0,商,,,1080913,土地0建物1車位0,五層,7,華廈(10層含以下有電梯),住家用,鋼筋混凝土造,0780107,140.84,3,2,2,有,有,有,75000,533,,0.0,0,,RPQOMLPLRHOFFEA98CC
北投區,建物,臺北市北投區中山路31~60號,0.0,其他,,,1080920,土地0建物1車位0,四層,4,華廈(10層含以下有電梯),住家用,鋼筋混凝土造,0730419,34.8,0,0,0,無,無,有,9360,269,,0.0,0,,RPVOMLPLRHOFFEA86CC
士林區,建物,臺北市士林區仰德大道一段6巷61~90號,0.0,住,,,1080924,土地0建物0車位0,一層,1,公寓(5樓含以下無電梯),住家用,磚造,0520201,11.39,1,0,1,有,無,有,4500,395,,0.0,0,此為分租套房，房號102，第一層共分6間，一間平均面積約為11.39平方公尺。,RPPQMLPLRHOFFEA09CC
北投區,建物,臺北市北投區三合街一段79巷1~30號,0.0,住,,,1080830,土地0建物1車位1,九層,9,華廈(10層含以下有電梯),住家用,鋼筋混凝土造,1050712,275.05,3,2,3,有,有,有,88000,320,坡道平面,44.25,0,,RPRQMLPLRHOFFEA66CC
中正區,建物,臺北市中正區泉州街31~60號,0.0,住,,,1080920,土地0建物1車位0,一層,4,公寓(5樓含以下無電梯),見其他登記事項,加強磚造,0550308,62.14,0,1,1,有,無,無,35000,563,,0.0,0,,RPTNMLPLRHOFFAA78CC
中正區,建物,臺北市中正區羅斯福路一段58巷17弄1~30號,44.0,住,,,1080921,土地0建物1車位0,全,1,透天厝,,木造,,23.14,2,2,2,有,無,有,25000,1080,,0.0,0,,RPVNMLPLRHOFFAA98CC
萬華區,建物,臺北市萬華區西寧南路271~300號,0.0,商,,,1080911,土地0建物1車位0,四層,13,住宅大樓(11層含以上有電梯),住家用,鋼筋混凝土造,1060113,72.77,2,1,2,有,有,有,36000,495,,0.0,0,,RPTNMLPLRHOFFBA88CC
大同區,建物,臺北市大同區民權西路151~180號,0.0,商,,,1080901,土地0建物1車位0,十二層,13,住宅大樓(11層含以上有電梯),住家用,鋼筋混凝土造,1031029,140.8,3,2,2,有,有,有,60000,426,,0.0,0,,RPUNMLPLRHOFFBA98CC
大同區,建物,臺北市大同區民生西路91~120號,0.0,商,,,1071001,土地0建物1車位0,二層,13,住宅大樓(11層含以上有電梯),住家用,鋼筋混凝土造,1020826,81.83,2,2,1,有,有,有,50000,611,,0.0,0,親友、員工或其他特殊關係間之交易。;,RPVNMLPLRHOFFBA09CC
萬華區,建物,臺北市萬華區和平西路三段361~390號,0.0,住,,,1080920,土地0建物1車位0,四層,8,華廈(10層含以下有電梯),住家用,鋼筋混凝土造,0700706,29.54,0,0,0,無,無,有,8500,288,,0.0,0,,RPQPMLPLRHOFFBA78CC
大同區,建物,臺北市大同區酒泉街10巷1~30號,0.0,商,,,1080830,土地0建物1車位0,六層,10,華廈(10層含以下有電梯),住家用,鋼筋混凝土造,1010403,157.33,3,2,2,有,有,有,72000,458,,0.0,0,,RPTPMLPLRHOFFBA09CC
松山區,建物,臺北市松山區南京東路五段1~30號,0.0,商,,,1080919,土地0建物1車位0,十一層,11,辦公商業大樓,住家用,鋼筋混凝土造,0600302,211.58,0,0,0,無,有,無,80000,378,,0.0,0,,RPRNMLPLRHOFFDA88CC
松山區,建物,臺北市松山區民權東路三段106巷3弄61~90號,0.0,住,,,1080901,土地0建物1車位0,七層,7,華廈(10層含以下有電梯),住家用,鋼筋混凝土造,0740301,131.3,3,2,2,有,有,有,60000,457,,0.0,0,親友、員工或其他特殊關係間之交易。;,RPSNMLPLRHOFFDA98CC
松山區,建物,臺北市松山區南京東路五段211~240號,0.0,其他,,,1080903,土地0建物1車位0,十一層,18,套房(1房1廳1衛),住家用,鋼筋混凝土造,0980331,55.68000000000001,1,1,1,有,有,有,32000,575,,0.0,0,親友、員工或其他特殊關係間之交易。;,RPTNMLPLRHOFFDA09CC
松山區,建物,臺北市松山區敦化北路155巷61~90號,0.0,住,,,1080913,土地0建物1車位1,四層,8,華廈(10層含以下有電梯),住家用,鋼筋混凝土造,0920106,177.29,3,2,2,有,有,有,45000,254,坡道平面,0.0,0,含管理費,RPOOMLPLRHOFFDA68CC
松山區,建物,臺北市松山區敦化北路199巷16弄1~30號,0.0,住,,,1080918,土地0建物1車位0,五層,7,華廈(10層含以下有電梯),住家用,鋼筋混凝土造,0750714,141.76,3,2,2,有,有,有,48000,339,,0.0,0,,RPPOMLPLRHOFFDA78CC
松山區,建物,臺北市松山區復興北路151~180號,0.0,商,,,1080920,土地0建物1車位0,四層,12,住宅大樓(11層含以上有電梯),商業用,鋼筋混凝土造,,116.69,1,1,2,有,有,無,50000,428,,0.0,0,,RPROMLPLRHOFFDA98CC
信義區,建物,臺北市信義區基隆路二段151~180號,0.0,商,,,1080918,土地0建物1車位0,四層,15,住宅大樓(11層含以上有電梯),住家用,鋼筋混凝土造,0990901,99.9,2,1,1,有,有,有,50000,501,,0.0,0,,RPSOMLPLRHOFFDA09CC
松山區,建物,臺北市松山區八德路四段361~390號,0.0,住,,,1080903,土地0建物1車位0,一層,5,店面(店鋪),商業用,鋼筋混凝土造,0750306,85.51,0,0,0,無,無,無,50000,585,,0.0,0,,RPWPMLPLRHOFFDA96CC
信義區,建物,臺北市信義區基隆路二段31~60號,0.0,商,,,1080829,土地0建物1車位1,十二層,16,辦公商業大樓,商業用,鋼骨混凝土造,0820519,363.64,0,0,0,無,無,無,176000,484,坡道平面,0.0,0,租金內含10%租賃所得稅及1.91%二代補充件保費用。租賃範圍包含B4編號61號車位。,RPXPMLPLRHOFFDA07CC
信義區,建物,臺北市信義區松勤街1~30號,0.0,其他,,,1080826,土地0建物1車位0,十八層,19,套房(1房1廳1衛),住家用,見其他登記事項,0961225,49.129999999999995,1,1,1,有,有,有,42000,855,,0.0,0,,RPRQMLPLRHOFFDA56CC
松山區,建物,臺北市松山區南京東路五段151~180號,0.0,商,,,1080905,土地0建物1車位0,見其他登記事項,18,店面(店鋪),見其他登記事項,見其他登記事項,0991112,403.83,0,0,0,無,無,無,280000,693,,0.0,0,"租金內包含10%租賃所得稅及1.91%二代補充保費。108/11/01至112/10/31租金為280,000元整。112/11/01至114/10/31租金為290,000元整。114/11/01至117/10/31租金為300,000元整。117/11/01至118/10/31租金為310,000元整。",RPTQMLPLRHOFFDA76CC
松山區,建物,臺北市松山區南京東路五段151~180號,0.0,其他,,,1080906,土地0建物1車位1,十五層,18,住宅大樓(11層含以上有電梯),住家用,見其他登記事項,0991112,249.33999999999997,3,2,2,有,有,無,116000,465,坡道平面,35.56,0,,RPVQMLPLRHOFFDA96CC
中山區,建物,臺北市中山區龍江路457巷1~30號,0.0,住,,,1080904,土地0建物0車位0,三層,4,公寓(5樓含以下無電梯),住家用,鋼筋混凝土造,0651115,33.0,1,0,1,有,無,有,16500,500,,0.0,0,,RPSNMLPLRHOFFCA88CC
中山區,建物,臺北市中山區民權西路9巷1~30號,0.0,商,,,1080901,土地0建物1車位0,九層,14,住宅大樓(11層含以上有電梯),見其他登記事項,鋼筋混凝土造,1011112,72.04,1,2,1,有,有,有,39000,541,,0.0,0,親友、員工或其他特殊關係間之交易。;,RPXNMLPLRHOFFCA76CC
中山區,建物,臺北市中山區新生北路三段56巷1~30號,0.0,商,,,1080901,土地0建物1車位0,十層,13,住宅大樓(11層含以上有電梯),住家用,鋼筋混凝土造,0981021,76.03,2,2,1,有,有,有,47200,621,,0.0,0,親友、員工或其他特殊關係間之交易。;,RPOOMLPLRHOFFCA58CC
中山區,建物,臺北市中山區中山北路二段151~180號,0.0,商,,,1080916,土地0建物1車位0,四層,14,套房(1房1廳1衛),住家用,鋼骨鋼筋混凝土造,0951129,41.45,1,1,1,有,有,有,30000,724,,0.0,0,,RPQOMLPLRHOFFCA78CC
中山區,建物,臺北市中山區民生東路一段1~30號,0.0,商,,,1080920,土地0建物1車位0,十二層,12,辦公商業大樓,商業用,鋼筋混凝土造,0951012,65.26,1,1,1,有,有,有,39900,611,,0.0,0,,RPROMLPLRHOFFCA88CC
中山區,建物,臺北市中山區龍江路331巷1~30號,0.0,其他,,,1080916,土地0建物1車位0,六層,12,住宅大樓(11層含以上有電梯),住家用,鋼筋混凝土造,0740312,142.37,3,2,2,有,有,有,45000,316,,0.0,0,,RPSOMLPLRHOFFCA98CC
中山區,建物,臺北市中山區新生北路二段68巷1~30號,0.0,商,,,1080917,土地0建物1車位0,十一層,13,住宅大樓(11層含以上有電梯),住家用,鋼筋混凝土造,0971229,75.9,2,1,1,有,有,有,42000,553,,0.0,0,,RPWOMLPLRHOFFCA76CC
中山區,建物,臺北市中山區林森北路361~390號,0.0,商,,,1080924,土地0建物1車位0,十六層,18,辦公商業大樓,商業用,鋼筋混凝土造,0980916,66.62,1,1,1,有,有,有,56000,841,,0.0,0,,RPXOMLPLRHOFFCA86CC
中山區,建物,臺北市中山區復興北路391~420號,0.0,商,,,1080910,土地0建物1車位0,四層,18,住宅大樓(11層含以上有電梯),住家用,鋼筋混凝土造,0751125,79.13,2,1,1,有,有,有,38000,480,,0.0,0,,RPPPMLPLRHOFFCA78CC
中山區,建物,臺北市中山區農安街1巷31~60號,0.0,商,,,1080907,土地0建物1車位0,十二層,14,住宅大樓(11層含以上有電梯),見其他登記事項,鋼筋混凝土造,1050829,136.09,3,2,2,有,有,有,65000,478,,0.0,0,,RPOQMLPLRHOFFCA78CC
中山區,建物,臺北市中山區中山北路二段65巷1~30號,0.0,商,,,1080831,土地0建物1車位0,十三層,14,套房(1房1廳1衛),商業用,鋼筋混凝土造,0901112,88.5,1,1,1,有,有,有,40000,452,,0.0,0,,RPWQMLPLRHOFFCA96CC
中山區,建物,臺北市中山區建國北路一段124巷1~30號,0.0,住,,,1080905,土地0建物1車位0,十一層,16,住宅大樓(11層含以上有電梯),住家用,鋼筋混凝土造,0850727,198.86,3,2,2,有,有,有,55000,277,,0.0,0,,RPORMLPLRHOFFCA88CC
中山區,建物,臺北市中山區中山北路一段121巷31~60號,0.0,商,,,1080901,土地0建物1車位0,八層,14,住宅大樓(11層含以上有電梯),住家用,鋼筋混凝土造,1000128,68.78999999999999,2,1,1,有,有,有,38000,552,,0.0,0,,RPPRMLPLRHOFFCA98CC
內湖區,建物,臺北市內湖區新明路174巷1~30號,0.0,工,,,1080925,土地0建物2車位3,一層,13,廠辦,工業用,鋼筋混凝土造,0800618,2025.4099999999999,0,0,0,無,有,無,560000,276,坡道平面,0.0,0,,RPOOMLQLRHOFFCA68CC
中山區,建物,臺北市中山區松江路69巷1~30號,0.0,商,,,1080905,土地0建物2車位2,見其他登記事項,9,店面(店鋪),見其他登記事項,鋼筋混凝土造,1070831,377.23,0,0,0,無,有,無,135000,358,一樓平面,73.08,0,,RPROMLQLRHOFFCA98CC
中山區,建物,臺北市中山區明水路541~570號,0.0,住,,,1080830,土地0建物1車位1,十層,16,住宅大樓(11層含以上有電梯),住家用,鋼筋混凝土造,0840223,234.36,2,2,2,有,有,有,63000,269,坡道平面,38.58,0,,RPSOMLQLRHOFFCA09CC
中山區,建物,臺北市中山區堤頂大道二段331~360號,0.0,住,,,1080830,土地0建物1車位1,四層,11,住宅大樓(11層含以上有電梯),住家用,鋼筋混凝土造,0920929,292.09000000000003,4,2,3,有,有,有,102168,350,坡道平面,0.0,0,,RPUOMLQLRHOFFCA66CC
中山區,建物,臺北市中山區松江路226巷1~30號,0.0,商,,,1080925,土地0建物0車位0,二層,2,公寓(5樓含以下無電梯),,加強磚造,,17.47,1,0,0,有,無,有,7800,446,,0.0,0,此為分租套房，房號205，第二層共分成5間，一間平均面積約為17.47平方公尺,RPXOMLQLRHOFFCA96CC
松山區,建物,臺北市松山區延壽街91~120號,0.0,住,,,1080326,土地0建物1車位0,一層,4,公寓(5樓含以下無電梯),住家用,鋼筋混凝土造,0630722,115.59,0,0,0,無,無,有,65000,562,,0.0,0,,RPVNMLQLRHOFFDA76CC
信義區,建物,臺北市信義區光復南路571~600號,0.0,商,,,1080903,土地0建物2車位0,見其他登記事項,18,店面(店鋪),見其他登記事項,見其他登記事項,0970822,103.83,0,2,1,有,有,有,56000,539,,0.0,0,,RPWNMLQLRHOFFDA86CC
信義區,建物,臺北市信義區忠孝東路五段781~810號,77.3,住,,,1080923,土地0建物1車位0,一層,4,店面(店鋪),住家用,鋼筋混凝土造,0621205,77.3,0,0,0,無,無,無,65000,841,,0.0,0,,RPXNMLQLRHOFFDA96CC
松山區,建物,臺北市松山區南京東路四段1~30號,0.0,商,,,1080910,土地0建物1車位0,十二層,15,住宅大樓(11層含以上有電梯),住家用,鋼筋混凝土造,0971205,55.870000000000005,1,1,1,有,有,有,30000,537,,0.0,0,,RPSOMLQLRHOFFDA56CC
南港區,建物,臺北市南港區研究院路二段70巷1~30號,0.0,其他,,,1080909,土地0建物1車位0,一層,5,店面(店鋪),見使用執照,鋼筋混凝土造,,84.94,0,1,1,有,無,有,33600,396,,0.0,0,有民情風俗因素之交易。;租賃期間含免租金裝潢期,RPTOMLQLRHOFFDA66CC
南港區,建物,臺北市南港區研究院路一段91~120號,0.0,商,,,1080926,土地0建物1車位0,,18,住宅大樓(11層含以上有電梯),住家用,鋼筋混凝土造,0871109,57.34,1,1,1,有,有,有,30000,523,,0.0,0,,RPXOMLQLRHOFFDA07CC
南港區,建物,臺北市南港區重陽路451~480號,0.0,住,,,1080831,土地0建物1車位0,十三層,15,住宅大樓(11層含以上有電梯),見其他登記事項,鋼筋混凝土造,1050411,97.42999999999999,2,1,1,有,有,有,28445,292,,0.0,0,,RPOPMLQLRHOFFDA88CC
信義區,建物,臺北市信義區基隆路一段1~30號,0.0,商,,,1080924,土地0建物1車位0,一層,13,店面(店鋪),見其他登記事項,鋼筋混凝土造,1021107,94.8,1,1,1,有,有,有,33000,348,,0.0,0,,RPRPMLQLRHOFFDA56CC
南港區,房地(土地+建物),臺北市南港區南港路一段137巷1~30號,29.0,住,,,1080910,土地1建物1車位0,一層,4,公寓(5樓含以下無電梯),見使用執照,鋼筋混凝土造,0660907,102.87,0,0,0,無,無,無,40000,389,,0.0,0,,RPSPMLQLRHOFFDA66CC
中正區,建物,臺北市中正區忠孝東路二段39巷2弄1~30號,0.0,商,,,1080924,土地0建物1車位0,四層,4,公寓(5樓含以下無電梯),住家用,鋼筋混凝土造,0631219,142.21,6,3,4,有,無,無,35000,246,,0.0,0,有民情風俗因素之交易。;含頂加增建,RPOOMLQLRHOFFBA58CC
大同區,建物,臺北市大同區民權西路118巷1~30號,0.0,住,,,1080820,土地0建物1車位0,七層,11,住宅大樓(11層含以上有電梯),見其他登記事項,鋼筋混凝土造,0950704,34.97,0,0,0,無,無,有,25000,715,,0.0,0,,RPPPMLQLRHOFFBA78CC
萬華區,建物,臺北市萬華區東園街66巷24弄1~30號,0.0,住,,,1080925,土地0建物1車位1,四層,13,住宅大樓(11層含以上有電梯),住家用,鋼筋混凝土造,1060515,171.17000000000002,4,2,2,有,有,有,43000,251,坡道平面,2.84,0,,RPTPMLQLRHOFFBA56CC
文山區,建物,臺北市文山區景仁街77巷1弄1~30號,0.0,其他,,,1080910,土地0建物1車位0,二層,4,公寓(5樓含以下無電梯),住家用,磚造,,88.27,3,2,1,有,無,有,21000,238,,0.0,0,,RPTOMLQLRHOFFAA98CC
士林區,建物,臺北市士林區中正路655巷1~30號,0.0,住,,,1080917,土地0建物1車位1,二層,15,住宅大樓(11層含以上有電梯),住家用,鋼筋混凝土造,1030606,158.89999999999998,3,2,2,有,有,有,38000,239,坡道平面,26.71,0,,RPVNMLQLRHOFFEA86CC
北投區,建物,臺北市北投區大業路511~540號,0.0,住,,,1080910,土地0建物1車位0,五層,12,套房(1房1廳1衛),住家用,鋼筋混凝土造,0840915,43.489999999999995,1,1,1,有,有,有,14000,322,,0.0,0,有民情風俗因素之交易。;租金含管理費。,RPQOMLQLRHOFFEA09CC
北投區,建物,臺北市北投區石牌路二段348巷1~30號,0.0,住,,,1080910,土地0建物1車位0,二層,6,套房(1房1廳1衛),住家用,鋼筋混凝土造,0821231,50.05,0,1,1,有,有,有,12500,250,,0.0,0,,RPSOMLQLRHOFFEA66CC
士林區,建物,臺北市士林區大北路1~30號,0.0,商,,,1080906,土地0建物0車位0,三層,5,套房(1房1廳1衛),住家用,鋼筋混凝土造,0760825,16.490000000000002,1,0,1,有,無,有,8300,503,,0.0,0,,RPWOMLQLRHOFFEA07CC
大安區,建物,臺北市大安區復興南路二段271~300號,0.0,商,,,1080902,土地0建物1車位0,九層,12,套房(1房1廳1衛),住家用,鋼筋混凝土造,0770426,49.69,1,1,1,有,有,有,25000,503,,0.0,0,租金含管理費。,RPPNMLQLRHOFFFA98CC
大安區,建物,臺北市大安區樂利路61~90號,0.0,住,,,1080917,土地0建物1車位0,一層,4,店面(店鋪),住家用,鋼筋混凝土造,,100.41,0,0,0,無,無,無,88546,882,,0.0,0,,RPRNMLQLRHOFFFA56CC
大安區,建物,臺北市大安區大安路一段181~210號,0.0,住,,,1080925,土地0建物1車位0,六層,7,華廈(10層含以下有電梯),住家用,鋼筋混凝土造,0661212,184.89999999999998,2,2,1,有,有,有,53000,287,,0.0,0,,RPVNMLQLRHOFFFA96CC
大安區,建物,臺北市大安區敦化南路二段121~150號,0.0,其他,,,1080916,土地0建物1車位0,十六層,16,住宅大樓(11層含以上有電梯),住家用,鋼筋混凝土造,0680219,117.92,3,2,2,有,有,有,48200,409,,0.0,0,,RPOOMLQLRHOFFFA98CC
大安區,建物,臺北市大安區通化街101巷1~30號,0.0,商,,,1080925,土地0建物1車位0,三層,3,公寓(5樓含以下無電梯),住家用,鋼筋混凝土造,0810512,80.56,3,1,1,有,無,有,18000,223,,0.0,0,,RPTOMLQLRHOFFFA86CC
大安區,車位,臺北市大安區敦化南路二段91~120號,0.0,其他,,,1080910,土地0建物0車位1,,14,其他,停車空間,鋼骨鋼筋混凝土造,0900522,25.42,0,0,0,有,有,無,10000,,坡道平面,25.41,10000,,RPUOMLQLRHOFFFA96CC
大安區,建物,臺北市大安區瑞安街208巷31~60號,0.0,住,,,1080924,土地0建物1車位0,五層,7,套房(1房1廳1衛),住家用,鋼筋混凝土造,1040511,44.22,1,1,1,有,無,有,30000,678,,0.0,0,,RPSNMLRLRHOFFFA76CC
大安區,建物,臺北市大安區信義路二段31~60號,0.0,商,,,1080921,土地0建物1車位0,九層,13,住宅大樓(11層含以上有電梯),住家用,鋼筋混凝土造,0990122,37.12,1,1,1,有,無,有,25000,673,,0.0,0,,RPXNMLRLRHOFFFA27CC
大安區,建物,臺北市大安區通安街1~30號,0.0,商,,,1080909,土地0建物1車位0,四層,9,華廈(10層含以下有電梯),住家用,鋼筋混凝土造,1010503,79.87,3,2,1,有,有,有,40000,501,,0.0,0,有民情風俗因素之交易。;房屋用途做辦公室使用,RPQOMLRLRHOFFFA66CC
大安區,建物,臺北市大安區信義路四段121~150號,0.0,其他,,,1080918,土地0建物1車位0,七層,12,住宅大樓(11層含以上有電梯),住家用,鋼筋混凝土造,0691124,140.61,3,1,2,有,無,有,47500,338,,0.0,0,,RPROMLRLRHOFFFA76CC
大安區,建物,臺北市大安區信義路四段211~240號,0.0,住,,,1080917,土地0建物1車位0,五層,14,辦公商業大樓,商業用,鋼筋混凝土造,0700123,124.42,0,0,0,無,無,有,45000,362,,0.0,0,,RPSOMLRLRHOFFFA86CC
大安區,建物,臺北市大安區瑞安街208巷31~60號,0.0,住,,,1080916,土地0建物1車位0,五層,7,華廈(10層含以下有電梯),住家用,鋼筋混凝土造,1040511,41.74,0,1,1,有,無,有,28000,671,,0.0,0,,RPUOMLRLRHOFFFA07CC
大安區,建物,臺北市大安區信義路四段199巷31~60號,0.0,住,,,1080920,土地0建物1車位0,一層,7,店面(店鋪),住家用,鋼筋混凝土造,,113.13,0,0,0,無,有,有,100000,884,,0.0,0,,RPRPMLRLRHOFFFA86CC
士林區,建物,臺北市士林區劍潭路61~90號,0.0,住,,,1080921,土地0建物1車位0,十四層,14,住宅大樓(11層含以上有電梯),住家用,鋼筋混凝土造,0960122,86.91,2,1,1,有,無,有,40000,460,,0.0,0,,RPWNMLRLRHOFFEA07CC
士林區,建物,臺北市士林區忠誠路二段151~180號,0.0,住,,,1080909,土地0建物1車位0,七層,26,住宅大樓(11層含以上有電梯),住家用,鋼骨混凝土造,0841103,192.39999999999998,3,2,2,有,有,有,91000,473,,0.0,0,,RPQOMLRLRHOFFEA56CC
士林區,建物,臺北市士林區福志路61~90號,0.0,住,,,1080925,土地0建物1車位0,七層,7,華廈(10層含以下有電梯),住家用,鋼筋混凝土造,0910109,130.94,3,2,1,有,有,有,34056,260,,0.0,0,,RPSOMLRLRHOFFEA76CC
北投區,建物,臺北市北投區大度路三段270巷61~90號,0.0,其他,,,1080927,土地0建物1車位1,十三層,19,住宅大樓(11層含以上有電梯),見其他登記事項,鋼筋混凝土造,1010217,157.4,1,1,1,有,有,有,34690,220,坡道平面,42.99,0,,RPUOMLRLRHOFFEA96CC
中正區,建物,臺北市中正區仁愛路二段38巷7弄1~30號,0.0,住,,,1080925,土地0建物1車位0,三層,6,華廈(10層含以下有電梯),住家用,鋼筋混凝土造,0820914,33.660000000000004,1,0,1,有,無,有,13500,401,,0.0,0,,RPUNMLRLRHOFFBA56CC
大同區,建物,臺北市大同區延平北路一段1~30號,0.0,商,,,1080803,土地0建物0車位0,九層,11,住宅大樓(11層含以上有電梯),商業用,鋼筋混凝土造,0670530,69.31,4,0,2,有,無,無,20000,289,,0.0,0,此案件 一層隔成三間 分別為兩間套房、一間四房，出租左肆房，依據謄本面積坪數，平均分攤。,RPUOMLRLRHOFFBA66CC
大同區,建物,臺北市大同區延平北路一段1~30號,0.0,商,,,1080802,土地0建物0車位0,九層,11,住宅大樓(11層含以上有電梯),商業用,鋼筋混凝土造,0670530,34.64,0,0,0,無,無,無,12000,346,,0.0,0,此案件一層隔成三間 分別為兩間套房、一間四房，出租右套房A室，依據謄本面積坪數，平均分攤。,RPVOMLRLRHOFFBA76CC
信義區,建物,臺北市信義區信義路五段91~120號,0.0,其他,,,1080921,土地0建物1車位1,十六層,27,住宅大樓(11層含以上有電梯),住家用,鋼骨鋼筋混凝土造,0961228,292.96000000000004,3,2,2,有,有,有,150000,512,坡道平面,43.4,0,,RPOOMLRLRHOFFDA88CC
信義區,建物,臺北市信義區永吉路31~60號,0.0,商,,,1080919,土地0建物1車位0,四層,12,住宅大樓(11層含以上有電梯),見其他登記事項,鋼筋混凝土造,0740126,61.37,2,1,1,有,無,有,26500,432,,0.0,0,,RPPOMLRLRHOFFDA98CC
南港區,建物,臺北市南港區園區街1~30號,33.83,住,,,1080828,土地0建物1車位0,,15,住宅大樓(11層含以上有電梯),住家用,鋼筋混凝土造,1000412,212.93,2,2,2,有,有,有,54000,254,,0.0,0,,RPQPMLRLRHOFFDA56CC
信義區,建物,臺北市信義區吳興街600巷121~150號,0.0,住,,,1080902,土地0建物1車位2,十四層,19,住宅大樓(11層含以上有電梯),住家用,鋼筋混凝土造,0990122,210.68,2,2,2,有,無,有,45502,216,坡道機械,0.0,0,,RPTPMLRLRHOFFDA86CC
松山區,建物,臺北市松山區南京東路五段151~180號,0.0,其他,,,1080902,土地0建物1車位1,十五層,18,住宅大樓(11層含以上有電梯),住家用,見其他登記事項,0991112,249.35,3,2,2,有,無,有,116000,465,坡道平面,35.56,0,,RPWPMLRLRHOFFDA17CC
中山區,建物,臺北市中山區松江路61~90號,0.0,商,,,1080927,土地0建物1車位0,七層,12,辦公商業大樓,商業用,鋼筋混凝土造,0730711,119.80000000000001,0,0,0,無,有,無,55000,459,,0.0,0,,RPVNMLRLRHOFFCA76CC
中山區,建物,臺北市中山區德惠街1~30號,0.0,商,,,1080909,土地0建物1車位0,十層,10,華廈(10層含以下有電梯),住家用,鋼筋混凝土造,0710419,58.47,2,1,1,有,無,有,25000,428,,0.0,0,,RPUOMLRLRHOFFCA76CC
中山區,建物,臺北市中山區林森北路361~390號,0.0,商,,,1080902,土地0建物1車位0,八層,18,套房(1房1廳1衛),商業用,鋼筋混凝土造,0980916,80.91,1,1,1,有,有,有,48000,593,,0.0,0,,RPWOMLRLRHOFFCA96CC
中山區,建物,臺北市中山區新生北路二段68巷1~30號,0.0,商,,,1080910,土地0建物1車位0,九層,13,住宅大樓(11層含以上有電梯),住家用,鋼筋混凝土造,0971229,66.31,2,2,1,有,有,有,40000,603,,0.0,0,,RPPPMLRLRHOFFCA98CC
中山區,建物,臺北市中山區松江路184巷26弄1~30號,0.0,住,,,1080908,土地0建物1車位0,五層,7,華廈(10層含以下有電梯),住家用,鋼筋混凝土造,0971202,109.89,3,2,2,有,有,有,39000,355,,0.0,0,有民情風俗因素之交易。;,RPWPMLRLRHOFFCA07CC
中山區,建物,臺北市中山區德惠街1~30號,0.0,商,,,1080906,土地0建物1車位0,三層,10,華廈(10層含以下有電梯),商業用,鋼筋混凝土造,0710419,38.34,1,0,1,有,無,有,13000,339,,0.0,0,,RPOQMLRLRHOFFCA98CC
內湖區,建物,臺北市內湖區成功路四段301~330號,0.0,住,,,1080916,土地0建物1車位0,二層,4,公寓(5樓含以下無電梯),住家用,鋼筋混凝土造,0700311,90.0,3,2,1,有,無,無,31000,344,,0.0,0,,RPPQMLRLRHOFFCA09CC
內湖區,建物,臺北市內湖區成功路三段174巷1~30號,0.0,商,,,1080829,土地0建物1車位0,十層,11,辦公商業大樓,商業用,鋼筋混凝土造,0841215,160.36,0,0,0,無,有,無,52000,324,,0.0,0,,RPSQMLRLRHOFFCA76CC
中山區,建物,臺北市中山區德惠街31~60號,0.0,商,,,1080901,土地0建物1車位0,九層,10,華廈(10層含以下有電梯),住家用,鋼筋混凝土造,0660606,65.8,1,1,2,有,無,有,22000,334,,0.0,0,,RPTQMLRLRHOFFCA86CC
中山區,建物,臺北市中山區中山北路一段121巷31~60號,0.0,商,,,1080830,土地0建物1車位0,六層,14,住宅大樓(11層含以上有電梯),住家用,鋼筋混凝土造,1000128,70.43,1,1,1,有,無,有,45000,639,,0.0,0,,RPSSMLRLRHOFFCA96CC
內湖區,房地(土地+建物),臺北市內湖區金湖路1~30號,31.1,住,,,1080928,土地1建物1車位0,一層,5,店面(店鋪),住家用,鋼筋混凝土造,0681224,119.17,0,0,0,無,無,有,73000,613,,0.0,0,,RPPNMLSLRHOFFCA88CC
信義區,建物,臺北市信義區松平路121~150號,0.0,住,,,1080903,土地0建物1車位1,九層,15,住宅大樓(11層含以上有電梯),住家用,鋼筋混凝土造,0800927,201.82,3,2,2,有,有,有,73000,362,坡道平面,37.13,0,,RPQNMLSLRHOFFDA09CC
文山區,建物,臺北市文山區景興路31~60號,0.0,住,,,1080828,土地0建物1車位0,一層,4,店面(店鋪),住家用,鋼筋混凝土造,,91.92,0,0,0,無,無,無,40000,435,,0.0,0,,RPQNMLSLRHOFFAA78CC
北投區,建物,臺北市北投區裕民二路61~90號,0.0,商,,,1080911,土地0建物1車位0,四層,19,辦公商業大樓,見其他登記事項,鋼筋混凝土造,1021108,175.54,3,2,2,有,有,有,86000,490,,0.0,0,,RPVNMLSLRHOFFEA07CC
大安區,建物,臺北市大安區和平東路三段308巷31弄1~30號,0.0,住,,,1080901,土地0建物1車位0,二層,5,公寓(5樓含以下無電梯),住家用,鋼筋混凝土造,,101.25,3,2,2,有,無,無,27000,0,,0.0,0,,RPPNMLSLRHOFFFA56CC
內湖區,建物,臺北市內湖區民權東路六段123巷1~30號,0.0,商,,,1080924,土地0建物1車位1,二層,10,華廈(10層含以下有電梯),商業用,鋼筋混凝土造,0880717,284.28,1,0,2,有,有,無,70000,246,坡道平面,38.58,0,,RPPNMLTLRHOFFCA98CC
中山區,房地(土地+建物),臺北市中山區民生東路二段147巷11弄1~30號,153.0,住,,,1080821,土地1建物1車位0,四層,5,公寓(5樓含以下無電梯),住家用,鋼筋混凝土造,0750815,109.61,2,2,1,有,無,無,32000,292,,0.0,0,,RPPNMLKMRHOFFCA18CC
萬華區,房地(土地+建物)+車位,臺北市萬華區貴陽街二段31~60號,10.88,商,,,1080923,土地0建物1車位1,五層,19,住宅大樓(11層含以上有電梯),見其他登記事項,鋼筋混凝土造,1061127,157.43,3,2,2,有,有,有,46000,292,坡道平面,27.87,0,,RPPNMLKMRHOFFBA08CC
大安區,建物,臺北市大安區新生南路三段60巷1~30號,0.0,住,,,1080901,土地0建物1車位0,四層,4,套房(1房1廳1衛),,加強磚造,,41.62,1,0,1,有,無,有,15000,0,,0.0,0,,RPPNMLKMRHOFFFA48CC
大安區,建物,臺北市大安區敦化南路一段271~300號,0.0,其他,,,1080902,土地0建物1車位0,見其他登記事項,14,辦公商業大樓,,鋼筋混凝土造,,31.689999999999998,1,1,1,有,有,有,18000,568,,0.0,0,租金含管理費。,RPRNMLLJIIOFFFA67CC
大安區,建物,臺北市大安區忠孝東路四段181~210號,0.0,商,,,1080903,土地0建物1車位0,五層,12,辦公商業大樓,住家用,鋼筋混凝土造,0611016,161.49,2,2,1,有,有,有,84000,520,,0.0,0,,RPTNMLLJIIOFFFA87CC
大安區,建物,臺北市大安區四維路170巷31~60號,0.0,住,,,1080910,土地0建物1車位0,三層,8,套房(1房1廳1衛),住家用,鋼筋混凝土造,0980115,40.48,1,1,1,有,有,有,28000,692,,0.0,0,,RPOOMLLJIIOFFFA47CC
大安區,建物,臺北市大安區通化街31~60號,0.0,商,,,1080925,土地0建物1車位0,四層,7,華廈(10層含以下有電梯),住家用,鋼筋混凝土造,,48.09,2,1,1,有,有,有,21000,437,,0.0,0,,RPPOMLLJIIOFFFA57CC
士林區,建物,臺北市士林區中山北路六段728巷9弄1~30號,0.0,住,,,1080826,土地0建物1車位0,二層,5,公寓(5樓含以下無電梯),住家用,鋼筋混凝土造,0731113,116.26,3,2,2,有,無,有,35000,301,,0.0,0,,RPSOMLLJIIOFFEA77CC
北投區,建物,臺北市北投區公館路391~420號,0.0,住,,,1080919,土地0建物1車位0,三層,5,公寓(5樓含以下無電梯),住家用,鋼筋混凝土造,0690908,160.75,4,2,2,有,無,無,29500,184,,0.0,0,,RPUPMLLJIIOFFEA08CC
北投區,建物,臺北市北投區三合街一段82巷50弄31~60號,0.0,住,,,1080820,土地0建物1車位2,五層,9,華廈(10層含以下有電梯),住家用,鋼筋混凝土造,1070207,286.21,4,2,2,有,有,有,62000,217,坡道平面,88.5,0,,RPVPMLLJIIOFFEA18CC
大同區,建物,臺北市大同區承德路二段61~90號,0.0,商,,,1080930,土地0建物1車位0,八層,16,辦公商業大樓,商業用,鋼筋混凝土造,0820914,356.12,6,1,0,有,有,無,147633,415,,0.0,0,,RPWNMLLJIIOFFBA77CC
大同區,建物,臺北市大同區華陰街61~90號,0.0,商,,,1080918,土地0建物1車位0,五層,13,住宅大樓(11層含以上有電梯),住家用,鋼筋混凝土造,1020118,85.6,2,1,1,有,有,有,55000,643,,0.0,0,,RPROMLLJIIOFFBA37CC
大同區,建物,臺北市大同區市民大道一段211~240號,0.0,其他,,,1080616,土地0建物1車位0,十三層,18,住宅大樓(11層含以上有電梯),見其他登記事項,見其他登記事項,0980724,65.16,1,1,1,有,有,無,32000,491,,0.0,0,,RPVOMLLJIIOFFBA77CC
大同區,建物,臺北市大同區重慶北路三段137巷1~30號,0.0,住,,,1080927,土地0建物0車位0,四層,5,公寓(5樓含以下無電梯),住家用,鋼筋混凝土造,0731026,33.54,2,1,1,有,無,有,13000,388,,0.0,0,此為分租套房，房號403，第四層共分成4間，一間平均面積約為33.54平方公尺,RPQPMLLJIIOFFBA37CC
中正區,建物,臺北市中正區和平西路一段55巷1~30號,0.0,住,,,1080917,土地0建物1車位0,六層,7,華廈(10層含以下有電梯),住家用,鋼筋混凝土造,0990903,108.87,3,2,2,有,無,有,58600,538,,0.0,0,,RPOPMLLJIIOFFAA07CC
文山區,建物,臺北市文山區興隆路三段181~210號,0.0,住,,,1080928,土地0建物1車位0,二層,5,公寓(5樓含以下無電梯),住家用,鋼筋混凝土造,0730830,93.75,0,0,0,無,無,無,24000,256,,0.0,0,,RPSPMLLJIIOFFAA47CC
信義區,建物,臺北市信義區福德街221巷1~30號,0.0,住,,,1080903,土地0建物1車位0,五層,5,公寓(5樓含以下無電梯),住家用,鋼筋混凝土造,,108.32,3,2,2,有,無,有,20000,185,,0.0,0,,RPWNMLLJIIOFFDA97CC
松山區,建物,臺北市松山區復興北路1~30號,0.0,商,,,1080920,土地0建物1車位1,十四層,16,辦公商業大樓,住家用,鋼筋混凝土造,0710707,303.11,0,0,0,無,有,無,127000,419,坡道平面,0.0,0,,RPROMLLJIIOFFDA57CC
松山區,建物,臺北市松山區健康路391~420號,0.0,住,,,1080826,土地0建物1車位0,九層,15,住宅大樓(11層含以上有電梯),住家用,鋼筋混凝土造,1000706,246.88,4,2,2,有,無,有,119438,484,,0.0,0,,RPUOMLLJIIOFFDA87CC
松山區,建物,臺北市松山區復興北路151~180號,0.0,商,,,1080817,土地0建物1車位0,六層,12,住宅大樓(11層含以上有電梯),住家用,鋼筋混凝土造,,56.36,1,1,1,有,有,無,30000,532,,0.0,0,,RPXOMLLJIIOFFDA18CC
信義區,房地(土地+建物),臺北市信義區信義路五段121~150號,0.0,住,,,1080912,土地1建物1車位0,十八層,19,住宅大樓(11層含以上有電梯),住家用,鋼筋混凝土造,0980702,134.76999999999998,1,1,1,有,無,有,72000,534,,0.0,0,,RPVPMLLJIIOFFDA08CC
信義區,建物,臺北市信義區吳興街1~30號,0.0,住,,,1080910,土地0建物1車位0,三層,4,公寓(5樓含以下無電梯),住家用,鋼筋混凝土造,0611031,101.17,2,2,2,有,無,有,34000,336,,0.0,0,,RPPQMLLJIIOFFDA57CC
信義區,建物,臺北市信義區基隆路二段31~60號,0.0,商,,,1080911,土地0建物1車位0,二層,10,華廈(10層含以下有電梯),商業用,鋼筋混凝土造,0840214,132.57999999999998,0,0,0,無,有,無,40000,302,,0.0,0,,RPQQMLLJIIOFFDA67CC
中山區,建物,臺北市中山區林森北路119巷1~30號,0.0,商,,,1080903,土地0建物1車位0,三層,7,華廈(10層含以下有電梯),住家用,鋼筋混凝土造,0950818,20.82,0,0,0,無,無,有,15000,720,,0.0,0,,RPROMLLJIIOFFCA47CC
中山區,建物,臺北市中山區敬業二路69巷31~60號,0.0,商,,,1080813,土地0建物1車位0,四層,10,辦公商業大樓,見其他登記事項,鋼筋混凝土造,0961218,42.1,1,1,1,有,有,有,23000,546,,0.0,0,,RPUOMLLJIIOFFCA77CC
中山區,建物,臺北市中山區南京東路二段1~30號,0.0,商,,,1080929,土地0建物0車位0,六層,8,華廈(10層含以下有電梯),住商用,鋼筋混凝土造,0580616,16.63,1,0,1,有,無,有,9300,559,,0.0,0,此為分租套房，房號606，第六層共分成8間，一間平均面積約為16.63平方公尺,RPOPMLLJIIOFFCA27CC
中山區,建物,臺北市中山區龍江路457巷1~30號,0.0,住,,,1080927,土地0建物0車位0,一層,4,公寓(5樓含以下無電梯),住家用,鋼筋混凝土造,0651115,16.52,1,0,0,有,無,有,6800,412,,0.0,0,此為分租套房，房號100，第一層共分成6間，一間平均面積約為16.52平方公尺,RPQPMLLJIIOFFCA47CC
中山區,建物,臺北市中山區建國北路二段151巷1~30號,0.0,住,,,1080816,土地0建物1車位0,三層,7,華廈(10層含以下有電梯),住家用,鋼筋混凝土造,0681226,188.14,4,1,1,有,無,無,48000,255,,0.0,0,,RPTNMLMJIIOFFCA67CC
中山區,建物,臺北市中山區天祥路61巷1~30號,0.0,商,,,1080903,土地0建物1車位0,七層,7,華廈(10層含以下有電梯),住家用,鋼筋混凝土造,1030116,82.22999999999999,3,1,1,有,有,有,60000,730,,0.0,0,,RPPOMLMJIIOFFCA37CC
中山區,建物,臺北市中山區中山北路二段31~60號,0.0,商,,,1080911,土地0建物1車位0,四層,12,辦公商業大樓,商業用,鋼筋混凝土造,0761103,167.35999999999999,0,0,0,無,有,有,67000,400,,0.0,0,,RPQOMLMJIIOFFCA47CC
中山區,建物,臺北市中山區林森北路571~600號,0.0,商,,,1080912,土地0建物1車位0,五層,13,住宅大樓(11層含以上有電梯),住家用,鋼筋混凝土造,1000726,129.14999999999998,1,1,1,有,有,有,55000,426,,0.0,0,,RPROMLMJIIOFFCA57CC
內湖區,房地(土地+建物),臺北市內湖區安康路181~210號,38.61,住,,,1080917,土地1建物1車位0,一層,5,公寓(5樓含以下無電梯),住家用,鋼筋混凝土造,0701001,121.13,0,0,0,無,無,無,35000,289,,0.0,0,,RPWOMLMJIIOFFCA08CC
內湖區,房地(土地+建物),臺北市內湖區臺北市內湖區成功路四段61巷9弄1~30號,162.36,商,,,1080915,土地1建物1車位0,六層,7,華廈(10層含以下有電梯),住家用,鋼筋混凝土造,0790607,163.42,4,2,2,有,無,有,44000,269,,0.0,0,,RPXOMLMJIIOFFCA18CC
中山區,建物,臺北市中山區南京東路二段121~150號,0.0,商,,,1080904,土地0建物1車位0,十二層,14,辦公商業大樓,商業用,鋼筋混凝土造,0670810,519.15,0,0,0,無,有,無,299279,576,,0.0,0,部分面積出租、總租金包含大樓管理費用,RPOPMLMJIIOFFCA37CC
內湖區,建物,臺北市內湖區民權東路六段280巷1~30號,0.0,住,,,1080928,土地0建物1車位2,二層,13,住宅大樓(11層含以上有電梯),住家用,鋼筋混凝土造,1031204,350.06,3,2,2,有,無,有,90000,257,坡道平面,0.0,0,,RPQPMLMJIIOFFCA57CC
中山區,建物,臺北市中山區民生東路二段151~180號,0.0,商,,,1081001,土地0建物1車位0,八層,12,辦公商業大樓,住家用,鋼筋混凝土造,0701223,341.21999999999997,4,1,1,有,有,有,165000,484,,0.0,0,,RPRPMLMJIIOFFCA67CC
中山區,建物,臺北市中山區安東街16巷31~60號,0.0,住,,,1080924,土地0建物1車位0,一層,7,華廈(10層含以下有電梯),住家用,鋼筋混凝土造,0720621,104.3,0,0,0,無,有,無,34400,330,,0.0,0,,RPTPMLMJIIOFFCA87CC
中山區,建物,臺北市中山區八德路二段211~240號,0.0,商,,,1081001,土地0建物0車位0,三層,5,公寓(5樓含以下無電梯),住家用,鋼筋混凝土造,0610720,26.17,2,1,1,有,無,有,13000,497,,0.0,0,此為分租套房，房號301，第三層共分成4間，一間平均面積約為26.17平方公尺,RPWPMLMJIIOFFCA18CC
內湖區,建物,臺北市內湖區新富街121~150號,0.0,住,,,1080912,土地0建物1車位1,三層,13,住宅大樓(11層含以上有電梯),住家用,鋼筋混凝土造,1020808,260.21,2,2,2,有,有,有,80000,307,坡道平面,42.07,0,租金含管理費,RPXPMLMJIIOFFCA28CC
南港區,建物,臺北市南港區忠孝東路六段481~510號,0.0,工,,,1080929,土地0建物0車位0,二層,4,公寓(5樓含以下無電梯),工業用,鋼筋混凝土造,,30.64,1,0,1,有,無,有,13500,441,,0.0,0,此物件為分租套房，房號210，第二層分成32間，一間平均面積約為30.64平方公尺,RPQNMLMJIIOFFDA47CC
信義區,建物,臺北市信義區基隆路一段391~420號,0.0,商,,,1080911,土地0建物1車位0,九層,13,住宅大樓(11層含以上有電梯),見其他登記事項,鋼筋混凝土造,0960816,55.57,0,0,0,無,有,有,30650,552,,0.0,0,,RPTNMLMJIIOFFDA77CC
松山區,建物,臺北市松山區長春路481~510號,0.0,住,,,1080923,土地0建物1車位0,一層,7,店面(店鋪),見使用執照,鋼筋混凝土造,0741219,54.120000000000005,0,0,1,有,無,無,48000,887,,0.0,0,,RPUNMLMJIIOFFDA87CC
松山區,建物,臺北市松山區敦化北路91~120號,0.0,其他,,,1080903,土地0建物1車位0,三層,14,辦公商業大樓,商業用,鋼筋混凝土造,0730211,495.87,0,0,0,無,有,無,240000,484,,0.0,0,分割部分面積出租,RPROMLMJIIOFFDA67CC
信義區,建物,臺北市信義區吳興街220巷1~30號,0.0,住,,,1080927,土地0建物1車位0,五層,7,華廈(10層含以下有電梯),住家用,鋼筋混凝土造,0771108,136.24,4,2,2,有,有,有,33000,242,,0.0,0,,RPTOMLMJIIOFFDA87CC
信義區,建物,臺北市信義區信義路五段1~30號,0.0,其他,,,1080717,土地0建物1車位0,一層,16,辦公商業大樓,商業用,鋼筋混凝土造,0781128,231.93,0,0,0,無,有,無,245560,1059,,0.0,0,,RPRPMLMJIIOFFDA77CC
南港區,建物,臺北市南港區忠孝東路六段1~30號,0.0,商,,,1080905,土地0建物1車位0,十三層,17,辦公商業大樓,見其他登記事項,見其他登記事項,0931216,386.2,0,0,0,無,有,無,160000,414,,0.0,0,,RPTPMLMJIIOFFDA97CC
信義區,建物,臺北市信義區忠孝東路四段541~570號,0.0,住,,,1080906,土地0建物1車位0,八層,17,辦公商業大樓,商業用,鋼筋混凝土造,0781226,1157.26,0,0,0,無,有,無,770000,665,,0.0,0,,RPVPMLMJIIOFFDA18CC
信義區,建物,臺北市信義區光復南路541~570號,0.0,商,,,1080823,土地0建物1車位0,四層,18,套房(1房1廳1衛),住家用,見其他登記事項,0970822,42.989999999999995,1,1,1,有,無,有,24000,558,,0.0,0,,RPWPMLMJIIOFFDA28CC
南港區,建物,臺北市南港區興中路61~90號,0.0,商,,,1080912,土地0建物1車位0,見其他登記事項,4,店面(店鋪),住家用,鋼筋混凝土造,,170.51,2,1,1,有,無,有,35000,205,,0.0,0,,RPOQMLMJIIOFFDA57CC
信義區,建物,臺北市信義區忠孝東路五段31~60號,0.0,住,,,1080911,土地0建物1車位0,一層,12,店面(店鋪),見其他登記事項,鋼筋混凝土造,0720406,122.50999999999999,0,1,1,有,有,無,310000,2530,,0.0,0,,RPQQMLMJIIOFFDA77CC
文山區,建物,臺北市文山區木新路三段301~330號,0.0,住,,,1081001,土地0建物0車位0,全,3,透天厝,商業用,加強磚造,0540602,30.89,1,0,1,有,無,有,11500,372,,0.0,0,此為分租套房，房號201，第二層共分成3間，一間平均面積約為30.89平方公尺,RPPQMLMJIIOFFAA37CC
萬華區,建物,臺北市萬華區西園路二段281巷1~30號,0.0,住,,,1080929,土地0建物0車位0,四層,4,公寓(5樓含以下無電梯),住家用,鋼筋混凝土造,0850718,40.0,1,0,1,有,無,有,12800,320,,0.0,0,此為分租套房，房號401，第四層共分成2間，一間平均面積約為40平方公尺,RPUNMLMJIIOFFBA67CC
中正區,建物,臺北市中正區漢口街一段68巷1~30號,0.0,商,,,1080928,土地0建物0車位0,全,4,透天厝,,加強磚造,,23.69,1,0,1,有,無,有,10300,435,,0.0,0,此為分租套房，房號401，第四層共分成2間，一間平均面積約為23.69平方公尺,RPQOMLMJIIOFFBA37CC
萬華區,房地(土地+建物),臺北市萬華區成都路91~120號,5.37,商,,,1080430,土地1建物1車位0,五層,22,辦公商業大樓,住家用,鋼骨鋼筋混凝土造,1060418,74.19,0,0,1,有,有,無,30000,404,,0.0,0,,RPOQMLMJIIOFFBA37CC
大同區,建物,臺北市大同區延平北路一段121~150號,0.0,商,,,1080921,土地0建物1車位0,九層,12,住宅大樓(11層含以上有電梯),住家用,鋼筋混凝土造,1030408,177.38,4,2,2,有,有,無,40000,226,,0.0,0,,RPRQMLMJIIOFFBA67CC
大同區,建物,臺北市大同區市民大道一段181~210號,0.0,其他,,,1080923,土地0建物1車位0,,18,住宅大樓(11層含以上有電梯),住家用,見其他登記事項,0980724,113.93,2,1,1,有,有,有,54000,474,,0.0,0,,RPTQMLMJIIOFFBA87CC
北投區,建物,臺北市北投區實踐街61~90號,29.5,住,,,1080807,土地0建物1車位0,一層,4,公寓(5樓含以下無電梯),住家用,鋼筋混凝土造,0590530,103.74,0,0,0,無,無,無,38000,366,,0.0,0,,RPUPMLMJIIOFFEA18CC
大安區,建物,臺北市大安區永康街75巷1~30號,0.0,住,,,1080825,土地0建物1車位0,一層,4,公寓(5樓含以下無電梯),,加強磚造,,17.44,1,0,1,有,有,有,10000,573,,0.0,0,獨立套房,RPWNMLMJIIOFFFA28CC
大安區,房地(土地+建物),臺北市大安區金華街181~210號,37.5,住,,,1080812,土地1建物1車位0,一層,4,店面(店鋪),,鋼筋混凝土造,,89.18,0,0,0,無,無,有,105000,1177,,0.0,0,,RPOOMLMJIIOFFFA57CC
大安區,建物,臺北市大安區復興南路一段181~210號,0.0,商,,,1080904,土地0建物1車位0,六層,12,辦公商業大樓,商業用,鋼筋混凝土造,0780201,380.06,0,0,0,無,有,無,180000,474,,0.0,0,,RPPOMLMJIIOFFFA67CC
大安區,房地(土地+建物)+車位,臺北市大安區新生南路一段161巷31~60號,0.0,住,,,1080826,土地1建物1車位2,三層,7,華廈(10層含以下有電梯),住家用,鋼筋混凝土造,0960608,196.55,3,2,2,有,有,有,54000,275,升降機械,37.74,0,,RPQOMLMJIIOFFFA77CC
大安區,建物,臺北市大安區光復南路631~660號,0.0,商,,,1080908,土地0建物1車位0,十層,14,住宅大樓(11層含以上有電梯),住家用,鋼筋混凝土造,0970627,73.82,2,1,1,有,有,有,38000,515,,0.0,0,,RPSOMLMJIIOFFFA97CC
大安區,建物,臺北市大安區仁愛路四段121~150號,0.0,其他,,,1080916,土地0建物1車位0,三層,12,住宅大樓(11層含以上有電梯),住家用,鋼筋混凝土造,,160.29,0,0,0,無,有,無,68000,424,,0.0,0,,RPUOMLMJIIOFFFA18CC
士林區,建物,臺北市士林區天玉街1~30號,0.0,住,,,1080903,土地0建物1車位1,四層,7,華廈(10層含以下有電梯),住家用,鋼筋混凝土造,0840307,241.35999999999999,4,2,3,有,有,有,82000,340,坡道平面,0.0,0,,RPSPMLMJIIOFFEA08DC
士林區,建物,臺北市士林區芝玉路一段211~240號,0.0,住,,,1080918,土地0建物1車位1,十四層,18,住宅大樓(11層含以上有電梯),住家用,鋼骨鋼筋混凝土造,0971112,185.39,3,2,2,有,有,有,70000,378,坡道機械,15.29,0,,RPVPMLMJIIOFFEA38DC
中山區,房地(土地+建物),臺北市中山區長春路151~180號,0.0,商,,,1080820,土地4建物1車位0,五層,12,辦公商業大樓,商業用,鋼筋混凝土造,0721013,320.09000000000003,0,0,0,無,有,有,126000,394,,0.0,0,,RPRQMLNJIIOFFCA97DC
大安區,建物,臺北市大安區敦化南路二段31~60號,0.0,商,,,1080821,土地0建物1車位0,十層,22,住宅大樓(11層含以上有電梯),住家用,鋼筋混凝土造,0770316,203.7,3,1,1,有,有,無,99898,490,,0.0,0,,RPSNMLNJIIOFFFA97CC
大安區,建物,臺北市大安區仁愛路四段31~60號,0.0,其他,,,1080822,土地0建物1車位0,一層,12,店面(店鋪),住家用,鋼筋混凝土造,0600420,127.24,0,1,1,有,有,無,180000,1415,,0.0,0,,RPUNMLNJIIOFFFA18CC
大安區,建物,臺北市大安區復興南路一段107巷5弄1~30號,0.0,住,,,1080930,土地0建物1車位0,一層,7,店面(店鋪),住家用,鋼筋混凝土造,0700520,131.02,0,0,0,無,有,有,120000,916,,0.0,0,,RPROMLNJIIOFFFA97CC
大安區,建物,臺北市大安區新生南路一段145巷1~30號,0.0,其他,,,1080911,土地0建物1車位0,四層,5,公寓(5樓含以下無電梯),住家用,鋼筋混凝土造,0701113,118.74,3,2,2,有,無,有,32000,269,,0.0,0,,RPSOMLNJIIOFFFA08CC
大安區,建物,臺北市大安區信義路三段151~180號,0.0,商,,,1080924,土地0建物1車位0,見其他登記事項,3,店面(店鋪),見其他登記事項,見其他登記事項,1050525,228.41,0,0,0,無,無,無,160000,700,,0.0,0,,RPTOMLNJIIOFFFA18CC
大安區,建物,臺北市大安區羅斯福路三段271~300號,17.58,商,,,1080823,土地0建物1車位0,一層,6,店面(店鋪),住家用,鋼筋混凝土造,,90.54,0,0,0,無,無,無,65000,718,,0.0,0,,RPUOMLNJIIOFFFA28CC
大安區,建物,臺北市大安區敦化南路一段161巷1~30號,0.0,其他,,,1080820,土地0建物1車位0,一層,4,店面(店鋪),,加強磚造,,55.41,0,0,0,無,無,有,75000,1354,,0.0,0,,RPWOMLNJIIOFFFA48CC
士林區,建物,臺北市士林區福華路128巷1弄1~30號,0.0,住,,,1080911,土地0建物1車位0,二層,4,公寓(5樓含以下無電梯),住家用,鋼筋混凝土造,0601231,73.48,4,1,2,有,無,無,25000,340,,0.0,0,租期含免租裝潢期。,RPPNMLNJIIOFFEA57CC
士林區,建物,臺北市士林區忠誠路一段147巷1~30號,0.0,住,,,1080928,土地0建物1車位0,三層,9,華廈(10層含以下有電梯),住家用,鋼筋混凝土造,0810506,127.34,3,2,2,有,有,有,37000,291,,0.0,0,,RPOOMLNJIIOFFEA57CC
北投區,建物,臺北市北投區泉源路1~30號,0.0,其他,,,1081001,土地0建物1車位0,三層,7,華廈(10層含以下有電梯),住家用,鋼筋混凝土造,0700424,39.769999999999996,1,0,1,有,有,有,10000,251,,0.0,0,台北市社會住宅包租代管計畫專案,RPSOMLNJIIOFFEA97CC
大同區,建物,臺北市大同區延平北路二段210巷1~30號,0.0,其他,,,1081002,土地0建物0車位0,一層,3,套房(1房1廳1衛),,加強磚造,,38.7,1,1,1,有,無,有,10800,279,,0.0,0,此為分租套房，房號102，第一層共分成2間，一間平均面積約為38.7平方公尺,RPQPMLNJIIOFFBA57CC
中正區,建物,臺北市中正區汀州路一段181~210號,0.0,住,,,1081001,土地0建物1車位0,二層,4,公寓(5樓含以下無電梯),住家用,鋼筋混凝土造,,38.01,2,1,1,有,無,有,12000,316,,0.0,0,台北市社會住宅包租代管計畫專案,RPWOMLNJIIOFFAA97CC
中正區,建物,臺北市中正區和平西路一段1~30號,0.0,商,,,1081002,土地0建物0車位0,九層,11,住宅大樓(11層含以上有電梯),商業用,鋼筋混凝土造,,42.6,2,1,1,有,無,有,15000,352,,0.0,0,此物件為分租套房，房號912，第九層總共分成21間，平均一間為42.6平方公尺,RPQPMLNJIIOFFAA47CC
松山區,房地(土地+建物),臺北市松山區臺北市松山區南京東路四段121~150號,71.86,商,,,1080916,土地1建物1車位0,十二層,12,辦公商業大樓,商業用,鋼筋混凝土造,0810701,432.53,0,0,0,無,有,有,210000,486,,0.0,0,,RPPNMLNJIIOFFDA47CC
信義區,建物,臺北市信義區忠孝東路五段372巷27弄61~90號,0.0,住,,,1080911,土地0建物1車位0,三層,7,華廈(10層含以下有電梯),住家用,鋼筋混凝土造,,88.72,2,1,1,有,有,有,30000,338,,0.0,0,,RPUNMLNJIIOFFDA97CC
松山區,建物,臺北市松山區敦化北路181~210號,0.0,其他,,,1080920,土地0建物0車位1,五層,14,辦公商業大樓,商業用,鋼筋混凝土造,0680320,244.05,0,0,0,無,有,無,201611,826,坡道平面,0.0,0,租賃面積按比例拆算。,RPPOMLNJIIOFFDA57CC
信義區,建物,臺北市信義區忠孝東路五段241~270號,0.0,商,,,1080928,土地0建物1車位0,二層,12,住宅大樓(11層含以上有電梯),住家用,鋼筋混凝土造,,119.04,3,2,2,有,有,無,32000,269,,0.0,0,,RPQOMLNJIIOFFDA67CC
松山區,建物,臺北市松山區東興路1~30號,0.0,住,,,1080904,土地0建物1車位0,十二層,16,辦公商業大樓,見使用執照,鋼骨混凝土造,0850524,288.92,0,0,0,無,無,無,120000,415,,0.0,0,,RPTOMLNJIIOFFDA97CC
南港區,建物,臺北市南港區三重路67巷2弄1~30號,0.0,住,,,1080915,土地0建物1車位0,二層,4,公寓(5樓含以下無電梯),工業用,鋼筋混凝土造,,92.48,3,2,1,有,無,有,23000,249,,0.0,0,,RPUOMLNJIIOFFDA08CC
松山區,建物,臺北市松山區南京東路五段181~210號,0.0,商,,,1080905,土地0建物0車位0,九層,16,辦公商業大樓,商業用,鋼骨混凝土造,0830310,321.39,0,0,0,無,有,無,204000,635,,0.0,0,,RPRPMLNJIIOFFDA87CC
松山區,建物,臺北市松山區南京東路三段271~300號,0.0,商,,,1080909,土地0建物0車位1,九層,14,辦公商業大樓,商業用,鋼筋混凝土造,0750923,527.1700000000001,0,0,0,無,有,無,279281,530,坡道平面,41.25,0,,RPSPMLNJIIOFFDA97CC
松山區,建物,臺北市松山區南京東路四段151~180號,0.0,商,,,1080920,土地0建物1車位2,六層,12,辦公商業大樓,商業用,鋼筋混凝土造,0711111,619.19,0,0,0,無,有,無,280500,453,坡道機械,0.0,0,,RPTPMLNJIIOFFDA08CC
中山區,建物,臺北市中山區新生北路二段68巷1~30號,0.0,住,,,1081001,土地0建物1車位0,三層,12,住宅大樓(11層含以上有電梯),住家用,見其他登記事項,1050602,67.82,2,1,1,有,有,有,48000,708,,0.0,0,,RPOPMLNJIIOFFCA47CC
中山區,建物,臺北市中山區林森北路571~600號,19.93,商,,,1080813,土地0建物1車位0,十一層,11,住宅大樓(11層含以上有電梯),住家用,鋼筋混凝土造,0660322,185.03,4,1,1,有,有,無,85000,459,,0.0,0,,RPUPMLNJIIOFFCA08CC
中山區,建物,臺北市中山區錦州街301~330號,0.0,住,,,1080929,土地0建物1車位0,一層,4,店面(店鋪),住家用,鋼筋混凝土造,0621222,117.9,0,0,0,無,無,有,68000,577,,0.0,0,,RPPQMLNJIIOFFCA67CC
中山區,建物,臺北市中山區新生北路二段62巷1~30號,0.0,商,,,1080817,土地0建物1車位0,七層,19,住宅大樓(11層含以上有電梯),住家用,鋼骨鋼筋混凝土造,1050322,122.52,2,2,2,有,有,有,73000,596,,0.0,0,,RPORMLNJIIOFFCA67CC
內湖區,建物,臺北市內湖區成功路四段61巷31~60號,0.0,住,,,1080826,土地0建物1車位0,五層,15,住宅大樓(11層含以上有電梯),住家用,鋼筋混凝土造,1060905,108.83000000000001,2,1,1,有,無,有,50000,459,,0.0,0,,RPQRMLNJIIOFFCA87CC
內湖區,建物,臺北市內湖區民權東路六段151~180號,0.0,住,,,1080826,土地0建物1車位1,八層,10,華廈(10層含以下有電梯),住家用,鋼筋混凝土造,0950606,297.40999999999997,4,2,3,有,有,有,85770,288,坡道平面,0.0,0,,RPTRMLNJIIOFFCA18CC
中山區,房地(土地+建物)+車位,臺北市中山區敬業一路121~150號,0.0,商,,,1080819,土地1建物1車位1,二層,11,其他,見其他登記事項,鋼筋混凝土造,0990512,204.01,3,2,2,有,有,有,75000,368,坡道平面,0.0,0,,RPURMLNJIIOFFCA28CC
內湖區,建物,臺北市內湖區瑞光路1~30號,0.0,工,,,1080821,土地0建物1車位2,四層,8,廠辦,工業用,鋼筋混凝土造,0880728,251.07,3,2,0,有,有,有,75000,299,坡道平面,29.31,0,,RPVRMLNJIIOFFCA38CC
中山區,建物,臺北市中山區松江路84巷1~30號,0.0,其他,,,1080912,土地0建物1車位0,六層,8,辦公商業大樓,住家用,鋼筋混凝土造,0740827,163.4,0,1,1,有,有,有,65000,398,,0.0,0,,RPROMLOJIIOFFCA77CC
中山區,建物,臺北市中山區林森北路361~390號,0.0,商,,,1080923,土地0建物1車位0,二層,12,店面(店鋪),商業用,鋼筋混凝土造,0740520,448.59,0,0,0,無,有,無,210335,469,,0.0,0,,RPWOMLOJIIOFFCA28CC
內湖區,建物,臺北市內湖區瑞光路258巷1~30號,0.0,工,,,1080801,土地0建物1車位3,五層,10,廠辦,工業用,見使用執照,0920530,925.3399999999999,6,0,0,有,有,有,300000,324,坡道平面,106.68,0,,RPPPMLOJIIOFFCA67CC
中山區,建物,臺北市中山區建國北路一段91~120號,0.0,住,,,1080919,土地0建物1車位0,三層,13,辦公商業大樓,商業用,鋼筋混凝土造,0851004,313.48,0,0,0,無,無,有,189186,604,,0.0,0,部分租賃,RPRPMLOJIIOFFCA87CC
中山區,建物,臺北市中山區復興北路61~90號,0.0,商,,,1081002,土地0建物1車位0,十層,12,住宅大樓(11層含以上有電梯),住家用,鋼筋混凝土造,0680425,32.620000000000005,1,0,1,有,有,有,13500,414,,0.0,0,台北市社會住宅包租代管計畫專案,RPVPMLOJIIOFFCA28CC
內湖區,建物,臺北市內湖區堤頂大道二段481~510號,0.0,工,,,1080826,土地0建物1車位0,三層,10,廠辦,工業用,鋼筋混凝土造,0941201,135.99,0,0,0,無,有,有,60000,441,,0.0,0,分租面積含公設：41.14坪依租賃契約書為準,RPOQMLOJIIOFFCA67CC
中山區,建物,臺北市中山區新生北路二段76巷31~60號,0.0,商,,,1081003,土地0建物0車位0,二層,2,套房(1房1廳1衛),住家用,加強磚造,,30.65,1,1,1,有,無,有,15300,499,,0.0,0,此為分租套房，房號201，第二層共分成2間，一間平均面積約為30.65平方公尺,RPRQMLOJIIOFFCA97CC
內湖區,建物,臺北市內湖區陽光街68巷61~90號,0.0,住,,,1081004,土地0建物1車位0,一層,14,店面(店鋪),商業用,鋼筋混凝土造,0900410,138.58,1,1,1,有,有,無,47679,344,,0.0,0,,RPTQMLOJIIOFFCA18CC
中山區,建物,臺北市中山區民生東路三段1~30號,0.0,商,,,1080909,土地0建物1車位0,五層,12,辦公商業大樓,住家用,鋼筋混凝土造,0710227,131.09,3,1,1,有,有,有,56800,433,,0.0,0,,RPUQMLOJIIOFFCA28CC
內湖區,建物,臺北市內湖區成功路四段167巷10弄1~30號,0.0,住,,,1080909,土地0建物1車位0,二層,5,公寓(5樓含以下無電梯),住家用,鋼筋混凝土造,0690421,115.33000000000001,3,2,1,有,無,有,26000,225,,0.0,0,,RPORMLOJIIOFFCA77CC
內湖區,建物,臺北市內湖區內湖路二段179巷31~60號,0.0,住,,,1080911,土地0建物1車位0,四層,5,公寓(5樓含以下無電梯),住家用,鋼筋混凝土造,0700922,103.69,3,2,2,有,無,有,27000,260,,0.0,0,,RPQRMLOJIIOFFCA97CC
信義區,建物,臺北市信義區和平東路三段391巷8弄31~60號,0.0,住,,,1080916,土地0建物1車位0,見其他登記事項,4,公寓(5樓含以下無電梯),住家用,鋼筋混凝土造,,76.31,2,2,1,有,無,有,24000,315,,0.0,0,,RPUNMLOJIIOFFDA08CC
信義區,建物,臺北市信義區忠孝東路五段481~510號,0.0,商,,,1080920,土地0建物1車位0,三層,28,辦公商業大樓,商業用,鋼骨混凝土造,0820813,118.94999999999999,0,0,0,無,有,無,52219,439,,0.0,0,,RPVNMLOJIIOFFDA18CC
松山區,建物,臺北市松山區八德路四段631~660號,0.0,商,,,1081002,土地0建物0車位0,五層,8,華廈(10層含以下有電梯),商業用,鋼筋混凝土造,0670201,22.68,1,0,1,有,有,有,8300,366,,0.0,0,此為分租套房，房號503，第五層共分成5間，一間平均面積約為22.68平方公尺,RPTOMLOJIIOFFDA08CC
文山區,建物,臺北市文山區興隆路三段304巷121~150號,0.0,商,,,1080912,土地0建物1車位1,全,3,透天厝,見其他登記事項,鋼筋混凝土造,0980831,317.97,5,3,4,有,無,有,58000,182,坡道平面,0.0,0,車位面積無法分算。租金含管理費。,RPPNMLOJIIOFFAA27CC
中正區,建物,臺北市中正區水源路121~150號,0.0,商,,,1081001,土地0建物1車位0,六層,10,華廈(10層含以下有電梯),見使用執照,鋼筋混凝土造,0680309,46.59,1,1,1,有,有,有,12000,258,,0.0,0,台北市社會住宅包租代管計畫專案,RPUNMLOJIIOFFAA77CC
文山區,建物,臺北市文山區景興路181~210號,0.0,商,,,1081001,土地0建物1車位0,十三層,24,住宅大樓(11層含以上有電梯),住家用,見使用執照,0850104,44.32,1,0,1,有,有,有,14000,316,,0.0,0,台北市社會住宅包租代管計畫專案,RPPOMLOJIIOFFAA37CC
大同區,建物,臺北市大同區承德路三段31~60號,0.0,商,,,1080823,土地0建物1車位0,七層,7,華廈(10層含以下有電梯),住家用,鋼筋混凝土造,0711123,248.08,0,0,0,無,無,無,86000,347,,0.0,0,,RPSOMLOJIIOFFBA77CC
大同區,建物,臺北市大同區保安街31~60號,0.0,商,,,1080916,土地0建物1車位0,六層,11,套房(1房1廳1衛),商業用,鋼筋混凝土造,0860411,39.72,1,1,1,有,無,有,12000,302,,0.0,0,,RPTOMLOJIIOFFBA87CC
萬華區,建物,臺北市萬華區東園街86巷1~30號,0.0,商,,,1080916,土地0建物1車位0,五層,5,公寓(5樓含以下無電梯),見使用執照,鋼筋混凝土造,0690506,81.06,3,1,1,有,無,有,20000,247,,0.0,0,租金含管理費。,RPVOMLOJIIOFFBA08CC
中正區,房地(土地+建物),臺北市中正區延平南路31~60號,16.47,商,,,1080923,土地1建物1車位0,一層,10,辦公商業大樓,見使用執照,鋼筋混凝土造,0700402,109.94,0,0,0,無,有,無,60000,546,,0.0,0,,RPXOMLOJIIOFFBA28CC
北投區,建物,臺北市北投區杏林二路1~30號,0.0,住,,,1081001,土地0建物1車位0,二層,5,華廈(10層含以下有電梯),住家用,鋼筋混凝土造,0820629,74.66,2,1,2,有,有,有,17000,228,,0.0,0,台北市社會住宅包租代管計畫專案,RPSOMLOJIIOFFEA08CC
士林區,建物,臺北市士林區中山北路六段290巷23弄1~30號,0.0,住,,,1080926,土地0建物1車位0,四層,5,公寓(5樓含以下無電梯),住家用,鋼筋混凝土造,0740107,127.04,3,2,2,有,無,無,28500,224,,0.0,0,,RPWOMLOJIIOFFEA48CC
北投區,建物,臺北市北投區立功街91~120號,0.0,其他,,,1080822,土地0建物1車位0,九層,12,其他,見其他登記事項,鋼筋混凝土造,0970403,47.01,0,0,0,無,有,無,17000,362,,0.0,0,,RPSPMLOJIIOFFEA18CC
士林區,建物,臺北市士林區東山路25巷88弄1~30號,0.0,住,,,1080926,土地0建物1車位0,全,2,透天厝,住家用,加強磚造,0640121,468.5,4,3,5,有,無,有,180000,384,,0.0,0,,RPXPMLOJIIOFFEA68CC
北投區,建物,臺北市北投區溫泉路37巷1~30號,0.0,住,,,1080915,土地0建物1車位1,十三層,13,套房(1房1廳1衛),住家用,鋼筋混凝土造,0941111,65.39,1,1,1,有,有,有,18000,275,坡道機械,19.86,0,有民情風俗因素之交易。;租金含管理費,RPQQMLOJIIOFFEA08CC
大安區,建物,臺北市大安區敦化南路二段151~180號,0.0,其他,,,1080916,土地0建物1車位0,五層,12,辦公商業大樓,住家用,鋼筋混凝土造,0711127,220.5,2,1,2,有,有,有,73500,333,,0.0,0,,RPUNMLOJIIOFFFA28CC
大安區,建物,臺北市大安區和平東路一段1~30號,0.0,商,,,1080930,土地0建物1車位0,七層,10,華廈(10層含以下有電梯),住家用,鋼筋混凝土造,0780615,99.96,1,1,2,有,無,無,29000,290,,0.0,0,,RPXNMLOJIIOFFFA58CC
大安區,建物,臺北市大安區信義路四段31~60號,0.0,商,,,1081002,土地0建物1車位0,四層,6,華廈(10層含以下有電梯),住家用,鋼筋混凝土造,0600301,38.04,2,1,1,有,有,有,14000,368,,0.0,0,台北市社會住宅包租代管計畫專案,RPQOMLOJIIOFFFA97CC
大安區,建物,臺北市大安區安和路二段1~30號,0.0,商,,,1080925,土地0建物1車位0,六層,12,住宅大樓(11層含以上有電梯),商業用,鋼筋混凝土造,0700910,114.37,2,1,0,有,有,有,45000,393,,0.0,0,,RPSNMLPJIIOFFFA18CC
北投區,建物,臺北市北投區大度路三段270巷61~90號,0.0,其他,,,1080927,土地0建物1車位1,十三層,19,辦公商業大樓,見其他登記事項,鋼筋混凝土造,1010217,157.4,1,1,1,有,有,有,34690,220,坡道平面,42.99,0,,RPROMLPJIIOFFEA08CC
士林區,建物,臺北市士林區忠誠路二段181~210號,0.0,住,,,1080919,土地0建物1車位1,,26,住宅大樓(11層含以上有電梯),住家用,鋼骨混凝土造,0841103,406.66999999999996,3,2,2,有,有,無,180000,443,坡道平面,0.0,0,,RPSOMLPJIIOFFEA18CC
士林區,建物,臺北市士林區中山北路六段331~360號,0.0,住,,,1080912,土地0建物1車位0,七層,8,華廈(10層含以下有電梯),住家用,鋼筋混凝土造,0830223,213.7,4,2,2,有,有,有,70000,328,,0.0,0,,RPQQMLPJIIOFFEA18CC
萬華區,建物,臺北市萬華區武成街63巷12弄1~30號,0.0,住,,,1081001,土地0建物1車位0,二層,2,公寓(5樓含以下無電梯),住家用,磚造,0530615,18.72,1,1,1,有,無,有,8300,443,,0.0,0,,RPRNMLPJIIOFFBA67CC
萬華區,建物,臺北市萬華區內江街81巷1~30號,0.0,商,,,1081001,土地0建物1車位0,二層,4,公寓(5樓含以下無電梯),住家用,鋼筋混凝土造,0590126,37.47,1,1,1,有,無,有,11280,301,,0.0,0,,RPSNMLPJIIOFFBA77CC
大同區,建物,臺北市大同區華陰街91~120號,0.0,商,,,1080825,土地0建物1車位0,十三層,15,住宅大樓(11層含以上有電梯),見其他登記事項,鋼筋混凝土造,1001205,66.53,0,0,0,無,有,有,34056,512,,0.0,0,,RPTNMLPJIIOFFBA87CC
萬華區,建物,臺北市萬華區西園路一段91~120號,0.0,商,,,1081005,土地0建物1車位0,十一層,2,住宅大樓(11層含以上有電梯),商業用,鋼筋混凝土造,0860808,139.01999999999998,2,2,2,有,有,有,37000,266,,0.0,0,,RPSOMLPJIIOFFBA87CC
萬華區,建物,臺北市萬華區環河南路三段361~390號,0.0,住,,,1080919,土地0建物1車位0,四層,4,公寓(5樓含以下無電梯),住家用,鋼筋混凝土造,0610731,80.6,2,2,1,有,無,有,14000,174,,0.0,0,,RPTOMLPJIIOFFBA97CC
萬華區,建物,臺北市萬華區西寧南路121~150號,0.0,商,,,1080923,土地0建物1車位0,十三層,27,住宅大樓(11層含以上有電梯),住家用,見其他登記事項,1010320,144.73000000000002,2,2,2,有,有,有,48533,335,,0.0,0,,RPUOMLPJIIOFFBA08CC
大同區,建物,臺北市大同區民生西路121~150號,0.0,商,,,1080917,土地0建物1車位0,二層,4,店面(店鋪),,加強磚造,,86.04,1,2,1,有,無,無,30000,349,,0.0,0,,RPVOMLPJIIOFFBA18CC
文山區,建物,臺北市文山區羅斯福路六段150巷1~30號,0.0,住,,,1080907,土地0建物1車位0,十二層,13,住宅大樓(11層含以上有電梯),見其他登記事項,鋼筋混凝土造,1061106,96.83000000000001,2,2,1,有,有,有,34000,351,,0.0,0,,RPUNMLPJIIOFFAA87CC
文山區,建物,臺北市文山區指南路三段1~30號,0.0,住,,,1080917,土地0建物1車位0,七層,10,套房(1房1廳1衛),住家用,鋼筋混凝土造,0970508,48.150000000000006,1,1,1,有,有,有,13500,280,,0.0,0,租金含管理費。,RPTOMLPJIIOFFAA87CC
松山區,建物,臺北市松山區南京東路四段1~30號,0.0,商,,,1080920,土地0建物1車位1,十五層,15,住宅大樓(11層含以上有電梯),住家用,鋼筋混凝土造,0971205,176.29,3,2,2,有,有,有,75000,425,塔式車位,1.53,0,,RPQOMLPJIIOFFDA87CC
南港區,建物,臺北市南港區福德街373巷31~60號,0.0,住,,,1080918,土地0建物1車位0,十三層,19,住宅大樓(11層含以上有電梯),見其他登記事項,鋼筋混凝土造,0870521,128.05,2,2,1,有,有,有,27000,211,,0.0,0,,RPSOMLPJIIOFFDA08CC
南港區,建物,臺北市南港區南港路三段181~210號,0.0,商,,,1080917,土地0建物1車位0,三層,5,公寓(5樓含以下無電梯),見使用執照,鋼筋混凝土造,0760207,101.53999999999999,3,2,2,有,無,有,26000,256,,0.0,0,,RPTPMLPJIIOFFDA28CC
中山區,建物,臺北市中山區南京東路二段1~30號,0.0,商,,,1081003,土地0建物0車位0,八層,8,華廈(10層含以下有電梯),住商用,鋼筋混凝土造,0580616,24.78,1,0,1,有,無,有,9000,363,,0.0,0,此為分租套房，房號802，第八層共分5間，一間平均面積約為24.78平方公尺。,RPVOMLPJIIOFFCA28CC
中山區,建物,臺北市中山區植福路301~330號,0.0,其他,,,1080925,土地0建物1車位0,六層,10,辦公商業大樓,見其他登記事項,見其他登記事項,1041027,233.31,0,0,0,無,有,無,100000,429,,0.0,0,,RPWOMLPJIIOFFCA38CC
中山區,建物,臺北市中山區南京東路二段1~30號,0.0,商,,,1081003,土地0建物0車位0,七層,8,華廈(10層含以下有電梯),住商用,鋼筋混凝土造,0580616,24.78,1,0,1,有,無,有,9300,375,,0.0,0,此為分租套房，房號707，第七層共分5間，一間平均面積約為24.78平方公尺。,RPOPMLPJIIOFFCA67CC
中山區,建物,臺北市中山區八德路二段301~330號,0.0,商,,,1080926,土地0建物1車位1,七層,13,住宅大樓(11層含以上有電梯),住家用,鋼筋混凝土造,1071129,134.95999999999998,2,2,1,有,有,有,50000,370,坡道平面,0.0,0,,RPOQMLPJIIOFFCA77CC
中山區,建物,臺北市中山區中山北路一段83巷31~60號,0.0,商,,,1080929,土地0建物1車位0,七層,15,住宅大樓(11層含以上有電梯),住家用,鋼筋混凝土造,0970314,80.63,1,1,1,有,有,有,45000,558,,0.0,0,,RPPQMLPJIIOFFCA87CC
中山區,建物,臺北市中山區新生北路二段62巷1~30號,0.0,商,,,1080917,土地0建物1車位0,九層,19,住宅大樓(11層含以上有電梯),住家用,鋼骨鋼筋混凝土造,1050322,162.4,3,2,2,有,有,有,90000,554,,0.0,0,,RPQRMLPJIIOFFCA08CC
中山區,建物,臺北市中山區中山北路一段105巷1~30號,0.0,商,,,1081005,土地0建物0車位0,全,4,透天厝,,加強磚造,,25.12,1,0,1,有,無,有,13500,537,,0.0,0,此為分租套房，房號304，第三層共分成4間，一間平均面積約為25.12平方公尺,RPRRMLPJIIOFFCA18CC
中山區,建物,臺北市中山區農安街1~30號,0.0,商,,,1080930,土地0建物1車位0,十層,14,辦公商業大樓,商業用,鋼筋混凝土造,0980622,71.8,1,1,1,有,有,有,37761,526,,0.0,0,,RPURMLPJIIOFFCA48CC
中山區,建物,臺北市中山區中山北路二段93巷1~30號,0.0,商,,,1080912,土地0建物1車位0,十層,12,住宅大樓(11層含以上有電梯),商業用,鋼筋混凝土造,0940803,42.620000000000005,1,2,1,有,無,有,30000,704,,0.0,0,,RPSNMLRJIIOFFCA08CC
中山區,建物,臺北市中山區復興北路1~30號,0.0,商,,,1080826,土地0建物1車位0,十層,14,住宅大樓(11層含以上有電梯),住家用,見其他登記事項,1000616,352.81,3,2,3,有,無,有,158000,448,,0.0,0,,RPPOMLRJIIOFFCA87CC
中山區,建物,臺北市中山區天祥路16巷1~30號,0.0,商,,,1080824,土地0建物1車位0,二層,2,公寓(5樓含以下無電梯),,加強磚造,,55.65,2,2,1,有,無,有,27000,485,,0.0,0,,RPQOMLRJIIOFFCA97CC
內湖區,房地(土地+建物),臺北市內湖區行忠路61~90號,102.1,工,,,1081005,土地1建物1車位0,一層,5,廠辦,商業用,鋼筋混凝土造,0971201,340.35,0,0,0,無,有,無,105000,309,,0.0,0,,RPROMLRJIIOFFCA08CC
中山區,建物,臺北市中山區中山北路一段83巷1~30號,0.0,商,,,1080918,土地0建物1車位0,八層,9,華廈(10層含以下有電梯),商業用,鋼筋混凝土造,0670116,39.86,0,0,0,無,無,有,20000,502,,0.0,0,,RPVOMLRJIIOFFCA48CC
中山區,建物,臺北市中山區林森北路119巷1~30號,0.0,商,,,1080913,土地0建物1車位0,三層,7,華廈(10層含以下有電梯),住家用,鋼筋混凝土造,0950818,23.17,0,0,0,無,無,有,15000,647,,0.0,0,,RPWOMLRJIIOFFCA58CC
中山區,建物,臺北市中山區松江路1~30號,0.0,商,,,1080917,土地0建物1車位0,十層,12,住宅大樓(11層含以上有電梯),住家用,鋼筋混凝土造,0760728,40.02,0,0,0,無,無,有,13500,337,,0.0,0,,RPQPMLRJIIOFFCA08CC
中山區,建物,臺北市中山區新生北路二段68巷1~30號,0.0,商,,,1080919,土地0建物1車位0,六層,12,住宅大樓(11層含以上有電梯),住家用,見其他登記事項,1050602,123.83,2,1,1,有,無,有,52000,420,,0.0,0,,RPRPMLRJIIOFFCA18CC
中山區,建物,臺北市中山區南京東路二段91~120號,0.0,其他,,,1080821,土地0建物1車位0,六層,18,住宅大樓(11層含以上有電梯),住家用,見其他登記事項,0990917,90.68,1,2,1,有,有,有,50000,551,,0.0,0,,RPSPMLRJIIOFFCA28CC
中山區,建物,臺北市中山區新生北路二段68巷1~30號,0.0,商,,,1080826,土地0建物1車位0,七層,13,住宅大樓(11層含以上有電梯),住家用,鋼筋混凝土造,0971229,74.42,2,2,1,有,有,有,58000,779,,0.0,0,,RPTPMLRJIIOFFCA38CC
內湖區,建物,臺北市內湖區瑞光路76巷31~60號,0.0,住,,,1080920,土地0建物1車位0,五層,5,公寓(5樓含以下無電梯),住家用,鋼筋混凝土造,0861030,61.97,2,1,1,有,有,有,18000,290,,0.0,0,,RPWPMLRJIIOFFCA68CC
中山區,建物,臺北市中山區建國北路二段91~120號,180.36,住,,,1080823,土地0建物1車位0,見其他登記事項,7,店面(店鋪),商業用,鋼筋混凝土造,0730609,200.29000000000002,0,0,0,無,無,無,113520,567,,0.0,0,,RPXPMLRJIIOFFCA78CC
中山區,建物,臺北市中山區長春路121~150號,0.0,商,,,1081006,土地0建物0車位0,四層,4,公寓(5樓含以下無電梯),住家用,加強磚造,0560823,21.91,1,0,1,有,無,有,9600,438,,0.0,0,此為分租套房，房號404，第四層共分成4間，一間平均面積約為21.91平方公尺,RPQQMLRJIIOFFCA18CC
內湖區,建物,臺北市內湖區新豐街61~90號,0.0,住,,,1080924,土地0建物1車位1,六層,10,華廈(10層含以下有電梯),住家用,鋼筋混凝土造,1040522,125.36,1,1,1,有,無,有,45000,359,坡道平面,47.15,0,,RPTQMLRJIIOFFCA48CC
中山區,建物,臺北市中山區新生北路二段62巷1~30號,0.0,商,,,1080918,土地0建物1車位0,二層,19,住宅大樓(11層含以上有電梯),住家用,鋼骨鋼筋混凝土造,1050322,166.32,3,2,2,有,無,有,125000,752,,0.0,0,,RPUQMLRJIIOFFCA58CC
中山區,建物,臺北市中山區南京東路二段91~120號,0.0,其他,,,1080915,土地0建物1車位0,十二層,18,住宅大樓(11層含以上有電梯),住家用,見其他登記事項,0990917,48.67,1,1,1,有,有,有,40000,822,,0.0,0,售價包含裝潢或家電。;親友、員工或其他特殊關係間之交易。;,RPVQMLRJIIOFFCA68CC
中山區,建物,臺北市中山區松江路421~450號,0.0,住,,,1080920,土地0建物1車位1,十一層,15,住宅大樓(11層含以上有電梯),住家用,鋼筋混凝土造,0951221,202.54000000000002,2,2,2,有,無,有,115000,568,坡道平面,39.5,0,,RPWQMLRJIIOFFCA78CC
中山區,建物,臺北市中山區民權西路9巷1~30號,0.0,商,,,1080918,土地0建物1車位0,四層,14,住宅大樓(11層含以上有電梯),見其他登記事項,鋼筋混凝土造,1011112,64.72,1,1,1,有,有,有,41000,633,,0.0,0,售價包含裝潢或家電。;親友、員工或其他特殊關係間之交易。;,RPXQMLRJIIOFFCA88CC
中山區,建物,臺北市中山區南京東路二段91~120號,0.0,其他,,,1080918,土地0建物1車位0,十六層,18,住宅大樓(11層含以上有電梯),住家用,見其他登記事項,0990917,47.55,1,1,1,有,有,有,32000,673,,0.0,0,售價包含裝潢或家電。;親友、員工或其他特殊關係間之交易。;,RPORMLRJIIOFFCA08CC
內湖區,建物,臺北市內湖區瑞光路1~30號,0.0,住,,,1081005,土地0建物1車位0,,9,華廈(10層含以下有電梯),住家用,鋼筋混凝土造,0941221,156.72,3,2,2,有,有,有,45000,287,,0.0,0,,RPQRMLRJIIOFFCA28CC
內湖區,建物,臺北市內湖區康寧路一段173巷1~30號,0.0,住,,,1080908,土地0建物1車位0,五層,6,華廈(10層含以下有電梯),住家用,鋼筋混凝土造,0881008,105.19999999999999,3,2,2,有,無,無,38500,366,,0.0,0,"租金含管理費1000元,清潔費500元,含稅金",RPURMLRJIIOFFCA68CC
信義區,建物,臺北市信義區忠孝東路五段236巷27弄1~30號,0.0,住,,,1080824,土地0建物1車位0,五層,5,套房(1房1廳1衛),住家用,鋼筋混凝土造,0821027,77.00999999999999,1,1,1,有,無,有,78000,1013,,0.0,0,,RPUNMLRJIIOFFDA38CC
信義區,建物,臺北市信義區忠孝東路五段91~120號,0.0,住,,,1081007,土地0建物1車位0,十一層,13,住宅大樓(11層含以上有電梯),見其他登記事項,鋼筋混凝土造,1030829,100.94,1,2,2,有,有,有,102168,1012,,0.0,0,,RPUOMLRJIIOFFDA48CC
南港區,建物,臺北市南港區經貿二路241~270號,0.0,住,,,1080912,土地0建物1車位0,六層,13,住宅大樓(11層含以上有電梯),住家用,鋼筋混凝土造,1020222,75.50999999999999,2,1,1,有,有,有,26000,344,,0.0,0,,RPWOMLRJIIOFFDA68CC
文山區,建物,臺北市文山區羅斯福路五段211巷1~30號,0.0,商,,,1080920,土地0建物1車位0,一層,4,店面(店鋪),住家用,鋼筋混凝土造,,97.55,3,2,1,有,無,無,43000,441,,0.0,0,租期含免租裝潢期。,RPPNMLRJIIOFFAA57CC
萬華區,建物,臺北市萬華區萬大路391~420號,0.0,住,,,1080917,土地0建物1車位0,見其他登記事項,3,店面(店鋪),,加強磚造,,70.23,1,1,1,有,無,無,40000,570,,0.0,0,,RPPOMLRJIIOFFBA77CC
大同區,建物,臺北市大同區重慶北路三段241~270號,0.0,住,,,1081005,土地0建物0車位0,全,4,透天厝,,加強磚造,,41.67,2,1,1,有,無,有,19000,456,,0.0,0,此為分租套房，房號201，第二層共分成2間，一間平均面積約為41.67平方公尺,RPROMLRJIIOFFBA97CC
中正區,建物,臺北市中正區中華路一段85巷1~30號,0.0,商,,,1081006,土地0建物0車位0,全,4,透天厝,,加強磚造,,25.56,1,0,1,有,無,有,12800,501,,0.0,0,此為分租套房，房號202，第二層共分成3間，一間平均面積約為25.56平方公尺,RPSOMLRJIIOFFBA08CC
中正區,建物,臺北市中正區信義路二段241~270號,0.0,商,,,1080927,土地0建物1車位0,三層,14,套房(1房1廳1衛),見其他登記事項,鋼骨鋼筋混凝土造,1070702,44.0,1,1,1,有,無,有,35000,795,,0.0,0,,RPUOMLRJIIOFFBA28CC
士林區,建物,臺北市士林區天玉街38巷1~30號,0.0,住,,,1080925,土地0建物1車位0,七層,7,華廈(10層含以下有電梯),住家用,鋼筋混凝土造,0740126,145.14000000000001,3,2,2,有,有,有,51000,351,,0.0,0,親友、員工或其他特殊關係間之交易。;,RPQOMLRJIIOFFEA18CC
士林區,建物,臺北市士林區中山北路七段14巷1~30號,0.0,住,,,1080925,土地0建物1車位0,六層,7,華廈(10層含以下有電梯),住家用,鋼筋混凝土造,0670707,161.10999999999999,4,2,2,有,有,有,63000,391,,0.0,0,,RPROMLRJIIOFFEA28CC
士林區,建物,臺北市士林區中山北路七段14巷1~30號,0.0,住,,,1081002,土地0建物1車位0,五層,7,華廈(10層含以下有電梯),住家用,鋼筋混凝土造,0770119,146.85,4,2,2,有,有,有,70000,477,,0.0,0,親友、員工或其他特殊關係間之交易。;,RPTOMLRJIIOFFEA48CC
士林區,建物,臺北市士林區磺溪街35巷1~30號,0.0,住,,,1080922,土地0建物1車位0,四層,5,公寓(5樓含以下無電梯),住家用,鋼筋混凝土造,0770109,110.96,3,2,2,有,有,有,29500,266,,0.0,0,,RPWOMLRJIIOFFEA78CC
北投區,建物,臺北市北投區文林北路31~60號,0.0,住,,,1081006,土地0建物1車位0,二層,5,公寓(5樓含以下無電梯),住家用,鋼筋混凝土造,0680216,67.38,2,2,1,有,有,有,19500,289,,0.0,0,,RPSPMLRJIIOFFEA48CC
士林區,建物,臺北市士林區德行西路111巷2弄1~30號,0.0,住,,,1080915,土地0建物1車位0,五層,5,公寓(5樓含以下無電梯),住家用,鋼筋混凝土造,0680122,101.76,3,2,2,有,無,無,35000,344,,0.0,0,,RPUPMLRJIIOFFEA68CC
北投區,建物,臺北市北投區石牌路二段315巷28弄1~30號,0.0,住,,,1080912,土地0建物1車位0,七層,7,套房(1房1廳1衛),住家用,鋼筋混凝土造,0971009,40.58,1,1,1,有,有,有,20000,493,,0.0,0,,RPVPMLRJIIOFFEA78CC
北投區,建物,臺北市北投區文林北路241~270號,0.0,住,,,1080914,土地0建物1車位0,三層,4,公寓(5樓含以下無電梯),住家用,鋼筋混凝土造,0600720,93.5,3,2,2,有,無,有,22000,235,,0.0,0,,RPWPMLRJIIOFFEA88CC
大安區,建物,臺北市大安區大安路一段16巷1~30號,0.0,住,,,1080919,土地0建物1車位0,八層,9,套房(1房1廳1衛),住家用,鋼筋混凝土造,0881222,41.07,1,1,1,有,有,有,21000,511,,0.0,0,,RPRNMLRJIIOFFFA28CC
大安區,建物,臺北市大安區金山南路二段10巷1~30號,0.0,其他,,,1080918,土地0建物1車位0,見其他登記事項,4,公寓(5樓含以下無電梯),住家用,鋼筋混凝土造,,85.81,2,2,1,有,無,有,29000,338,,0.0,0,,RPQOMLRJIIOFFFA28CC
大安區,建物,臺北市大安區仁愛路四段27巷28弄1~30號,0.0,住,,,1080925,土地0建物1車位0,四層,7,華廈(10層含以下有電梯),住家用,鋼筋混凝土造,0721130,178.68,3,2,2,有,無,有,46500,260,,0.0,0,,RPROMLRJIIOFFFA38CC
大安區,建物,臺北市大安區光復南路661~690號,0.0,商,,,1080926,土地0建物1車位0,六層,14,住宅大樓(11層含以上有電梯),住家用,鋼筋混凝土造,1060515,106.00999999999999,2,1,1,有,無,有,58000,547,,0.0,0,,RPSOMLRJIIOFFFA48CC
大安區,建物,臺北市大安區信義路二段31~60號,0.0,商,,,1080921,土地0建物1車位0,九層,13,住宅大樓(11層含以上有電梯),住家用,鋼筋混凝土造,0990122,37.12,1,1,1,有,無,有,25000,673,,0.0,0,,RPTOMLRJIIOFFFA58CC
大安區,建物,臺北市大安區大安路一段1~30號,0.0,住,,,1080925,土地0建物2車位0,一層,7,店面(店鋪),商業用,鋼筋混凝土造,0680925,96.19,0,0,0,無,有,無,180000,1871,,0.0,0,,RPQNMLSJIIOFFFA28CC
大安區,建物,臺北市大安區仁愛路四段31~60號,0.0,商,,,1080927,土地0建物1車位0,十層,12,住宅大樓(11層含以上有電梯),住家用,鋼筋混凝土造,,169.66,0,0,0,無,有,無,70000,413,,0.0,0,,RPRNMLSJIIOFFFA38CC
大安區,建物,臺北市大安區和平東路三段61~90號,0.0,商,,,1081002,土地0建物2車位0,四層,12,住宅大樓(11層含以上有電梯),商業用,鋼筋混凝土造,0681020,273.61,0,0,0,無,有,無,102168,373,,0.0,0,,RPSNMLSJIIOFFFA48CC
大安區,房地(土地+建物),臺北市大安區建國南路二段151~180號,26.8,住,,,1080901,土地1建物1車位0,一層,5,店面(店鋪),商業用,鋼筋混凝土造,0890919,108.55,0,0,0,無,無,無,66000,608,,0.0,0,,RPROMLSJIIOFFFA48CC
大安區,房地(土地+建物)+車位,臺北市大安區潮州街26巷3弄1~30號,0.0,住,,,1080920,土地0建物1車位1,地下一層,5,華廈(10層含以下有電梯),商業用,鋼筋混凝土造,0781106,262.6,0,0,0,無,無,無,30000,114,升降平面,0.0,0,,RPUOMLSJIIOFFFA78CC
大安區,房地(土地+建物)+車位,臺北市大安區潮州街26巷3弄1~30號,0.0,住,,,1080920,土地0建物1車位1,一層,5,華廈(10層含以下有電梯),住家用,鋼筋混凝土造,0781106,202.52999999999997,1,0,1,有,無,無,105000,518,升降平面,0.0,0,,RPVOMLSJIIOFFFA88CC
士林區,建物,臺北市士林區克強路15巷1~30號,0.0,住,,,1080921,土地0建物1車位0,一層,4,公寓(5樓含以下無電梯),住家用,鋼筋混凝土造,0670712,120.13,0,0,0,無,無,無,35000,291,,0.0,0,,RPWNMLSJIIOFFEA78CC
北投區,建物,臺北市北投區中和街20巷61~90號,0.0,住,,,1080829,土地0建物1車位0,一層,5,公寓(5樓含以下無電梯),住家用,鋼筋混凝土造,0690801,119.22999999999999,3,2,1,有,無,有,18000,151,,0.0,0,,RPQOMLSJIIOFFEA28CC
北投區,建物,臺北市北投區自強街5巷102弄1~30號,0.0,住,,,1080830,土地0建物1車位0,二層,3,公寓(5樓含以下無電梯),住家用,加強磚造,0620803,92.86,3,2,1,有,無,有,18000,194,,0.0,0,,RPROMLSJIIOFFEA38CC
北投區,房地(土地+建物)+車位,臺北市北投區三合街一段82巷62弄1~30號,139.71,住,,,1080901,土地1建物1車位1,四層,9,華廈(10層含以下有電梯),住家用,鋼筋混凝土造,1041027,279.57,3,2,2,有,有,有,90269,323,坡道平面,44.83,0,,RPTOMLSJIIOFFEA58CC
北投區,建物,臺北市北投區裕民六路121~150號,0.0,商,,,1080813,土地0建物1車位0,三層,14,住宅大樓(11層含以上有電梯),住家用,鋼筋混凝土造,1040305,146.51,2,2,2,有,有,有,80000,546,,0.0,0,,RPUOMLSJIIOFFEA68CC
北投區,建物,臺北市北投區中和街493巷1~30號,0.0,住,,,1081007,土地0建物0車位0,五層,5,公寓(5樓含以下無電梯),住家用,鋼筋混凝土造,0711227,21.98,1,0,1,有,無,有,7500,341,,0.0,0,此為分租套房，房號502，第五層共分成4間，一間平均面積約為21.98平方公尺,RPOPMLSJIIOFFEA18CC
松山區,建物,臺北市松山區敦化南路一段1~30號,0.0,其他,,,1080901,土地0建物1車位0,二層,16,辦公商業大樓,商業用,鋼筋混凝土造,0750924,365.36,0,0,0,無,有,無,239055,654,,0.0,0,本租賃案僅承租2樓部分面積約365.36平方公尺110.52坪,RPOOMLSJIIOFFDA97CC
松山區,建物,臺北市松山區復興北路181~210號,0.0,商,,,1080902,土地0建物1車位0,九層,12,辦公商業大樓,商業用,鋼筋混凝土造,0730718,120.12,2,1,1,有,無,有,60000,500,,0.0,0,售價包含裝潢或家電。;實際租期：3年16日,RPSOMLSJIIOFFDA38CC
松山區,建物,臺北市松山區民生東路三段91~120號,0.0,商,,,1080903,土地0建物5車位0,見其他登記事項,13,辦公商業大樓,見使用執照,見使用執照,0880130,4865.2,0,0,0,無,有,無,3679250,756,,0.0,0,,RPWOMLSJIIOFFDA78CC
松山區,建物,臺北市松山區民生東路三段91~120號,0.0,商,,,1080903,土地0建物1車位0,十一層,13,辦公商業大樓,見使用執照,見使用執照,0880130,973.04,0,0,0,無,有,無,735850,756,,0.0,0,,RPOPMLSJIIOFFDA08CC
南港區,房地(土地+建物),臺北市南港區南港路一段121~150號,31.0,住,,,1081007,土地1建物1車位0,,4,公寓(5樓含以下無電梯),住家用,鋼筋混凝土造,,88.65,3,2,1,有,無,無,20000,226,,0.0,0,,RPPPMLSJIIOFFDA18CC
信義區,房地(土地+建物),臺北市信義區永吉路181~210號,20.71,商,,,1080829,土地1建物1車位0,十層,14,住宅大樓(11層含以上有電梯),住家用,鋼筋混凝土造,0940930,41.41,1,1,1,有,有,無,28000,676,,0.0,0,,RPRRMLSJIIOFFDA58CC
信義區,建物,臺北市信義區基隆路一段101巷1~30號,0.0,商,,,1080918,土地0建物1車位1,三層,12,住宅大樓(11層含以上有電梯),住家用,鋼筋混凝土造,0961106,136.57999999999998,2,2,1,有,有,有,50000,366,坡道平面,0.0,0,,RPVRMLSJIIOFFDA98CC
信義區,建物,臺北市信義區基隆路二段181~210號,0.0,商,,,1080912,土地0建物2車位0,六層,21,辦公商業大樓,見使用執照,鋼筋混凝土造,0860221,236.13,0,0,0,無,有,無,113520,481,,0.0,0,,RPRSMLSJIIOFFDA68CC
中山區,建物,臺北市中山區復興南路一段31~60號,0.0,商,,,1080822,土地0建物1車位1,七層,14,辦公商業大樓,商業用,鋼筋混凝土造,0910920,272.59,6,1,2,有,有,有,150000,550,坡道平面,12.25,0,,RPSNMLSJIIOFFCA18CC
中山區,建物,臺北市中山區中山北路一段121巷31~60號,0.0,商,,,1081003,土地0建物1車位0,十二層,14,住宅大樓(11層含以上有電梯),住家用,鋼筋混凝土造,1000128,68.78999999999999,1,1,1,有,有,有,42000,611,,0.0,0,,RPROMLSJIIOFFCA18CC
中山區,建物,臺北市中山區民權東路一段61~90號,0.0,商,,,1081005,土地0建物1車位0,六層,11,住宅大樓(11層含以上有電梯),住商用,鋼筋混凝土造,0670119,45.53,0,0,0,無,無,無,16000,351,,0.0,0,,RPXOMLSJIIOFFCA78CC
中山區,建物,臺北市中山區中山北路二段115巷1~30號,0.0,商,,,1080912,土地0建物1車位0,十一層,17,住宅大樓(11層含以上有電梯),商業用,鋼筋混凝土造,0791019,120.33,3,2,2,有,有,有,48000,399,,0.0,0,,RPRPMLSJIIOFFCA28CC
中山區,建物,臺北市中山區龍江路241~270號,0.0,住,,,1080915,土地0建物1車位0,七層,7,華廈(10層含以下有電梯),住家用,鋼筋混凝土造,0980120,93.06,2,2,1,有,有,有,45000,484,,0.0,0,,RPSPMLSJIIOFFCA38CC
中山區,建物,臺北市中山區中山北路二段31~60號,0.0,商,,,1080917,土地0建物1車位0,四層,12,辦公商業大樓,商業用,鋼筋混凝土造,0761103,61.09,0,0,0,無,有,有,26000,426,,0.0,0,,RPTPMLSJIIOFFCA48CC
中山區,建物,臺北市中山區北安路811~840號,0.0,住,,,1080919,土地0建物1車位0,五層,14,套房(1房1廳1衛),住家用,鋼筋混凝土造,0991224,43.78,1,1,1,有,有,有,26000,594,,0.0,0,,RPPNMLTJIIOFFCA97CC
內湖區,建物,臺北市內湖區成功路二段151~180號,0.0,住,,,1080920,土地0建物1車位0,四層,5,公寓(5樓含以下無電梯),住家用,鋼筋混凝土造,0691113,86.41,2,1,1,有,無,有,22000,255,,0.0,0,,RPQNMLTJIIOFFCA08CC
內湖區,建物,臺北市內湖區港墘路127巷1~30號,0.0,住,,,1080923,土地0建物1車位0,一層,16,店面(店鋪),商業用,鋼筋混凝土造,0851113,65.08,0,0,0,無,有,無,28000,430,,0.0,0,,RPSNMLTJIIOFFCA28CC
中山區,建物,臺北市中山區長春路61~90號,0.0,商,,,1080912,土地0建物1車位0,十一層,12,住宅大樓(11層含以上有電梯),商業用,鋼筋混凝土造,0690201,22.5,0,0,0,無,無,有,10000,444,,0.0,0,,RPTNMLTJIIOFFCA38CC
中山區,建物,臺北市中山區新生北路三段1~30號,0.0,住,,,1081008,土地0建物1車位0,十二層,12,住宅大樓(11層含以上有電梯),商業用,鋼筋混凝土造,0950209,45.59,2,2,1,有,有,有,27000,592,,0.0,0,租金含稅價,RPVNMLTJIIOFFCA58CC
中山區,建物,臺北市中山區民權東路一段61~90號,0.0,商,,,1081008,土地0建物1車位0,二層,10,辦公商業大樓,商業用,鋼筋混凝土造,0620514,332.27000000000004,0,0,2,有,有,無,150000,451,,0.0,0,,RPUOMLTJIIOFFCA58CC
內湖區,建物,臺北市內湖區成功路四段181~210號,0.0,其他,,,1081001,土地0建物1車位0,十一層,15,辦公商業大樓,見其他登記事項,鋼筋混凝土造,1050616,69.25,1,1,1,有,有,有,26020,376,,0.0,0,租金未含管理費,RPOQMLTJIIOFFCA18CC
內湖區,建物,臺北市內湖區成功路四段181~210號,0.0,其他,,,1081001,土地0建物1車位0,十一層,15,辦公商業大樓,見其他登記事項,鋼筋混凝土造,1050616,68.45,1,1,1,有,有,有,25800,377,,0.0,0,租金未含管理費,RPPQMLTJIIOFFCA28CC
內湖區,建物,臺北市內湖區成功路四段181~210號,0.0,其他,,,1081001,土地0建物1車位0,十一層,15,辦公商業大樓,見其他登記事項,鋼筋混凝土造,1050616,95.27,1,1,1,有,有,有,36313,381,,0.0,0,租金未含管理費,RPRQMLTJIIOFFCA48CC
內湖區,建物,臺北市內湖區成功路四段181~210號,0.0,其他,,,1081001,土地0建物1車位0,十二層,15,辦公商業大樓,見其他登記事項,鋼筋混凝土造,1050616,68.45,1,1,1,有,有,有,25908,378,,0.0,0,租金未含管理費,RPTQMLTJIIOFFCA68CC
內湖區,建物,臺北市內湖區成功路四段181~210號,0.0,其他,,,1081001,土地0建物1車位0,十二層,15,辦公商業大樓,見其他登記事項,鋼筋混凝土造,1050616,75.50999999999999,1,1,1,有,有,有,28573,378,,0.0,0,租金未含管理費,RPUQMLTJIIOFFCA78CC
內湖區,建物,臺北市內湖區成功路四段181~210號,0.0,其他,,,1081001,土地0建物1車位1,十二層,15,辦公商業大樓,見其他登記事項,鋼筋混凝土造,1050616,147.77,1,1,1,有,有,有,40280,273,坡道平面,52.5,0,租金未含管理費,RPVQMLTJIIOFFCA88CC
內湖區,建物,臺北市內湖區成功路四段181~210號,0.0,其他,,,1081001,土地0建物1車位1,十三層,15,辦公商業大樓,見其他登記事項,鋼筋混凝土造,1050616,183.37,1,1,1,有,有,有,52760,288,坡道平面,52.5,0,租金未含管理費,RPWQMLTJIIOFFCA98CC
內湖區,建物,臺北市內湖區成功路四段181~210號,0.0,其他,,,1081001,土地0建物1車位0,十四層,15,辦公商業大樓,見其他登記事項,鋼筋混凝土造,1050616,69.25,1,1,1,有,有,有,26397,381,,0.0,0,租金未含管理費,RPXQMLTJIIOFFCA09CC
內湖區,建物,臺北市內湖區成功路四段181~210號,0.0,其他,,,1081001,土地0建物1車位0,十四層,15,辦公商業大樓,見其他登記事項,鋼筋混凝土造,1050616,61.94,1,1,1,有,有,有,22994,371,,0.0,0,租金未含管理費,RPORMLTJIIOFFCA28CC
中山區,建物,臺北市中山區復興北路61~90號,0.0,商,,,1081007,土地0建物1車位0,三層,12,住宅大樓(11層含以上有電梯),商業用,鋼筋混凝土造,0670522,101.77000000000001,3,1,2,有,有,有,37000,364,,0.0,0,,RPPRMLTJIIOFFCA38CC
內湖區,建物,臺北市內湖區民權東路六段123巷1~30號,0.0,住,,,1081008,土地0建物1車位0,,5,華廈(10層含以下有電梯),住家用,鋼筋混凝土造,0980729,113.50999999999999,3,2,2,有,無,有,45000,396,坡道機械,13.6,0,,RPRRMLTJIIOFFCA58CC
信義區,建物,臺北市信義區光復南路421巷1~30號,0.0,住,,,1080918,土地0建物1車位0,二層,9,套房(1房1廳1衛),見其他登記事項,鋼筋混凝土造,1070814,48.739999999999995,1,1,1,有,有,有,30000,616,,0.0,0,,RPRNMLTJIIOFFDA28CC
信義區,建物,臺北市信義區景雲街1~30號,0.0,住,,,1081009,土地0建物1車位0,二層,5,華廈(10層含以下有電梯),住家用,鋼筋混凝土造,0970225,93.36,2,2,1,有,有,有,35000,375,,0.0,0,親友、員工或其他特殊關係間之交易。;,RPQPMLTJIIOFFDA38CC
松山區,建物,臺北市松山區復興北路331~360號,0.0,商,,,1081008,土地0建物1車位0,四層,12,住宅大樓(11層含以上有電梯),住家用,鋼筋混凝土造,0720808,133.1,0,0,0,無,有,無,48000,361,,0.0,0,,RPOQMLTJIIOFFDA28CC
信義區,建物,臺北市信義區永吉路187巷1~30號,0.0,住,,,1080924,土地0建物1車位0,一層,5,公寓(5樓含以下無電梯),住家用,鋼筋混凝土造,0661223,76.29,3,2,1,有,無,有,27000,354,,0.0,0,,RPUQMLTJIIOFFDA88CC
萬華區,建物,臺北市萬華區德昌街185巷31~60號,0.0,,,,1081001,土地0建物1車位0,全,3,透天厝,,加強磚造,,59.95,2,1,1,有,無,無,14000,234,,0.0,0,三樓透天房屋緊租二樓部分,RPUNMLTJIIOFFBA38CC
大同區,建物,臺北市大同區南京西路331~360號,0.0,商,,,1080829,土地0建物0車位0,全,4,透天厝,,加強磚造,,24.63,1,0,1,有,無,有,11500,467,,0.0,0,此為分租套房，房號404，第四層共分5間，一間平均面積約為24.63平方公尺,RPWNMLTJIIOFFBA58CC
中正區,建物,臺北市中正區開封街一段106巷1~30號,0.0,商,,,1081008,土地0建物0車位0,全,3,透天厝,,加強磚造,,25.56,1,0,1,有,無,有,12000,469,,0.0,0,此為分租套房，房號302，第三層共分成2間，一間平均面積約為25.56平方公尺,RPQPMLTJIIOFFBA18CC
大同區,建物,臺北市大同區南京西路262巷1~30號,0.0,商,,,1081008,土地0建物0車位0,全,4,透天厝,,加強磚造,,24.08,1,0,1,有,無,有,11500,478,,0.0,0,此為分租套房，房號301，第三層共分成3間，一間平均面積約為24.08平方公尺,RPRPMLTJIIOFFBA28CC
文山區,建物,臺北市文山區辛亥路五段61~90號,0.0,住,,,1080920,土地0建物1車位0,見其他登記事項,6,店面(店鋪),住家用,鋼筋混凝土造,0720210,78.99,0,1,1,有,無,有,18000,228,,0.0,0,,RPVNMLTJIIOFFAA38CC
士林區,建物,臺北市士林區天母西路41巷1~30號,0.0,住,,,1080920,土地0建物1車位1,四層,6,華廈(10層含以下有電梯),住家用,鋼筋混凝土造,0750125,171.8,4,1,2,有,有,有,35000,204,坡道平面,0.0,0,,RPPNMLTJIIOFFEA18CC
北投區,建物,臺北市北投區立功街91~120號,0.0,工,,,1080922,土地0建物1車位0,九層,12,其他,見其他登記事項,鋼筋混凝土造,0970403,115.24,1,2,2,有,有,有,21374,185,,0.0,0,,RPQNMLTJIIOFFEA28CC
士林區,建物,臺北市士林區菁山路31~60號,0.0,住,,,1080923,土地0建物1車位1,三層,5,華廈(10層含以下有電梯),住家用,鋼筋混凝土造,0980605,248.81,3,2,2,有,有,有,64000,257,坡道平面,40.76,0,,RPRNMLTJIIOFFEA38CC
北投區,車位,臺北市北投區榮華一路2巷1~30號,0.0,住,,,1080916,土地0建物0車位1,,,其他,,,,5.74,0,0,0,有,無,無,3200,,其他,5.74,3200,,RPWNMLTJIIOFFEA88CC
士林區,建物,臺北市士林區基河路1~30號,0.0,住,,,1081008,土地0建物1車位0,四層,13,住宅大樓(11層含以上有電梯),住家用,鋼筋混凝土造,0871211,61.14,1,1,1,有,有,有,30000,491,,0.0,0,,RPPOMLTJIIOFFEA28CC
士林區,建物,臺北市士林區通河街325巷1~30號,0.0,住,,,1080923,土地0建物1車位0,四層,5,套房(1房1廳1衛),住家用,鋼筋混凝土造,0591210,29.48,1,0,1,有,無,有,9000,305,,0.0,0,,RPSOMLTJIIOFFEA58CC
北投區,車位,臺北市北投區溫泉路31~60號,0.0,住,,,1080923,土地0建物0車位1,,13,其他,見其他登記事項,鋼筋混凝土造,0990329,35.989999999999995,0,0,0,有,有,無,4000,,坡道平面,35.99,4000,租金含管理費,RPTOMLTJIIOFFEA68CC
北投區,建物,臺北市北投區石牌路二段325巷1~30號,0.0,其他,,,1080920,土地0建物1車位2,二層,7,華廈(10層含以下有電梯),住家用,鋼筋混凝土造,1010913,196.54000000000002,3,2,2,有,有,有,48000,244,塔式車位,22.86,0,租金含管理費。,RPVOMLTJIIOFFEA88CC
北投區,建物,臺北市北投區民族街61~90號,0.0,住,,,1080921,土地0建物1車位0,三層,4,公寓(5樓含以下無電梯),住家用,鋼筋混凝土造,0611006,97.25,3,2,2,有,無,有,16000,165,,0.0,0,,RPXOMLTJIIOFFEA09CC
大安區,建物,臺北市大安區信義路三段91~120號,0.0,商,,,1080923,土地0建物1車位0,四層,12,辦公商業大樓,商業用,鋼筋混凝土造,0700918,95.42,3,2,2,有,有,有,45000,472,,0.0,0,,RPQNMLTJIIOFFFA38CC
大安區,建物,臺北市大安區和平東路一段151~180號,10.25,商,,,1080907,土地0建物1車位0,四層,12,住宅大樓(11層含以上有電梯),商業用,鋼筋混凝土造,,127.49000000000001,3,2,2,有,有,有,43000,337,,0.0,0,,RPRNMLTJIIOFFFA48CC
大安區,房地(土地+建物),臺北市大安區和平東路一段151~180號,3.37,商,,,1080829,土地1建物1車位0,十一層,11,住宅大樓(11層含以上有電梯),住家用,鋼筋混凝土造,,36.22,0,1,1,有,有,無,15000,414,,0.0,0,,RPSNMLTJIIOFFFA58CC
大安區,建物,臺北市大安區忠孝東路四段181~210號,0.0,商,,,1080903,土地0建物1車位0,十二層,12,辦公商業大樓,商業用,鋼筋混凝土造,0731116,82.18,2,2,1,有,無,無,40000,487,,0.0,0,,RPTNMLTJIIOFFFA68CC
大安區,房地(土地+建物)+車位,臺北市大安區溫州街5巷1~30號,16.75,住,,,1080828,土地1建物1車位1,三層,5,華廈(10層含以下有電梯),住家用,鋼筋混凝土造,0960215,78.08,1,1,1,有,有,無,24000,307,塔式車位,17.6,0,,RPUNMLTJIIOFFFA78CC
大安區,建物,臺北市大安區和平東路一段199巷1~30號,0.0,住,,,1080916,土地0建物1車位0,六層,7,華廈(10層含以下有電梯),住家用,鋼筋混凝土造,0951228,67.63,2,1,1,有,有,有,38000,562,,0.0,0,,RPQOMLTJIIOFFFA48CC
大安區,建物,臺北市大安區大安路一段176巷1~30號,38.32,住,,,1081008,土地0建物1車位0,三層,8,華廈(10層含以下有電梯),住家用,鋼筋混凝土造,0780810,154.46,4,2,2,有,無,有,60000,388,,0.0,0,,RPROMLTJIIOFFFA58CC
大安區,建物,臺北市大安區瑞安街208巷31~60號,0.0,住,,,1080923,土地0建物1車位0,二層,7,華廈(10層含以下有電梯),住家用,鋼筋混凝土造,1040511,64.72,2,1,1,有,無,有,41475,641,,0.0,0,,RPPNMLKKIIOFFFA47CC
中正區,建物,臺北市中正區南昌路一段91~120號,0.0,商,,,1080930,土地0建物1車位0,十四層,15,住宅大樓(11層含以上有電梯),住家用,鋼筋混凝土造,0980403,83.67,2,1,1,有,無,有,34000,406,,0.0,0,,RPPNMLKKIIOFFAA96CC
大同區,建物,臺北市大同區雙連街61~90號,0.0,住,,,1080928,土地0建物1車位2,二層,15,住宅大樓(11層含以上有電梯),住家用,鋼筋混凝土造,1060726,198.98000000000002,3,2,2,有,無,有,75000,377,坡道平面,52.65,0,,RPPNMLKKIIOFFBA07CC
信義區,建物,臺北市信義區信義路五段91~120號,0.0,其他,,,1080923,土地0建物1車位1,十一層,19,住宅大樓(11層含以上有電梯),住家用,鋼筋混凝土造,0980702,154.52,1,1,2,有,無,有,48000,311,坡道平面,12.97,0,,RPPNMLKKIIOFFDA27CC
信義區,建物,臺北市信義區基隆路二段121~150號,0.0,商,,,1080928,土地0建物1車位0,八層,8,華廈(10層含以下有電梯),商業用,鋼筋混凝土造,0670508,78.98,2,2,1,有,無,有,33000,418,,0.0,0,,RPQNMLKKIIOFFDA37CC
中山區,建物,臺北市中山區中山北路一段53巷1~30號,0.0,商,,,1080929,土地0建物1車位0,三層,7,華廈(10層含以下有電梯),商業用,鋼筋混凝土造,0880721,85.63,2,1,1,有,無,有,36800,430,,0.0,0,,RPPNMLKKIIOFFCA17CC
中山區,建物,臺北市中山區新生北路二段68巷1~30號,0.0,商,,,1080930,土地0建物1車位0,十二層,12,住宅大樓(11層含以上有電梯),住家用,見其他登記事項,1050602,83.02000000000001,2,1,1,有,無,有,67000,807,,0.0,0,,RPQNMLKKIIOFFCA27CC
中山區,建物,臺北市中山區新生北路三段56巷1~30號,0.0,商,,,1081003,土地0建物1車位0,七層,12,住宅大樓(11層含以上有電梯),商業用,鋼筋混凝土造,0700410,43.050000000000004,1,1,1,有,無,有,22000,511,,0.0,0,,RPPNMLLKIIOFFCA27CC
中山區,建物,臺北市中山區南京東路一段132巷1~30號,0.0,商,,,1080926,土地0建物1車位0,四層,9,華廈(10層含以下有電梯),住家用,鋼筋混凝土造,1010109,78.10000000000001,2,2,2,有,無,有,53000,679,,0.0,0,,RPQNMLLKIIOFFCA37CC
中山區,建物,臺北市中山區長安東路一段1~30號,0.0,商,,,1080915,土地0建物1車位0,二層,13,住宅大樓(11層含以上有電梯),住家用,鋼筋混凝土造,0961120,54.27,1,1,1,有,無,有,29000,534,,0.0,0,,RPRNMLLKIIOFFCA47CC
中山區,建物,臺北市中山區林森北路107巷61~90號,0.0,商,,,1080925,土地0建物1車位0,四層,6,華廈(10層含以下有電梯),住家用,鋼筋混凝土造,0831205,39.65,0,0,0,無,無,有,14000,353,,0.0,0,,RPUNMLLKIIOFFCA77CC
中山區,建物,臺北市中山區林森北路391~420號,0.0,商,,,1080925,土地0建物1車位0,十一層,12,住宅大樓(11層含以上有電梯),住家用,鋼筋混凝土造,0710531,64.87,0,0,0,無,無,有,26000,401,,0.0,0,,RPWNMLLKIIOFFCA97CC
南港區,房地(土地+建物),臺北市南港區重陽路190巷6弄1~30號,45.5,工,,,1080919,土地1建物1車位0,一層,5,店面(店鋪),工業用,鋼筋混凝土造,0790420,124.53,0,0,0,無,無,無,36000,289,,0.0,0,,RPPNMLLKIIOFFDA37CC
信義區,房地(土地+建物),臺北市信義區忠孝東路五段372巷27弄1~30號,32.04,住,,,1081003,土地1建物1車位0,一層,7,辦公商業大樓,見使用執照,鋼筋混凝土造,,157.76999999999998,3,1,1,有,無,有,55000,349,,0.0,0,,RPSNMLLKIIOFFDA67CC
萬華區,建物,臺北市萬華區和平西路三段61~90號,0.0,其他,,,1080928,土地0建物1車位0,六層,13,住宅大樓(11層含以上有電梯),住家用,鋼筋混凝土造,1000315,78.15,1,1,1,有,無,有,30000,384,,0.0,0,,RPQNMLLKIIOFFBA27CC
萬華區,建物,臺北市萬華區莒光路211~240號,0.0,住,,,1080923,土地0建物1車位0,二層,7,華廈(10層含以下有電梯),住家用,鋼筋混凝土造,0711011,37.8,0,0,0,無,無,有,12500,331,,0.0,0,,RPRNMLLKIIOFFBA37CC
大同區,建物,臺北市大同區民權西路211~240號,0.0,商,,,1080923,土地0建物1車位0,八層,9,華廈(10層含以下有電梯),住家用,鋼筋混凝土造,0680508,94.58,0,0,0,無,無,有,33000,349,,0.0,0,,RPSNMLLKIIOFFBA47CC
大安區,建物,臺北市大安區安和路二段189巷1~30號,0.0,住,,,1080923,土地0建物1車位0,二層,4,公寓(5樓含以下無電梯),住家用,加強磚造,0580905,91.78,3,2,1,有,無,有,35000,381,,0.0,0,,RPPNMLLKIIOFFFA57CC
中正區,建物,臺北市中正區和平西路一段55巷1~30號,0.0,住,,,1080924,土地0建物1車位0,五層,5,公寓(5樓含以下無電梯),住家用,鋼筋混凝土造,0720902,53.2,2,1,1,有,無,有,18000,338,,0.0,0,,RPPNMLMKIIOFFAA17CC
中正區,建物,臺北市中正區林森南路121~150號,6.49,商,,,1081011,土地0建物1車位0,十層,12,住宅大樓(11層含以上有電梯),商業用,鋼筋混凝土造,0891103,56.0,1,1,1,有,有,有,20000,357,,0.0,0,,RPQNMLOKIIOFFAA47CC
文山區,建物,臺北市文山區羅斯福路六段121~150號,0.0,商,,,1080915,土地0建物1車位0,十二層,19,套房(1房1廳1衛),見其他登記事項,鋼筋混凝土造,1060112,66.30000000000001,1,0,1,有,有,有,26500,400,,0.0,0,租金含管理費,RPTNMLOKIIOFFAA77CC
中正區,建物,臺北市中正區三元街151~180號,0.0,住,,,1080923,土地0建物1車位0,見其他登記事項,4,店面(店鋪),住家用,鋼筋混凝土造,,78.07,0,0,1,有,無,無,32000,410,,0.0,0,,RPUNMLOKIIOFFAA87CC
文山區,建物,臺北市文山區興隆路二段220巷1~30號,0.0,商,,,1081003,土地0建物1車位0,二層,4,公寓(5樓含以下無電梯),住家用,鋼筋混凝土造,0631212,133.44,3,2,2,有,無,有,28000,210,,0.0,0,,RPTOMLOKIIOFFAA87CC
文山區,建物,臺北市文山區車前路1~30號,0.0,商,,,1080905,土地0建物2車位1,二層,33,住宅大樓(11層含以上有電梯),見其他登記事項,鋼骨鋼筋混凝土造,1040427,220.97,0,0,0,無,有,有,50112,227,坡道平面,0.0,0,,RPXOMLOKIIOFFAA28CC
中正區,建物,臺北市中正區羅斯福路二段121~150號,0.0,商,,,1080916,土地0建物1車位0,十層,12,住宅大樓(11層含以上有電梯),住家用,鋼筋混凝土造,,110.9,1,1,1,有,有,無,35000,316,,0.0,0,,RPUPMLOKIIOFFAA08CC
萬華區,建物,臺北市萬華區貴陽街二段31~60號,0.0,商,,,1080925,土地0建物1車位1,見其他登記事項,19,店面(店鋪),見其他登記事項,鋼筋混凝土造,1061127,216.15,0,2,2,有,有,有,84000,389,坡道平面,27.87,0,,RPTNMLOKIIOFFBA87CC
萬華區,建物,臺北市萬華區西園路一段31~60號,0.0,商,,,1080924,土地0建物1車位0,全,3,透天厝,,加強磚造,,164.85,0,0,0,無,無,無,28000,170,,0.0,0,,RPVNMLOKIIOFFBA08CC
中正區,建物,臺北市中正區金山南路一段73巷1~30號,0.0,住,,,1080923,土地0建物1車位0,見其他登記事項,5,華廈(10層含以下有電梯),住家用,鋼筋混凝土造,0821216,191.97,4,2,2,有,無,有,55000,287,,0.0,0,有民情風俗因素之交易。;,RPPOMLOKIIOFFBA57CC
萬華區,建物,臺北市萬華區長沙街二段61~90號,0.0,商,,,1081011,土地0建物0車位0,全,5,透天厝,,加強磚造,,23.67,1,0,0,有,無,有,6000,253,,0.0,0,此物件為分租套房，房號404，第四層共分成5間，一間平均面積約為23.67平方公尺,RPQPMLOKIIOFFBA77CC
南港區,建物,臺北市南港區玉成街176巷1~30號,0.0,住,,,1080925,土地0建物1車位0,四層,5,公寓(5樓含以下無電梯),住家用,鋼筋混凝土造,,110.2,3,2,2,有,無,有,30000,272,,0.0,0,,RPWNMLOKIIOFFDA38CC
松山區,建物,臺北市松山區長安東路二段211~240號,0.0,商,,,1080918,土地0建物1車位0,十層,15,住宅大樓(11層含以上有電梯),住家用,鋼筋混凝土造,,90.56,3,2,2,有,無,無,28000,309,,0.0,0,,RPXNMLOKIIOFFDA48CC
松山區,建物,臺北市松山區民權東路三段103巷5弄1~30號,0.0,住,,,1080926,土地0建物1車位0,三層,5,公寓(5樓含以下無電梯),見其他登記事項,鋼筋混凝土造,0740326,83.87,3,2,1,有,有,有,29000,346,,0.0,0,,RPROMLOKIIOFFDA97CC
內湖區,建物,臺北市內湖區新富街31~60號,0.0,住,,,1080926,土地0建物1車位0,四層,11,住宅大樓(11層含以上有電梯),住家用,鋼筋混凝土造,1041225,272.78,3,2,2,有,有,有,111000,407,,0.0,0,,RPTQMLOKIIOFFCA28CC
大安區,建物,臺北市大安區光復南路240巷31~60號,0.0,住,,,1080830,土地0建物1車位0,一層,7,華廈(10層含以下有電梯),住家用,鋼筋混凝土造,,60.42,1,1,1,有,無,無,23000,381,,0.0,0,"部分承租,面積約18.27坪",RPRNMLOKIIOFFFA08CC
大安區,建物,臺北市大安區敦化南路一段161巷1~30號,0.0,住,,,1080924,土地0建物1車位0,三層,4,公寓(5樓含以下無電梯),,加強磚造,,103.3,0,0,0,無,無,無,35000,339,,0.0,0,,RPTNMLOKIIOFFFA28CC
大安區,建物,臺北市大安區光復南路661~690號,0.0,商,,,1081014,土地0建物1車位0,一層,14,店面(店鋪),見其他登記事項,鋼筋混凝土造,1060515,59.379999999999995,0,0,0,無,有,無,45408,765,,0.0,0,含稅及二代健保補充保費。,RPROMLOKIIOFFFA18CC
大安區,建物,臺北市大安區麗水街1~30號,0.0,住,,,1080926,土地0建物1車位0,一層,6,店面(店鋪),住家用,鋼筋混凝土造,,123.3,1,1,2,有,無,有,60000,487,,0.0,0,租賃期間含免租金裝潢期,RPVOMLOKIIOFFFA58CC
北投區,建物,臺北市北投區大業路452巷1~30號,0.0,住,,,1080929,土地0建物1車位0,十二層,16,住宅大樓(11層含以上有電梯),住家用,鋼筋混凝土造,0850613,113.3,3,2,2,有,有,有,40000,353,,0.0,0,,RPROMLOKIIOFFEA08CC
士林區,建物,臺北市士林區福港街91~120號,0.0,住,,,1081014,土地0建物1車位0,二層,5,公寓(5樓含以下無電梯),住家用,鋼筋混凝土造,0740513,81.19,3,2,1,有,無,有,18000,222,,0.0,0,台北市社會住宅包租代管計畫專案,RPSOMLOKIIOFFEA18CC
士林區,建物,臺北市士林區中山北路六段31~60號,0.0,住,,,1080928,土地0建物1車位0,十一層,13,住宅大樓(11層含以上有電梯),住家用,鋼筋混凝土造,1010522,162.48,3,1,2,有,有,有,96000,591,,0.0,0,售價包含裝潢或家電。;,RPXOMLOKIIOFFEA68CC
士林區,建物,臺北市士林區德行東路301~330號,0.0,住,,,1080926,土地0建物1車位0,五層,5,公寓(5樓含以下無電梯),住家用,鋼筋混凝土造,0710707,114.1,3,2,2,有,無,有,30000,263,,0.0,0,,RPQPMLOKIIOFFEA08CC
北投區,建物,臺北市北投區實踐街31~60號,0.0,住,,,1080926,土地0建物1車位0,四層,4,公寓(5樓含以下無電梯),住家用,加強磚造,0590121,92.4,3,2,2,有,無,有,26000,281,,0.0,0,,RPVPMLOKIIOFFEA58CC
北投區,建物,臺北市北投區懷德街11巷1~30號,0.0,住,,,1080923,土地0建物1車位0,見其他登記事項,4,公寓(5樓含以下無電梯),住家用,鋼筋混凝土造,0651231,79.56,3,2,1,有,無,有,25000,314,,0.0,0,租期含免租裝潢期。,RPWPMLOKIIOFFEA68CC
北投區,建物,臺北市北投區大業路721~750號,0.0,商,,,1081012,土地0建物0車位0,全,4,透天厝,住商用,加強磚造,0500720,26.73,2,1,1,有,無,有,14000,524,,0.0,0,此為分租套房，房號401，第四層共分成9間，一間平均面積約為26.73平方公尺,RPOOMLPKIIOFFEA87CC
士林區,建物,臺北市士林區中山北路七段82巷10弄1~30號,0.0,住,,,1080924,土地0建物1車位0,三層,7,華廈(10層含以下有電梯),住家用,鋼筋混凝土造,0830127,144.28,3,2,2,有,有,有,33000,229,,0.0,0,,RPPOMLPKIIOFFEA97CC
士林區,建物,臺北市士林區士東路271~300號,0.0,住,,,1080927,土地0建物1車位0,二層,7,華廈(10層含以下有電梯),住家用,鋼筋混凝土造,0971014,49.89,1,0,1,有,有,有,16000,321,,0.0,0,,RPROMLPKIIOFFEA18CC
大安區,房地(土地+建物),臺北市大安區復興南路二段160巷1~30號,261.46,商,,,1080905,土地2建物1車位0,四層,15,住宅大樓(11層含以上有電梯),住家用,鋼骨鋼筋混凝土造,1080116,114.35,3,2,1,有,無,無,48000,420,,0.0,0,,RPRNMLPKIIOFFFA18CC
大安區,建物,臺北市大安區仁愛路四段345巷15弄1~30號,0.0,住,,,1081008,土地0建物1車位0,一層,6,華廈(10層含以下有電梯),住家用,鋼筋混凝土造,0750609,93.18,2,2,1,有,有,有,33000,354,,0.0,0,,RPUNMLPKIIOFFFA48CC
大安區,建物,臺北市大安區安和路二段69巷1~30號,0.0,住,,,1081004,土地0建物1車位0,三層,8,華廈(10層含以下有電梯),住家用,鋼筋混凝土造,0941201,42.71,1,1,1,有,有,有,26000,609,,0.0,0,,RPSOMLPKIIOFFFA38CC
中山區,建物,臺北市中山區民生東路一段31~60號,0.0,商,,,1080930,土地0建物1車位0,五層,12,住宅大樓(11層含以上有電梯),商業用,鋼筋混凝土造,0830110,168.76999999999998,0,0,0,無,無,無,68000,403,,0.0,0,,RPRNMLPKIIOFFCA87CC
中山區,建物,臺北市中山區建國北路二段31~60號,0.0,商,,,1081007,土地0建物2車位0,十三層,15,辦公商業大樓,商業用,鋼筋混凝土造,0771205,162.1,0,0,0,無,有,無,72000,444,,0.0,0,,RPSNMLPKIIOFFCA97CC
中山區,建物,臺北市中山區中山北路一段105巷1~30號,0.0,商,,,1081013,土地0建物0車位0,四層,4,套房(1房1廳1衛),,加強磚造,,25.12,1,1,1,有,無,有,14000,557,,0.0,0,此為分租套房，房號404，第四層共分成4間，一間平均面積約為25.12平方公尺,RPPOMLPKIIOFFCA77CC
中山區,建物,臺北市中山區建國北路一段31~60號,0.0,住,,,1080916,土地0建物1車位0,三層,14,套房(1房1廳1衛),商業用,鋼筋混凝土造,0961107,47.010000000000005,1,1,1,有,有,有,21000,447,,0.0,0,,RPUOMLPKIIOFFCA28CC
中山區,建物,臺北市中山區南京東路一段132巷1~30號,0.0,商,,,1081008,土地0建物0車位0,七層,7,華廈(10層含以下有電梯),商業用,鋼筋混凝土造,0681226,21.89,1,0,1,有,無,有,12500,571,,0.0,0,此為分租套房，房號706，第七層共分成8間，一間平均面積約為21.89平方公尺,RPOPMLPKIIOFFCA77CC
內湖區,建物,臺北市內湖區安泰街53巷1~30號,0.0,住,,,1080906,土地0建物1車位0,四層,5,公寓(5樓含以下無電梯),住家用,鋼筋混凝土造,0730706,119.45,3,2,2,有,無,有,18000,151,,0.0,0,,RPXPMLPKIIOFFCA68CC
中山區,建物,臺北市中山區新生北路二段68巷1~30號,0.0,商,,,1081008,土地0建物1車位0,八層,12,住宅大樓(11層含以上有電梯),住家用,見其他登記事項,1050602,83.02000000000001,2,1,1,有,有,有,53000,638,,0.0,0,,RPOQMLPKIIOFFCA87CC
中山區,建物,臺北市中山區中山北路三段1~30號,0.0,商,,,1081005,土地0建物1車位0,二層,3,公寓(5樓含以下無電梯),住家用,加強磚造,,119.0,3,2,2,有,無,無,37500,315,,0.0,0,,RPSQMLPKIIOFFCA28CC
中山區,建物,臺北市中山區撫順街1~30號,0.0,商,,,1080928,土地0建物1車位0,十層,15,住宅大樓(11層含以上有電梯),住家用,鋼筋混凝土造,1000630,112.71000000000001,2,2,1,有,有,有,47000,417,,0.0,0,,RPTQMLPKIIOFFCA38CC
內湖區,建物,臺北市內湖區環山路二段31~60號,0.0,住,,,1080917,土地0建物1車位0,見其他登記事項,5,店面(店鋪),住家用,鋼筋混凝土造,0700827,145.0,0,0,0,無,有,無,40000,276,,0.0,0,,RPUQMLPKIIOFFCA48CC
內湖區,房地(土地+建物),臺北市內湖區康寧路一段173巷1~30號,403.14,住,,,1080907,土地1建物1車位0,五層,7,華廈(10層含以下有電梯),住家用,鋼筋混凝土造,0881008,106.74,3,2,2,有,有,無,36000,337,,0.0,0,,RPRRMLPKIIOFFCA28CC
松山區,建物,臺北市松山區光復北路11巷31~60號,0.0,住,,,1080920,土地0建物1車位0,四層,15,辦公商業大樓,商業用,鋼筋混凝土造,0800805,165.29,0,0,0,無,有,無,73000,442,坡道平面,0.0,0,部分面積出租,RPQNMLPKIIOFFDA87CC
南港區,建物,臺北市南港區忠孝東路六段481~510號,0.0,工,,,1081011,土地0建物0車位0,三層,4,公寓(5樓含以下無電梯),工業用,鋼筋混凝土造,,33.54,1,0,1,有,無,有,12300,367,,0.0,0,此為分租套房，房號310，第三層共分成17間，一間平均面積約為33.54平方公尺,RPRNMLPKIIOFFDA97CC
信義區,建物,臺北市信義區信義路五段1~30號,0.0,其他,,,1080907,土地0建物1車位0,十一層,16,辦公商業大樓,住家用,鋼筋混凝土造,0781128,177.68,0,0,0,無,無,有,100000,563,,0.0,0,,RPOOMLPKIIOFFDA77CC
信義區,建物,臺北市信義區信義路五段91巷12弄1~30號,0.0,住,,,1080905,土地0建物1車位0,五層,7,套房(1房1廳1衛),住家用,鋼筋混凝土造,0971224,98.99000000000001,1,1,1,有,有,有,39261,397,,0.0,0,親友、員工或其他特殊關係間之交易。;,RPQOMLPKIIOFFDA97CC
信義區,建物,臺北市信義區忠孝東路五段71巷1~30號,0.0,住,,,1081003,土地0建物1車位0,一層,5,店面(店鋪),商業用,鋼筋混凝土造,0760320,114.46,0,0,0,無,無,有,130000,1136,,0.0,0,,RPXOMLPKIIOFFDA68CC
信義區,建物,臺北市信義區光復南路421巷1~30號,0.0,住,,,1081012,土地0建物1車位0,一層,9,店面(店鋪),見其他登記事項,鋼筋混凝土造,1070814,80.2,0,0,0,無,有,無,57000,711,,0.0,0,,RPSPMLPKIIOFFDA28CC
信義區,建物,臺北市信義區永吉路127巷1~30號,0.0,住,,,1081014,土地0建物0車位0,四層,4,公寓(5樓含以下無電梯),住家用,鋼筋混凝土造,,21.07,1,0,1,有,無,有,8500,403,,0.0,0,,RPVPMLPKIIOFFDA58CC
信義區,建物,臺北市信義區林口街31~60號,0.0,住,,,1081014,土地0建物0車位0,二層,4,公寓(5樓含以下無電梯),住家用,鋼筋混凝土造,0590920,18.53,1,0,1,有,無,有,8500,459,,0.0,0,,RPWPMLPKIIOFFDA68CC
中正區,建物,臺北市中正區衡陽路61~90號,0.0,商,,,1081010,土地0建物0車位0,全,7,透天厝,,加強磚造,,26.3,1,0,1,有,無,有,11300,430,,0.0,0,此為分租套房，房號303，第三層共分成5間，一間平均面積約為26.3平方公尺,RPVNMLPKIIOFFBA18CC
大同區,建物,臺北市大同區重慶北路二段31~60號,0.0,商,,,1081011,土地0建物1車位0,九層,12,套房(1房1廳1衛),住家用,鋼筋混凝土造,0720916,25.509999999999998,1,1,1,有,有,有,11500,451,,0.0,0,,RPPPMLPKIIOFFBA77CC
萬華區,建物,臺北市萬華區西寧南路31~60號,0.0,商,,,1080927,土地0建物1車位0,二層,5,店面(店鋪),,加強磚造,,93.88,0,0,0,無,無,無,100000,1065,,0.0,0,,RPRNMLQKIIOFFBA87CC
大同區,建物,臺北市大同區雙連街61~90號,0.0,住,,,1081001,土地0建物1車位0,三層,15,住宅大樓(11層含以上有電梯),住家用,鋼筋混凝土造,1060726,198.25,4,2,2,有,有,有,80000,404,,0.0,0,租金含管理費,RPROMLQKIIOFFBA97CC
萬華區,建物,臺北市萬華區中華路二段416巷1~30號,0.0,住,,,1081014,土地0建物1車位0,,12,住宅大樓(11層含以上有電梯),住家用,鋼筋混凝土造,0760316,100.72,3,2,1,有,無,有,23000,228,,0.0,0,,RPWOMLQKIIOFFBA48CC
中正區,建物,臺北市中正區仁愛路二段61~90號,0.0,住,,,1081002,土地0建物1車位0,八層,12,住宅大樓(11層含以上有電梯),住家用,鋼筋混凝土造,,98.03,2,1,2,有,有,無,55000,561,,0.0,0,,RPXOMLQKIIOFFBA58CC
大同區,建物,臺北市大同區重慶北路二段121~150號,0.0,商,,,1080925,土地0建物1車位0,見其他登記事項,14,店面(店鋪),見其他登記事項,鋼筋混凝土造,1071129,78.81,0,1,1,有,有,無,56760,720,,0.0,0,租期含免租裝潢期。,RPPPMLQKIIOFFBA87CC
大同區,建物,臺北市大同區長安西路271~300號,0.0,商,,,1081015,土地0建物1車位0,十一層,11,住宅大樓(11層含以上有電梯),商業用,鋼筋混凝土造,0660603,32.26,1,0,1,有,有,有,10000,310,,0.0,0,台北市都發局社會住宅包租代管計畫,RPRPMLQKIIOFFBA08CC
萬華區,建物,臺北市萬華區東園街66巷121~150號,0.0,住,,,1081015,土地0建物1車位0,五層,5,公寓(5樓含以下無電梯),住家用,鋼筋混凝土造,0681101,91.38,4,2,1,有,無,無,12000,131,,0.0,0,,RPTPMLQKIIOFFBA28CC
大同區,建物,臺北市大同區重慶北路二段121~150號,0.0,商,,,1080925,土地0建物1車位0,見其他登記事項,14,店面(店鋪),見其他登記事項,鋼筋混凝土造,1071129,82.63000000000001,0,1,1,有,有,無,56760,687,,0.0,0,租期含免租裝潢期。,RPUPMLQKIIOFFBA38CC
中正區,建物,臺北市中正區詔安街26巷10弄1~30號,0.0,住,,,1081015,土地0建物1車位0,四層,4,公寓(5樓含以下無電梯),住家用,加強磚造,,76.19,2,2,1,有,無,有,18000,236,,0.0,0,台北市都發局社會住宅包租代管計畫,RPXNMLQKIIOFFAA38CC
松山區,建物,臺北市松山區南京東路五段391~420號,0.0,商,,,1081004,土地0建物1車位0,十二層,12,住宅大樓(11層含以上有電梯),見其他登記事項,鋼筋混凝土造,1060921,52.23,1,1,1,有,無,有,32000,613,,0.0,0,,RPQNMLQKIIOFFDA97CC
松山區,建物,臺北市松山區八德路四段211~240號,0.0,住,,,1081010,土地0建物1車位0,五層,7,華廈(10層含以下有電梯),住家用,鋼筋混凝土造,0760211,150.74,4,2,2,有,無,有,39000,259,,0.0,0,,RPRNMLQKIIOFFDA08CC
信義區,建物,臺北市信義區信義路五段1~30號,0.0,其他,,,1080627,土地0建物1車位0,二十層,101,辦公商業大樓,見其他登記事項,見其他登記事項,0931112,415.5,0,0,0,無,無,有,502760,1210,,0.0,0,,RPXOMLQKIIOFFDA78CC
內湖區,建物,臺北市內湖區成功路四段61巷31~60號,0.0,住,,,1081007,土地0建物1車位1,二層,15,住宅大樓(11層含以上有電梯),住家用,鋼筋混凝土造,1060905,201.75,3,2,2,有,無,有,65000,322,坡道平面,36.5,0,,RPRNMLQKIIOFFCA97CC
內湖區,建物,臺北市內湖區民權東路六段123巷34弄1~30號,0.0,商,,,1081002,土地0建物1車位1,六層,12,住宅大樓(11層含以上有電梯),商業用,鋼筋混凝土造,0910510,213.88,3,2,2,有,無,有,63000,295,坡道平面,15.03,0,,RPSNMLQKIIOFFCA08CC
中山區,建物,臺北市中山區北安路781~810號,0.0,住,,,1081003,土地0建物1車位1,十一層,14,住宅大樓(11層含以上有電梯),住家用,鋼筋混凝土造,1020904,74.97,2,1,2,有,無,有,42000,560,坡道機械,5.91,0,,RPTNMLQKIIOFFCA18CC
內湖區,建物,臺北市內湖區新豐街61~90號,0.0,住,,,1081009,土地0建物1車位1,六層,10,華廈(10層含以下有電梯),住家用,鋼筋混凝土造,1040522,163.45999999999998,2,2,1,有,無,有,45000,275,坡道平面,47.15,0,,RPWNMLQKIIOFFCA48CC
內湖區,建物,臺北市內湖區內湖路二段103巷121~150號,0.0,住,,,1080922,土地0建物1車位0,見其他登記事項,7,套房(1房1廳1衛),住家用,鋼筋混凝土造,0741217,61.019999999999996,1,1,1,有,有,有,22000,361,,0.0,0,租金含管理費。,RPXOMLQKIIOFFCA68CC
中山區,建物,臺北市中山區敬業二路69巷31~60號,0.0,商,,,1081001,土地0建物1車位0,七層,10,辦公商業大樓,見其他登記事項,鋼筋混凝土造,0961218,42.1,1,1,1,有,有,有,20000,475,,0.0,0,有民情風俗因素之交易。;,RPOPMLQKIIOFFCA87CC
中山區,建物,臺北市中山區敬業三路151~180號,0.0,住,,,1080920,土地0建物1車位0,一層,8,店面(店鋪),住家用,鋼筋混凝土造,0890628,155.42000000000002,0,0,0,無,有,無,45000,290,,0.0,0,第二及第三年月租肆萬陸仟伍佰元,RPPPMLQKIIOFFCA97CC
內湖區,建物,臺北市內湖區民權東路六段121~150號,0.0,商,,,1080927,土地0建物1車位1,十一層,14,住宅大樓(11層含以上有電梯),住家用,鋼筋混凝土造,0980106,193.76,3,2,2,有,有,有,45000,232,坡道平面,37.47,0,租金調整約定：第二年起每月41000元/月,RPQPMLQKIIOFFCA08CC
中山區,建物,臺北市中山區復興北路151~180號,0.0,商,,,1080924,土地0建物2車位0,九層,12,辦公商業大樓,商業用,鋼筋混凝土造,0720630,528.25,0,2,0,有,有,無,214240,406,,0.0,0,,RPVPMLQKIIOFFCA58CC
中山區,建物,臺北市中山區松江路391~420號,0.0,住,,,1080925,土地0建物1車位0,三層,4,公寓(5樓含以下無電梯),住家用,鋼筋混凝土造,0630506,88.83,0,1,1,有,無,有,26000,293,,0.0,0,作辦公室使用。租期含免租裝潢期。,RPWQMLQKIIOFFCA78CC
中山區,建物,臺北市中山區錦州街231巷1~30號,0.0,商,,,1080925,土地0建物1車位0,一層,4,公寓(5樓含以下無電梯),住家用,鋼筋混凝土造,0590615,88.64,3,2,2,有,無,有,34000,384,,0.0,0,,RPXQMLQKIIOFFCA88CC
中山區,建物,臺北市中山區中山北路二段45巷1~30號,0.0,商,,,1080925,土地0建物1車位0,四層,7,套房(1房1廳1衛),商業用,鋼筋混凝土造,0680623,43.199999999999996,1,1,1,有,無,有,18000,417,,0.0,0,,RPORMLQKIIOFFCA08CC
中山區,建物,臺北市中山區南京東路二段1~30號,0.0,商,,,1081009,土地0建物1車位2,三層,12,辦公商業大樓,商業用,鋼筋混凝土造,0661118,423.14,0,0,0,無,有,無,190000,449,升降平面,0.0,0,1.承租整層之一半面積 2.租金含5%稅金3.租期是5年15天,RPSOMLQKIIOFFCA28DC
松山區,房地(土地+建物),臺北市松山區臺北市光復北路26巷1~30號,6.78,商,,,1080920,土地1建物1車位0,七層,10,華廈(10層含以下有電梯),商業用,鋼筋混凝土造,0830324,64.65,1,1,1,有,無,無,26000,402,,0.0,0,,RPUPMLQKIIOFFDA68DC
北投區,建物,臺北市北投區福美路211~240號,0.0,住,,,1080930,土地0建物1車位1,十層,13,住宅大樓(11層含以上有電梯),見其他登記事項,鋼筋混凝土造,1061117,189.95999999999998,3,2,2,有,有,有,32500,171,坡道平面,43.67,0,,RPTNMLQKIIOFFEA38CC
士林區,建物,臺北市士林區中山北路七段82巷1~30號,0.0,住,,,1080930,土地0建物1車位0,一層,2,倉庫,住家用,加強磚造,0560627,57.92,2,0,1,有,無,無,24000,,,0.0,0,,RPVNMLQKIIOFFEA58CC
士林區,建物,臺北市士林區中山北路六段157巷1~30號,0.0,其他,,,1080924,土地0建物1車位0,三層,15,其他,見其他登記事項,鋼筋混凝土造,0971002,121.28,3,1,1,有,有,有,62000,511,,0.0,0,,RPTNMLRKIIOFFEA48CC
北投區,建物,臺北市北投區天母西路120巷1~30號,0.0,商,,,1081004,土地0建物1車位0,見其他登記事項,14,住宅大樓(11層含以上有電梯),住家用,見其他登記事項,0920708,337.35,5,3,3,有,有,有,145000,430,,0.0,0,,RPVNMLRKIIOFFEA68CC
北投區,車位,臺北市北投區永興路二段31~60號,0.0,住,,,1080926,土地0建物0車位1,,10,其他,住家用,鋼筋混凝土造,1030218,10.05,0,0,0,有,有,無,3500,,升降機械,10.05,3500,,RPUOMLRKIIOFFEA68CC
北投區,建物,臺北市北投區中和街481~510號,0.0,住,,,1081015,土地0建物1車位0,二層,5,公寓(5樓含以下無電梯),住家用,鋼筋混凝土造,0711227,99.08000000000001,3,1,1,有,無,有,18000,182,,0.0,0,,RPVOMLRKIIOFFEA78CC
士林區,建物,臺北市士林區忠誠路二段21巷1~30號,0.0,住,,,1080918,土地0建物1車位0,三層,9,華廈(10層含以下有電梯),住家用,鋼筋混凝土造,0980416,199.69,3,2,2,有,有,有,90000,451,,0.0,0,,RPWOMLRKIIOFFEA88CC
士林區,房地(土地+建物)+車位,臺北市士林區中山北路五段511~540號,9981.13,商,,,1080905,土地1建物1車位4,八層,12,住宅大樓(11層含以上有電梯),見其他登記事項,見其他登記事項,1040518,796.5799999999999,0,0,0,無,無,無,200000,251,坡道平面,120.19,0,,RPOPMLRKIIOFFEA18CC
士林區,建物,臺北市士林區福港街224巷1~30號,0.0,住,,,1081015,土地0建物1車位0,三層,5,公寓(5樓含以下無電梯),住家用,鋼筋混凝土造,0670301,73.28,2,2,1,有,無,有,17000,232,,0.0,0,台北市都發局社會住宅包租代管計畫,RPTPMLRKIIOFFEA68CC
大安區,建物,臺北市大安區大安路一段16巷1~30號,0.0,住,,,1080930,土地0建物1車位0,二層,9,華廈(10層含以下有電梯),住家用,鋼筋混凝土造,0881222,38.12,1,0,1,有,有,有,18000,472,,0.0,0,,RPRNMLRKIIOFFFA38CC
大安區,房地(土地+建物)+車位,臺北市大安區復興南路二段160巷1~30號,261.41,商,,,1080903,土地2建物2車位2,四層,15,住宅大樓(11層含以上有電梯),住家用,鋼骨鋼筋混凝土造,1080116,206.8,4,2,2,有,有,有,95000,459,升降機械,0.0,0,,RPVNMLRKIIOFFFA78CC
大安區,建物,臺北市大安區四維路192巷1~30號,0.0,住,,,1081007,土地0建物1車位0,三層,6,華廈(10層含以下有電梯),住家用,鋼筋混凝土造,0580815,105.18,2,3,2,有,有,無,33000,314,,0.0,0,,RPPOMLRKIIOFFFA28CC
大安區,建物,臺北市大安區復興南路一段279巷1~30號,0.0,住,,,1081007,土地0建物1車位0,一層,4,店面(店鋪),住家用,加強磚造,0541213,67.86,0,0,0,無,無,無,56760,836,,0.0,0,,RPQOMLRKIIOFFFA38CC
大安區,建物,臺北市大安區四維路170巷1~30號,0.0,住,,,1081016,土地0建物1車位0,見其他登記事項,7,店面(店鋪),商業用,鋼筋混凝土造,0740502,227.41000000000003,0,0,0,無,無,無,130000,572,,0.0,0,,RPUOMLRKIIOFFFA78CC
大安區,建物,臺北市大安區復興南路一段107巷5弄1~30號,0.0,商,,,1081009,土地0建物1車位0,七層,15,住宅大樓(11層含以上有電梯),住家用,鋼骨鋼筋混凝土造,1051014,241.28,4,2,3,有,有,有,113500,470,,0.0,0,,RPVOMLRKIIOFFFA88CC
中山區,建物,臺北市中山區錦西街1~30號,0.0,住,,,1080902,土地0建物0車位0,四層,7,公寓(5樓含以下無電梯),住家用,鋼筋混凝土造,0670502,32.18,1,0,1,有,無,有,15000,466,,0.0,0,此回分租套房，房號404，第四層共分10間，一間平均面積約為32.18平方公尺。,RPOOMLRKIIOFFCA87CC
中山區,建物,臺北市中山區南京東路二段121~150號,0.0,商,,,1080903,土地0建物0車位0,四層,8,公寓(5樓含以下無電梯),商業用,鋼筋混凝土造,0601210,33.17,1,0,1,有,無,有,15300,461,,0.0,0,此為分租套房，房號408，第四層共分8間，一間平均面積約為33.17平方公尺。,RPPOMLRKIIOFFCA97CC
中山區,建物,臺北市中山區中山北路二段93巷1~30號,0.0,商,,,1080920,土地0建物1車位0,四層,12,套房(1房1廳1衛),商業用,鋼筋混凝土造,0940803,42.620000000000005,1,1,1,有,有,有,31000,727,,0.0,0,,RPQPMLRKIIOFFCA18CC
中山區,建物,臺北市中山區中山北路三段1~30號,0.0,商,,,1080930,土地0建物1車位0,十三層,15,住宅大樓(11層含以上有電梯),住家用,鋼筋混凝土造,1031203,216.01,3,2,2,有,有,有,100000,463,,0.0,0,,RPTPMLRKIIOFFCA48CC
中山區,建物,臺北市中山區南京東路二段91~120號,0.0,其他,,,1080831,土地0建物1車位0,十三層,18,住宅大樓(11層含以上有電梯),住家用,見其他登記事項,0990917,55.49,1,1,1,有,有,有,38000,685,,0.0,0,售價包含裝潢或家電。;親友、員工或其他特殊關係間之交易。;,RPUPMLRKIIOFFCA58CC
中山區,建物,臺北市中山區林森北路61~90號,0.0,商,,,1080831,土地0建物1車位0,五層,14,住宅大樓(11層含以上有電梯),住家用,鋼筋混凝土造,0961106,200.87,3,2,2,有,有,有,92000,458,,0.0,0,,RPVPMLRKIIOFFCA68CC
中山區,建物,臺北市中山區天祥路31~60號,0.0,商,,,1080828,土地0建物3車位2,七層,10,辦公商業大樓,商業用,鋼筋混凝土造,0900719,296.97,4,1,0,有,有,有,136224,459,升降機械,31.6,0,三戶打通出租,RPXPMLRKIIOFFCA88CC
中山區,建物,臺北市中山區民權東路三段1~30號,0.0,商,,,1080904,土地0建物1車位0,五層,20,辦公商業大樓,商業用,鋼筋混凝土造,0800325,775.51,0,1,1,有,無,有,455692,588,,0.0,0,,RPSQMLRKIIOFFCA48CC
內湖區,房地(土地+建物),臺北市內湖區內湖路一段1巷9弄1~30號,38.01,住,,,1081008,土地1建物1車位0,,5,華廈(10層含以下有電梯),住家用,鋼筋混凝土造,0790621,122.9,3,2,2,有,有,有,38000,309,,0.0,0,,RPWQMLRKIIOFFCA88CC
中山區,建物,臺北市中山區明水路691~720號,0.0,商,,,1080924,土地0建物1車位0,九層,12,其他,商業用,鋼筋混凝土造,0970319,57.83,2,1,1,有,有,有,27000,467,,0.0,0,租金含管理費。,RPPRMLRKIIOFFCA28CC
信義區,建物,臺北市信義區忠孝東路四段541~570號,0.0,住,,,1081007,土地0建物1車位2,十七層,17,辦公商業大樓,商業用,鋼筋混凝土造,0781226,1157.26,12,0,1,有,有,無,946615,818,坡道平面,0.0,0,,RPXNMLRKIIOFFDA78CC
信義區,建物,臺北市信義區松信路91~120號,0.0,住,,,1081008,土地0建物1車位0,一層,4,店面(店鋪),住家用,鋼筋混凝土造,,90.16,0,0,0,無,無,無,45000,499,,0.0,0,急買急賣。;,RPPOMLRKIIOFFDA08CC
信義區,建物,臺北市信義區基隆路一段121~150號,0.0,商,,,1081007,土地0建物1車位0,八層,12,住宅大樓(11層含以上有電梯),商業用,鋼筋混凝土造,0700325,135.98,0,0,0,無,無,無,36000,265,,0.0,0,,RPUOMLRKIIOFFDA58CC
信義區,建物,臺北市信義區基隆路二段39巷1~30號,0.0,住,,,1081015,土地0建物1車位0,一層,5,公寓(5樓含以下無電梯),住家用,鋼筋混凝土造,0760226,176.6,3,2,2,有,無,無,77193,437,,0.0,0,,RPVOMLRKIIOFFDA68CC
萬華區,建物,臺北市萬華區西寧南路211~240號,0.0,其他,,,1081015,土地0建物0車位0,八層,10,華廈(10層含以下有電梯),住家用,鋼筋混凝土造,0620303,26.26,1,0,1,有,無,有,10300,392,,0.0,0,此為分租套房，房號808，第八層共分成8間，一間平均面積約為26.26平方公尺,RPSNMLRKIIOFFBA08CC
大同區,房地(土地+建物),臺北市大同區承德路三段211~240號,0.0,商,,,1081001,土地1建物1車位0,三層,3,公寓(5樓含以下無電梯),,加強磚造,,87.43,0,0,0,無,無,有,21000,240,,0.0,0,,RPOOMLRKIIOFFBA77CC
大同區,建物,臺北市大同區南京西路61~90號,0.0,商,,,1080925,土地0建物1車位0,十一層,15,住宅大樓(11層含以上有電梯),住家用,鋼筋混凝土造,0970205,126.53999999999999,3,2,2,有,有,有,70000,553,,0.0,0,,RPTOMLRKIIOFFBA28CC
中正區,建物,臺北市中正區杭州南路一段18巷1~30號,0.0,住,,,1081010,土地0建物1車位0,九層,10,華廈(10層含以下有電梯),住家用,鋼筋混凝土造,0870622,114.29,3,2,2,有,有,無,51084,447,,0.0,0,,RPRNMLSKIIOFFBA08CC
大同區,建物,臺北市大同區大龍街1~30號,0.0,住,,,1081016,土地0建物0車位0,三層,4,公寓(5樓含以下無電梯),住家用,鋼筋混凝土造,,27.16,1,0,1,有,無,有,11300,416,,0.0,0,此物件為分租套房，房號302，第三層共分成3間，一間平均面積為27.16平方公尺,RPUNMLSKIIOFFBA38CC
大同區,建物,臺北市大同區市民大道一段181~210號,0.0,其他,,,1080930,土地0建物1車位0,九層,18,住宅大樓(11層含以上有電梯),住家用,見其他登記事項,0980724,83.26,2,2,1,有,有,有,42000,504,,0.0,0,,RPOPMLSKIIOFFBA97CC
大同區,建物,臺北市大同區南京西路25巷31~60號,0.0,商,,,1081001,土地0建物1車位0,七層,7,華廈(10層含以下有電梯),住家用,鋼筋混凝土造,0970626,99.72999999999999,2,2,1,有,有,有,48000,481,,0.0,0,親友、員工或其他特殊關係間之交易。;,RPPPMLSKIIOFFBA08CC
中正區,建物,臺北市中正區泉州街1~30號,0.0,住,,,1081003,土地0建物1車位0,一層,7,店面(店鋪),商業用,鋼筋混凝土造,0730519,154.69,1,2,1,有,無,無,37500,242,,0.0,0,,RPQNMLSKIIOFFAA87CC
松山區,建物,臺北市松山區八德路四段391~420號,0.0,商,,,1080910,土地0建物1車位0,見其他登記事項,4,店面(店鋪),工業用,鋼筋混凝土造,0600712,275.2,0,0,0,無,無,無,100000,363,,0.0,0,起租日民國108年11月1日至民國113年10月31日,RPUOMLSKIIOFFDA68CC
松山區,建物,臺北市松山區民生東路三段113巷1~30號,0.0,住,,,1081004,土地0建物1車位0,一層,7,店面(店鋪),商業用,鋼筋混凝土造,0720623,127.99,0,2,2,有,有,有,52800,413,,0.0,0,租賃期間含免租金裝潢期,RPPQMLSKIIOFFDA38CC
中山區,建物,臺北市中山區中山北路二段91~120號,0.0,商,,,1080925,土地0建物1車位0,六層,14,辦公商業大樓,商業用,鋼骨鋼筋混凝土造,0671223,128.49,0,0,0,無,無,無,58000,451,,0.0,0,,RPVNMLSKIIOFFCA58CC
中山區,建物,臺北市中山區松江路313巷1~30號,0.0,商,,,1080902,土地0建物1車位0,一層,7,華廈(10層含以下有電梯),住商用,鋼筋混凝土造,0690213,81.68,1,1,1,有,無,無,31000,380,,0.0,0,,RPWOMLSKIIOFFCA78CC
中山區,房地(土地+建物)+車位,臺北市中山區明水路451~480號,113.6,住,,,1080903,土地1建物1車位1,三層,15,住宅大樓(11層含以上有電梯),住家用,鋼筋混凝土造,0841004,194.06,3,2,2,有,無,有,65000,335,坡道平面,63.06,0,,RPXOMLSKIIOFFCA88CC
中山區,房地(土地+建物),臺北市中山區臺北市中山區松江路61~90號,23.03,商,,,1081016,土地2建物1車位0,五層,17,辦公商業大樓,商業用,鋼筋混凝土造,0740820,240.9,0,0,0,無,有,無,158027,656,,0.0,0,1.租金含5%加值型營業稅2.民國110年11月1日起至113年10月31日止，每月租金為162768元/月,RPOPMLSKIIOFFCA08CC
內湖區,建物,臺北市內湖區康寧路三段70巷61~90號,0.0,住,,,1080923,土地0建物1車位0,二層,12,住宅大樓(11層含以上有電梯),住家用,鋼筋混凝土造,0960710,142.57999999999998,3,2,2,有,有,有,46000,323,,0.0,0,,RPSPMLSKIIOFFCA48CC
中山區,建物,臺北市中山區林森北路571~600號,0.0,商,,,1080501,土地0建物1車位0,五層,13,住宅大樓(11層含以上有電梯),住家用,鋼筋混凝土造,1000726,89.94,1,2,1,有,有,有,58000,645,,0.0,0,,RPWPMLSKIIOFFCA88CC
中山區,建物,臺北市中山區南京東路二段91~120號,0.0,其他,,,1080925,土地0建物1車位0,十八層,18,住宅大樓(11層含以上有電梯),住家用,見其他登記事項,0990917,45.86,1,1,1,有,有,有,34000,741,,0.0,0,親友、員工或其他特殊關係間之交易。;,RPPRMLSKIIOFFCA38CC
中山區,建物,臺北市中山區新生北路二段31~60號,0.0,住,,,1081001,土地0建物1車位0,四層,19,住宅大樓(11層含以上有電梯),住家用,鋼骨鋼筋混凝土造,0980916,144.36,4,2,2,有,有,有,60000,416,,0.0,0,親友、員工或其他特殊關係間之交易。;,RPQRMLSKIIOFFCA48CC
中山區,建物,臺北市中山區林森北路571~600號,0.0,商,,,1081001,土地0建物1車位0,五層,13,住宅大樓(11層含以上有電梯),住家用,鋼筋混凝土造,1000726,89.64,1,2,1,有,有,有,50000,558,,0.0,0,,RPSRMLSKIIOFFCA68CC
大安區,建物,臺北市大安區和平東路一段151~180號,0.0,商,,,1081002,土地0建物2車位0,見其他登記事項,12,店面(店鋪),見使用執照,鋼筋混凝土造,0730320,112.44,0,1,2,有,有,無,100000,889,,0.0,0,有民情風俗因素之交易。;,RPQNMLSKIIOFFFA38CC
大安區,建物,臺北市大安區大安路一段61~90號,0.0,商,,,1081016,土地0建物2車位0,二層,7,華廈(10層含以下有電梯),住商用,鋼筋混凝土造,,427.19,0,0,0,無,有,無,400000,936,,0.0,0,,RPRNMLSKIIOFFFA48CC
大安區,建物,臺北市大安區復興南路一段79巷4弄1~30號,0.0,商,,,1081001,土地0建物1車位0,十四層,16,住宅大樓(11層含以上有電梯),住家用,鋼筋混凝土造,0850708,136.77,3,2,2,有,有,有,55000,402,,0.0,0,親友、員工或其他特殊關係間之交易。;,RPWNMLSKIIOFFFA98CC
大安區,建物,臺北市大安區敦化南路二段151~180號,0.0,其他,,,1081014,土地0建物1車位0,,21,住宅大樓(11層含以上有電梯),住家用,鋼筋混凝土造,0781014,225.29,0,0,0,無,有,無,98536,437,,0.0,0,,RPXNMLSKIIOFFFA09CC
大安區,建物,臺北市大安區光復南路601~630號,0.0,住,,,1081007,土地0建物1車位0,三層,14,住宅大樓(11層含以上有電梯),見其他登記事項,鋼筋混凝土造,0970627,312.03,0,0,0,無,有,無,158000,506,,0.0,0,,RPPOMLSKIIOFFFA38CC
大安區,建物,臺北市大安區大安路一段116巷1~30號,0.0,住,,,1080930,土地0建物1車位1,四層,7,華廈(10層含以下有電梯),住家用,鋼筋混凝土造,,279.4,4,2,5,有,無,無,105000,376,坡道平面,0.0,0,,RPROMLSKIIOFFFA58CC
大同區,房地(土地+建物),臺北市大同區承德路三段211~240號,16.99,商,,,1080925,土地1建物1車位0,六層,7,華廈(10層含以下有電梯),住家用,鋼筋混凝土造,0661208,92.54,2,2,2,有,無,有,33000,357,,0.0,0,,RPSPMLSKIIOFFBA48DC
士林區,建物,臺北市士林區德行東路61~90號,0.0,住,,,1080911,土地0建物1車位0,全,1,透天厝,住家用,加強磚造,0590504,103.16,3,1,1,有,無,有,35000,339,,0.0,0,,RPVNMLSKIIOFFEA78CC
士林區,建物,臺北市士林區天母西路5巷4弄1~30號,0.0,住,,,1080925,土地0建物1車位1,四層,7,華廈(10層含以下有電梯),住家用,鋼筋混凝土造,0690712,170.0,4,2,2,有,有,有,65000,382,坡道平面,0.0,0,,RPROMLSKIIOFFEA48CC
北投區,建物,臺北市北投區新興路64巷1~30號,0.0,住,,,1081015,土地0建物1車位0,二層,4,公寓(5樓含以下無電梯),住家用,鋼筋混凝土造,0691009,128.14,4,2,1,有,無,有,18000,140,,0.0,0,台北市都發局社會住宅包租代管計畫,RPWOMLSKIIOFFEA98CC
士林區,建物,臺北市士林區中山北路六段157巷1~30號,0.0,工,,,1081001,土地0建物1車位0,八層,15,其他,見其他登記事項,鋼筋混凝土造,0971002,101.15,2,2,1,有,有,有,52000,514,,0.0,0,親友、員工或其他特殊關係間之交易。;,RPXOMLSKIIOFFEA09CC
北投區,建物,臺北市北投區溫泉路37巷1~30號,0.0,住,,,1081004,土地0建物1車位0,五層,13,套房(1房1廳1衛),住家用,鋼筋混凝土造,0941111,48.019999999999996,1,0,1,有,有,有,14000,292,,0.0,0,,RPRPMLSKIIOFFEA58CC
中山區,建物,臺北市中山區松江路31~60號,0.0,商,,,1081003,土地0建物1車位0,八層,11,住宅大樓(11層含以上有電梯),住家用,鋼筋混凝土造,0780406,146.26999999999998,2,0,1,有,有,無,52000,356,,0.0,0,,RPOPMLLLIIOFFCA57DC
大安區,建物,臺北市大安區仁愛路四段211~240號,0.0,其他,,,1081014,土地0建物1車位0,七層,12,住宅大樓(11層含以上有電梯),住家用,鋼筋混凝土造,0670912,89.31,3,2,2,有,無,有,38150,427,,0.0,0,,RPUNMLLLIIOFFFA18CC
大安區,建物,臺北市大安區忠孝東路三段241~270號,0.0,商,,,1081015,土地0建物1車位0,二層,10,辦公商業大樓,住家用,鋼筋混凝土造,,178.88,4,1,2,有,無,有,80000,447,,0.0,0,,RPVNMLLLIIOFFFA28CC
中山區,建物,臺北市中山區南京東路三段61~90號,0.0,商,,,1081001,土地0建物1車位0,二層,4,公寓(5樓含以下無電梯),住家用,鋼筋混凝土造,0611122,144.33,0,1,1,有,無,有,60000,416,,0.0,0,房屋用途做辦公室使用,RPSNMLLLIIOFFCA67CC
中山區,建物,臺北市中山區植福路301~330號,0.0,其他,,,1080925,土地0建物1車位3,七層,10,辦公商業大樓,見其他登記事項,見其他登記事項,1041027,314.1,0,0,0,無,有,無,155000,493,坡道平面,0.0,0,,RPWNMLLLIIOFFCA08CC
內湖區,建物,臺北市內湖區成功路四段61巷31~60號,0.0,住,,,1081009,土地0建物1車位1,十層,15,住宅大樓(11層含以上有電梯),住家用,鋼筋混凝土造,1060905,297.32,4,2,3,有,無,有,100000,336,坡道平面,36.51,0,,RPVOMLLLIIOFFCA08CC
中山區,建物,臺北市中山區中山北路二段31~60號,0.0,商,,,1081018,土地0建物1車位0,一層,12,店面(店鋪),商業用,鋼筋混凝土造,0750410,71.03999999999999,0,0,0,無,有,無,90000,1267,,0.0,0,,RPRPMLLLIIOFFCA77CC
中山區,建物,臺北市中山區南京東路二段91~120號,0.0,其他,,,1081015,土地0建物1車位0,七層,18,住宅大樓(11層含以上有電梯),住家用,見其他登記事項,0990917,55.49,0,0,0,無,無,有,32000,577,,0.0,0,,RPSPMLLLIIOFFCA87CC
內湖區,建物,臺北市內湖區康寧路三段181~210號,0.0,商,,,1081015,土地0建物1車位0,八層,9,華廈(10層含以下有電梯),住家用,鋼筋混凝土造,1041030,66.51,2,1,1,有,無,有,35500,534,,0.0,0,,RPTPMLLLIIOFFCA97CC
信義區,建物,臺北市信義區嘉興街151~180號,0.0,住,,,1080928,土地0建物0車位0,見其他登記事項,4,店面(店鋪),住家用,鋼筋混凝土造,0580707,49.59,2,1,1,有,無,無,30000,605,,0.0,0,,RPXNMLLLIIOFFDA28CC
信義區,建物,臺北市信義區崇德路151~180號,0.0,住,,,1081015,土地0建物1車位1,二層,5,華廈(10層含以下有電梯),見其他登記事項,鋼筋混凝土造,1070731,108.44999999999999,2,2,2,有,無,有,55000,507,坡道平面,0.0,0,,RPWOMLLLIIOFFDA28CC
松山區,建物,臺北市松山區南京東路五段361~390號,34.5,商,,,1080916,土地0建物1車位0,見其他登記事項,4,店面(店鋪),商業用,鋼筋混凝土造,,120.38,1,1,1,有,無,有,46000,382,,0.0,0,有民情風俗因素之交易。;含未登記之地下層,RPOPMLLLIIOFFDA57CC
松山區,建物,臺北市松山區敦化北路4巷31~60號,0.0,商,,,1080916,土地0建物1車位0,二層,7,華廈(10層含以下有電梯),住家用,鋼筋混凝土造,0701229,107.44,3,2,2,有,無,有,35000,326,,0.0,0,,RPPPMLLLIIOFFDA67CC
松山區,建物,臺北市松山區南京東路五段151~180號,0.0,商,,,1081016,土地0建物1車位0,七層,17,住宅大樓(11層含以上有電梯),商業用,鋼筋混凝土造,0731106,137.57999999999998,3,2,2,有,無,有,48000,349,,0.0,0,,RPQPMLLLIIOFFDA77CC
信義區,建物,臺北市信義區光復南路541~570號,0.0,商,,,1081005,土地0建物1車位0,十一層,18,住宅大樓(11層含以上有電梯),住家用,見其他登記事項,0970822,95.46000000000001,1,2,1,有,有,有,42000,440,,0.0,0,,RPRPMLLLIIOFFDA87CC
松山區,建物,臺北市松山區南京東路三段271~300號,0.0,商,,,1081016,土地0建物1車位0,地下一層,12,店面(店鋪),見使用執照,鋼筋混凝土造,0671103,889.86,0,0,0,無,無,有,310000,348,,0.0,0,,RPSPMLLLIIOFFDA97CC
松山區,建物,臺北市松山區八德路三段181~210號,0.0,商,,,1081014,土地0建物1車位1,九層,15,住宅大樓(11層含以上有電梯),住家用,鋼骨鋼筋混凝土造,0960625,224.21,3,2,3,有,無,有,85000,379,坡道平面,0.56,0,,RPTPMLLLIIOFFDA08CC
南港區,建物,臺北市南港區市民大道七段391~420號,0.0,工,,,1080926,土地0建物2車位4,見其他登記事項,5,廠辦,商業用,鋼筋混凝土造,,1159.92,0,0,0,無,無,無,360000,310,坡道平面,0.0,0,車位面積無法計算，故無法計入建物租賃面積,RPVPMLLLIIOFFDA28CC
松山區,建物,臺北市松山區敦化北路181~210號,0.0,其他,,,1080924,土地0建物1車位0,六層,14,辦公商業大樓,商業用,鋼筋混凝土造,0680320,123.9,0,0,0,無,有,無,102900,831,,0.0,0,,RPRQMLLLIIOFFDA97CC
信義區,房地(土地+建物),臺北市信義區松山路656巷1~30號,42.69,住,,,1081016,土地3建物1車位0,一層,4,公寓(5樓含以下無電梯),住家用,鋼筋混凝土造,,58.35,2,1,1,有,無,有,20000,343,,0.0,0,,RPSQMLLLIIOFFDA08CC
信義區,建物,臺北市信義區基隆路一段61~90號,0.0,其他,,,1081016,土地0建物1車位1,八層,12,辦公商業大樓,見其他登記事項,鋼筋混凝土造,0960919,329.90999999999997,0,0,1,有,有,無,100000,303,坡道平面,0.0,0,,RPTQMLLLIIOFFDA18CC
信義區,建物,臺北市信義區松仁路241~270號,0.0,住,,,1081008,土地0建物1車位0,十二層,16,住宅大樓(11層含以上有電梯),住家用,鋼筋混凝土造,0831130,144.24,3,2,2,有,有,有,45000,312,,0.0,0,,RPXQMLLLIIOFFDA58CC
松山區,建物,臺北市松山區新東街12巷31~60號,0.0,住,,,1081008,土地0建物1車位0,二層,4,公寓(5樓含以下無電梯),住家用,鋼筋混凝土造,,87.85,3,2,1,有,無,有,24000,273,,0.0,0,,RPORMLLLIIOFFDA77CC
信義區,建物,臺北市信義區信義路五段150巷1~30號,0.0,住,,,1081011,土地0建物1車位1,見其他登記事項,30,住宅大樓(11層含以上有電梯),住家用,鋼骨鋼筋混凝土造,0861024,236.07,3,2,2,有,有,有,121344,514,坡道平面,0.0,0,,RPQRMLLLIIOFFDA97CC
中正區,建物,臺北市中正區同安街101巷1~30號,0.0,住,,,1081021,土地0建物1車位0,一層,4,公寓(5樓含以下無電梯),,鋼筋混凝土造,,108.32,3,2,1,有,無,無,28000,258,,0.0,0,,RPXOMLLLIIOFFAA08CC
大同區,建物,臺北市大同區延平北路三段31~60號,0.0,其他,,,1080925,土地0建物1車位0,見其他登記事項,2,店面(店鋪),住家用,磚造,,178.52,0,2,2,有,無,無,100000,560,,0.0,0,,RPQNMLLLIIOFFBA37CC
大同區,建物,臺北市大同區南京西路31~60號,0.0,商,,,1081018,土地0建物1車位0,十三層,13,住宅大樓(11層含以上有電梯),見其他登記事項,見其他登記事項,0941208,48.78,1,1,1,有,有,有,29523,605,,0.0,0,受債權債務關係影響之交易。;,RPRNMLLLIIOFFBA47CC
萬華區,建物,臺北市萬華區西寧南路211~240號,0.0,其他,,,1081017,土地0建物0車位0,八層,10,華廈(10層含以下有電梯),住家用,鋼筋混凝土造,0620303,26.26,1,0,1,有,無,有,10800,411,,0.0,0,此為分租套房，房號806，第八層共分成8間，一間平均面積約為26.26平方公尺,RPVNMLLLIIOFFBA87CC
萬華區,建物,臺北市萬華區西園路二段281巷1~30號,0.0,住,,,1081017,土地0建物0車位0,四層,4,公寓(5樓含以下無電梯),住家用,鋼筋混凝土造,0850718,40.0,1,0,1,有,無,有,12300,308,,0.0,0,此為分租套房，房號402，第四層共分成2間，一間平均面積約為40平方公尺,RPWNMLLLIIOFFBA97CC
萬華區,建物,臺北市萬華區西園路二段281巷1~30號,0.0,住,,,1081017,土地0建物0車位0,三層,4,公寓(5樓含以下無電梯),住家用,鋼筋混凝土造,0850718,40.01,1,0,1,有,無,有,13300,332,,0.0,0,此為分租套房，房號301，第三層共分成2間，一間平均面積約為40.01平方公尺,RPXNMLLLIIOFFBA08CC
大同區,建物,臺北市大同區重慶北路二段6巷1~30號,0.0,商,,,1081017,土地0建物1車位0,一層,3,公寓(5樓含以下無電梯),住家用,加強磚造,,60.72,2,1,1,有,無,有,19000,313,,0.0,0,,RPPOMLLLIIOFFBA37CC
大同區,建物,臺北市大同區太原路1~30號,0.0,其他,,,1081013,土地0建物1車位0,八層,12,住宅大樓(11層含以上有電梯),住家用,鋼筋混凝土造,1000418,139.19,3,2,2,有,無,有,58000,417,,0.0,0,,RPROMLLLIIOFFBA57CC
萬華區,建物,臺北市萬華區中華路二段661~690號,0.0,住,,,1081017,土地0建物1車位0,十四層,14,住宅大樓(11層含以上有電梯),住家用,鋼筋混凝土造,0780811,180.43,4,2,2,有,有,有,43000,238,,0.0,0,租金含管理費,RPUOMLLLIIOFFBA87CC
大同區,建物,臺北市大同區延平北路一段121~150號,0.0,商,,,1081019,土地0建物1車位0,八層,12,住宅大樓(11層含以上有電梯),住家用,鋼筋混凝土造,1080411,99.68,2,1,2,有,有,無,36000,361,,0.0,0,,RPPNMLMLIIOFFBA37CC
大同區,建物,臺北市大同區萬全街1~30號,0.0,商,,,1080823,土地0建物1車位0,三層,15,住宅大樓(11層含以上有電梯),住家用,鋼筋混凝土造,1041016,185.79,3,2,2,有,有,有,84000,452,,0.0,0,續約,RPUNMLMLIIOFFBA87CC
大同區,房地(土地+建物),臺北市大同區鄭州路1~30號,0.0,其他,,,1080910,土地2建物1車位0,一層,4,公寓(5樓含以下無電梯),,加強磚造,,92.2,0,0,0,無,無,無,62000,672,,0.0,0,,RPVNMLMLIIOFFBA97CC
萬華區,建物,臺北市萬華區漢口街二段31~60號,0.0,商,,,1081019,土地0建物0車位0,全,4,透天厝,,加強磚造,,22.12,1,0,1,有,有,有,8400,380,,0.0,0,此為分租套房，房號401，第四層共分成7間，一間平均面積約為22.12平方公尺,RPTOMLMLIIOFFBA87CC
大同區,建物,臺北市大同區南京西路262巷1~30號,0.0,商,,,1081020,土地0建物0車位0,四層,4,公寓(5樓含以下無電梯),住家用,鋼筋混凝土造,0630726,44.79,1,0,1,有,無,有,9500,212,,0.0,0,此為分租套房，房號401，第四層共分成2間，一間平均面積約為44.79平方公尺,RPXOMLMLIIOFFBA28CC
文山區,建物,臺北市文山區興隆路三段112巷2弄1~30號,0.0,住,,,1081018,土地0建物0車位0,三層,5,公寓(5樓含以下無電梯),住家用,鋼筋混凝土造,0690201,25.11,1,0,1,有,無,有,9800,390,,0.0,0,此為分租套房，房號302，第三層共分成4間，一間平均面積約為25.11平方公尺,RPROMLMLIIOFFAA57CC
文山區,建物,臺北市文山區羅斯福路六段61~90號,0.0,商,,,1081020,土地0建物0車位0,四層,4,套房(1房1廳1衛),住家用,鋼筋混凝土造,,20.96,1,1,1,有,無,有,8500,406,,0.0,0,此為分租套房，房號404，第四層共分成4間，一間平均面積約為20.96平方公尺,RPUOMLMLIIOFFAA87CC
文山區,建物,臺北市文山區景福街223巷1~30號,0.0,住,,,1081022,土地0建物1車位0,四層,5,公寓(5樓含以下無電梯),住家用,鋼筋混凝土造,0741128,98.2,3,2,1,有,無,有,23000,234,,0.0,0,,RPWOMLMLIIOFFAA08CC
松山區,建物,臺北市松山區南京東路五段151~180號,0.0,住,,,1081018,土地0建物1車位0,一層,16,店面(店鋪),商業用,見其他登記事項,0830310,701.26,0,0,0,無,有,無,630000,898,,0.0,0,109.01.18-111.01.17 租金為630000元111.01.18-113.01.17 租金為648900元113.01.18-115.01.17 租金為668367元115.01.18-119.01.17 租金為688418元,RPROMLMLIIOFFDA87CC
信義區,建物,臺北市信義區松仁路271~300號,0.0,住,,,1080830,土地0建物1車位0,十七層,23,辦公商業大樓,見使用執照,見使用執照,0860715,1069.21,0,0,0,無,有,無,582192,545,,0.0,0,,RPUOMLMLIIOFFDA18CC
松山區,房地(土地+建物),臺北市松山區民生東路五段241~270號,10.8,住,,,1081007,土地2建物1車位0,一層,7,店面(店鋪),商業用,鋼筋混凝土造,0680208,56.370000000000005,0,0,0,無,無,無,40000,710,,0.0,0,,RPTPMLMLIIOFFDA18CC
內湖區,建物,臺北市內湖區內湖路一段121~150號,0.0,工,,,1081016,土地0建物1車位1,三層,7,廠辦,商業用,鋼筋混凝土造,0710506,410.0,0,0,0,無,有,無,110000,268,一樓平面,0.0,0,部分承租，非整層承租,RPSQMLMLIIOFFCA08CC
內湖區,建物,臺北市內湖區內湖路三段211~240號,0.0,住,,,1081022,土地0建物1車位1,九層,14,住宅大樓(11層含以上有電梯),住家用,鋼筋混凝土造,1020731,115.0,1,1,1,有,有,有,38000,330,坡道平面,0.0,0,含管理費,RPTQMLMLIIOFFCA18CC
內湖區,建物,臺北市內湖區民權東路六段123巷43弄1~30號,0.0,住,,,1081016,土地0建物1車位0,全,4,透天厝,見使用執照,鋼筋混凝土造,0870923,217.14,4,3,3,有,無,有,80000,368,,0.0,0,,RPUQMLMLIIOFFCA28CC
大安區,建物,臺北市大安區忠孝東路四段31~60號,0.0,商,,,1080827,土地0建物1車位0,六層,12,住宅大樓(11層含以上有電梯),住家用,鋼筋混凝土造,,91.32,0,2,1,有,有,無,45000,493,,0.0,0,,RPQNMLMLIIOFFFA87CC
大安區,建物,臺北市大安區復興南路一段361~390號,0.0,其他,,,1080910,土地0建物1車位0,一層,12,店面(店鋪),商業用,鋼筋混凝土造,0831124,105.13,0,0,0,無,有,無,70383,669,,0.0,0,,RPPOMLMLIIOFFFA87CC
大安區,建物,臺北市大安區信義路四段211~240號,0.0,住,,,1080917,土地0建物1車位0,五層,14,辦公商業大樓,商業用,鋼筋混凝土造,0700123,124.42,0,0,0,無,無,有,45000,362,,0.0,0,,RPQOMLMLIIOFFFA97CC
大安區,建物,臺北市大安區復興南路二段160巷1~30號,261.41,商,,,1080909,土地0建物1車位1,五層,15,住宅大樓(11層含以上有電梯),住家用,鋼骨鋼筋混凝土造,1080116,128.86,2,2,1,有,有,有,63000,489,升降機械,0.0,0,,RPROMLMLIIOFFFA08CC
中山區,建物,臺北市中山區松江路31~60號,0.0,商,,,1081011,土地0建物1車位0,八層,13,辦公商業大樓,商業用,鋼筋混凝土造,0860521,167.85,1,0,1,有,有,無,65000,387,,0.0,0,,RPVNMLMLIIOFFCA18DC
北投區,建物,臺北市北投區致遠二路91~120號,0.0,住,,,1080829,土地0建物1車位0,十一層,11,住宅大樓(11層含以上有電梯),住家用,鋼筋混凝土造,0900220,143.04000000000002,2,2,2,有,有,有,45000,315,,0.0,0,,RPTNMLMLIIOFFEA08CC
北投區,建物,臺北市北投區中央北路三段148巷5弄1~30號,0.0,住,,,1081023,土地0建物1車位0,一層,5,公寓(5樓含以下無電梯),商業用,鋼筋混凝土造,0751217,90.25,3,1,1,有,無,有,18000,199,,0.0,0,台北市都發局社會住宅包租代管計畫,RPSOMLNLIIOFFEA18CC
士林區,建物,臺北市士林區中山北路六段405巷61~90號,0.0,住,,,1081022,土地0建物1車位0,四層,8,華廈(10層含以下有電梯),住家用,鋼筋混凝土造,1011129,107.69999999999999,2,2,2,有,有,有,55000,511,,0.0,0,,RPUOMLNLIIOFFEA38CC
士林區,建物,臺北市士林區基河路1~30號,0.0,住,,,1080925,土地0建物1車位0,六層,11,住宅大樓(11層含以上有電梯),見其他登記事項,鋼筋混凝土造,0931231,59.12,1,1,1,有,有,有,44000,744,,0.0,0,售價包含裝潢或家電。;親友、員工或其他特殊關係間之交易。;,RPVOMLNLIIOFFEA48CC
大安區,建物,臺北市大安區忠孝東路四段271~300號,0.0,商,,,1081018,土地0建物1車位0,六層,12,辦公商業大樓,商業用,鋼筋混凝土造,,182.94,4,0,0,有,有,無,72000,394,,0.0,0,,RPSOMLNLIIOFFFA28CC
大安區,建物,臺北市大安區瑞安街208巷25弄1~30號,0.0,住,,,1081004,土地0建物1車位0,五層,5,公寓(5樓含以下無電梯),住家用,鋼筋混凝土造,0750903,118.64,2,2,1,有,有,有,31800,268,,0.0,0,,RPXOMLNLIIOFFFA78CC
大安區,建物,臺北市大安區安和路一段31~60號,0.0,商,,,1081008,土地0建物1車位0,三層,12,住宅大樓(11層含以上有電梯),住家用,鋼筋混凝土造,,157.70999999999998,3,2,2,有,無,有,72000,457,,0.0,0,,RPRPMLNLIIOFFFA28CC
中山區,建物,臺北市中山區新生北路二段68巷1~30號,0.0,商,,,1070924,土地0建物1車位0,九層,13,住宅大樓(11層含以上有電梯),住家用,鋼筋混凝土造,0971229,66.31,1,1,1,有,有,有,30000,452,,0.0,0,親友、員工或其他特殊關係間之交易。;,RPQNMLNLIIOFFCA67CC
中山區,建物,臺北市中山區中山北路二段151~180號,0.0,商,,,1080928,土地0建物1車位0,三層,14,套房(1房1廳1衛),住家用,鋼骨鋼筋混凝土造,0951129,61.9,1,1,1,有,有,有,30000,485,,0.0,0,親友、員工或其他特殊關係間之交易。;,RPTNMLNLIIOFFCA97CC
中山區,建物,臺北市中山區農安街1~30號,0.0,商,,,1081001,土地0建物1車位0,十三層,14,套房(1房1廳1衛),住家用,鋼筋混凝土造,0980622,58.42,1,1,1,有,有,有,32000,548,,0.0,0,,RPUNMLNLIIOFFCA08CC
內湖區,建物,臺北市內湖區新湖一路151~180號,0.0,工,,,1081018,土地0建物1車位3,四層,7,廠辦,見其他登記事項,鋼筋混凝土造,0980623,442.03999999999996,0,0,0,無,有,無,98000,222,坡道平面,91.45,0,,RPVNMLNLIIOFFCA18CC
中山區,建物,臺北市中山區新生北路二段121~150號,0.0,商,,,1081022,土地0建物1車位0,四層,7,華廈(10層含以下有電梯),住家用,鋼筋混凝土造,0730804,34.31,1,0,1,有,有,有,10000,291,,0.0,0,,RPQOMLNLIIOFFCA77CC
內湖區,建物,臺北市內湖區江南街65巷1~30號,0.0,住,,,1081019,土地0建物1車位0,七層,8,華廈(10層含以下有電梯),住家用,鋼筋混凝土造,1050913,101.33,2,2,1,有,無,有,42500,419,,0.0,0,,RPSOMLNLIIOFFCA97CC
中山區,建物,臺北市中山區建國北路三段61~90號,0.0,住,,,1080927,土地0建物1車位0,十二層,14,套房(1房1廳1衛),住家用,鋼筋混凝土造,1041016,76.41,1,1,1,有,有,有,40000,523,,0.0,0,,RPTOMLNLIIOFFCA08CC
中山區,建物,臺北市中山區新生北路二段62巷1~30號,0.0,商,,,1080927,土地0建物1車位1,十五層,19,住宅大樓(11層含以上有電梯),住家用,鋼骨鋼筋混凝土造,1050322,186.8,3,2,2,有,有,有,82500,442,坡道平面,33.32,0,,RPVOMLNLIIOFFCA28CC
內湖區,建物,臺北市內湖區陽光街68巷151~180號,0.0,住,,,1081020,土地0建物1車位0,二層,8,住宅大樓(11層含以上有電梯),住家用,鋼筋混凝土造,0800723,152.93,3,2,2,有,無,有,40000,262,,0.0,0,,RPPPMLNLIIOFFCA77CC
中山區,建物,臺北市中山區中山北路二段77巷1~30號,0.0,商,,,1080905,土地0建物1車位0,三層,9,辦公商業大樓,住家用,鋼筋混凝土造,0651204,161.11,0,0,0,無,有,無,40000,248,,0.0,0,,RPRPMLNLIIOFFCA97CC
中山區,建物,臺北市中山區新生北路二段68巷1~30號,0.0,商,,,1081022,土地0建物1車位0,四層,13,住宅大樓(11層含以上有電梯),住家用,鋼筋混凝土造,0971229,59.3,2,1,1,有,有,有,27000,455,,0.0,0,,RPVPMLNLIIOFFCA38CC
中山區,建物,臺北市中山區新生北路三段56巷1~30號,0.0,商,,,1080929,土地0建物1車位0,六層,12,住宅大樓(11層含以上有電梯),商業用,鋼筋混凝土造,0700410,65.50999999999999,2,1,1,有,有,有,17000,260,,0.0,0,,RPVQMLNLIIOFFCA48CC
松山區,建物,臺北市松山區南京東路五段181~210號,0.0,住,,,1081021,土地0建物1車位0,十一層,16,住宅大樓(11層含以上有電梯),商業用,鋼骨混凝土造,0830310,171.9,0,0,0,無,有,有,109200,635,,0.0,0,,RPPNMLNLIIOFFDA67CC
南港區,建物,臺北市南港區園區街1~30號,0.0,住,,,1081017,土地0建物1車位0,,14,住宅大樓(11層含以上有電梯),見其他登記事項,鋼筋混凝土造,0980611,111.49,0,0,0,無,有,無,36750,330,,0.0,0,,RPQNMLNLIIOFFDA77CC
南港區,建物,臺北市南港區成功路一段31~60號,0.0,工,,,1081021,土地0建物1車位2,見其他登記事項,9,華廈(10層含以下有電梯),工業用,鋼筋混凝土造,0910603,623.29,0,0,0,無,有,無,200000,321,坡道平面,64.52,0,,RPRNMLNLIIOFFDA87CC
南港區,建物,臺北市南港區南港路一段171巷1~30號,0.0,住,,,1081001,土地0建物1車位0,,4,公寓(5樓含以下無電梯),住家用,鋼筋混凝土造,,96.48,2,1,1,有,無,無,31786,329,,0.0,0,,RPWNMLNLIIOFFDA38CC
信義區,建物,臺北市信義區忠孝東路五段372巷29弄1~30號,0.0,住,,,1081022,土地0建物1車位0,一層,7,店面(店鋪),見使用執照,鋼筋混凝土造,,180.5,0,0,1,有,無,有,48000,266,,0.0,0,,RPQOMLNLIIOFFDA87CC
松山區,建物,臺北市松山區八德路三段1~30號,0.0,其他,,,1081017,土地0建物1車位0,六層,14,辦公商業大樓,商業用,鋼筋混凝土造,,438.02,2,1,1,有,無,有,200000,457,,0.0,0,,RPSOMLNLIIOFFDA08CC
信義區,建物,臺北市信義區信義路五段121~150號,0.0,其他,,,1081022,土地0建物1車位0,十一層,19,住宅大樓(11層含以上有電梯),住家用,見其他登記事項,0951229,91.41,1,1,1,有,無,有,52000,569,,0.0,0,,RPTOMLNLIIOFFDA18CC
信義區,房地(土地+建物),臺北市信義區信義路五段121~150號,0.0,其他,,,1080903,土地1建物1車位0,十二層,19,住宅大樓(11層含以上有電梯),住家用,見其他登記事項,0951229,86.07,1,2,1,有,無,有,58000,674,,0.0,0,,RPVOMLNLIIOFFDA38CC
南港區,建物,臺北市南港區經園街61~90號,0.0,住,,,1081018,土地0建物1車位0,九層,10,華廈(10層含以下有電梯),住家用,鋼筋混凝土造,0970304,100.9,2,2,1,有,有,有,32000,317,,0.0,0,,RPWOMLNLIIOFFDA48CC
信義區,建物,臺北市信義區光復南路481~510號,0.0,商,,,1081016,土地0建物1車位0,四層,12,辦公商業大樓,見使用執照,鋼筋混凝土造,0710407,60.46,2,1,1,有,有,有,25500,422,,0.0,0,,RPXOMLNLIIOFFDA58CC
信義區,建物,臺北市信義區吳興街118巷1~30號,0.0,住,,,1081009,土地0建物1車位0,七層,7,華廈(10層含以下有電梯),住家用,鋼筋混凝土造,,98.2,3,2,3,有,無,有,67000,682,,0.0,0,,RPPPMLNLIIOFFDA87CC
信義區,建物,臺北市信義區永吉路31~60號,0.0,商,,,1081016,土地0建物1車位0,十一層,14,住宅大樓(11層含以上有電梯),住家用,鋼筋混凝土造,0960524,86.25,3,2,2,有,無,有,42000,487,,0.0,0,,RPRPMLNLIIOFFDA08CC
信義區,建物,臺北市信義區永吉路30巷101弄1~30號,0.0,住,,,1081018,土地0建物1車位1,八層,11,住宅大樓(11層含以上有電梯),住家用,鋼筋混凝土造,1020510,201.41000000000003,3,2,2,有,無,有,115000,571,坡道平面,14.97,0,,RPUPMLNLIIOFFDA38CC
信義區,建物,臺北市信義區基隆路二段151~180號,0.0,住,,,1081019,土地0建物1車位0,九層,12,住宅大樓(11層含以上有電梯),住家用,鋼筋混凝土造,0701117,85.32,2,2,1,有,無,有,32000,375,,0.0,0,,RPVPMLNLIIOFFDA48CC
信義區,建物,臺北市信義區信義路四段391~420號,0.0,商,,,1081021,土地0建物1車位0,八層,14,住宅大樓(11層含以上有電梯),商業用,鋼筋混凝土造,,178.88,4,1,0,有,無,有,58000,324,,0.0,0,,RPXPMLNLIIOFFDA68CC
松山區,建物,臺北市松山區民族東路661~690號,0.0,住,,,1081021,土地0建物1車位0,一層,4,公寓(5樓含以下無電梯),住家用,加強磚造,0600615,82.02,2,2,1,有,無,無,35000,427,,0.0,0,,RPQQMLNLIIOFFDA08CC
文山區,建物,臺北市文山區福興路61~90號,0.0,住,,,1081022,土地0建物1車位0,三層,9,華廈(10層含以下有電梯),住家用,鋼筋混凝土造,0840207,55.09,2,1,1,有,有,有,15000,272,,0.0,0,台北市都發局社會住宅包租代管計畫,RPRNMLNLIIOFFAA57CC
中正區,建物,臺北市中正區羅斯福路四段61~90號,0.0,其他,,,1080925,土地0建物1車位0,十四層,15,住宅大樓(11層含以上有電梯),見其他登記事項,鋼筋混凝土造,0941229,58.79,2,1,2,有,有,有,33334,567,,0.0,0,,RPUNMLNLIIOFFAA87CC
中正區,建物,臺北市中正區金門街34巷1~30號,0.0,住,,,1081021,土地0建物0車位0,四層,4,公寓(5樓含以下無電梯),住家用,鋼筋混凝土造,0641229,23.45,1,0,1,有,無,有,7300,311,,0.0,0,此為分租套房，房號407，第四層共分成8間，一間平均面積約為23.45平方公尺,RPVNMLNLIIOFFAA97CC
文山區,建物,臺北市文山區興隆路三段61~90號,0.0,商,,,1081007,土地0建物2車位0,見其他登記事項,11,店面(店鋪),商業用,鋼筋混凝土造,0851030,874.29,0,0,0,無,有,無,272000,311,,0.0,0,,RPOOMLNLIIOFFAA37CC
中正區,建物,臺北市中正區廈門街121~150號,0.0,商,,,1081022,土地0建物1車位0,十層,12,華廈(10層含以下有電梯),見其他登記事項,鋼筋混凝土造,1070816,106.34,2,2,1,有,無,有,31000,292,,0.0,0,,RPPOMLNLIIOFFAA47CC
大同區,建物,臺北市大同區市民大道一段181~210號,0.0,其他,,,1080930,土地0建物1車位0,六層,18,住宅大樓(11層含以上有電梯),住家用,見其他登記事項,0980724,83.26,2,1,1,有,有,有,45000,540,,0.0,0,親友、員工或其他特殊關係間之交易。;,RPQNMLNLIIOFFBA57CC
中正區,建物,臺北市中正區中華路一段1~30號,0.0,商,,,1080926,土地0建物1車位0,十三層,15,住宅大樓(11層含以上有電梯),住家用,鋼筋混凝土造,1041214,111.71000000000001,2,2,2,有,有,有,53000,474,,0.0,0,親友、員工或其他特殊關係間之交易。;,RPRNMLNLIIOFFBA67CC
大同區,建物,臺北市大同區承德路三段241~270號,0.0,商,,,1081006,土地0建物1車位0,六層,12,住宅大樓(11層含以上有電梯),住家用,鋼筋混凝土造,1010918,149.76,3,2,2,有,有,有,60000,401,,0.0,0,親友、員工或其他特殊關係間之交易。;,RPXNMLNLIIOFFBA28CC
萬華區,建物,臺北市萬華區中華路一段151~180號,0.0,商,,,1080925,土地0建物1車位0,十五層,15,住宅大樓(11層含以上有電梯),住家用,鋼筋混凝土造,1020104,102.68,2,2,2,有,有,有,40000,390,,0.0,0,,RPUOMLNLIIOFFBA08CC
萬華區,建物,臺北市萬華區漢口街二段31~60號,0.0,商,,,1081021,土地0建物0車位0,全,4,透天厝,,加強磚造,,22.12,1,0,1,有,無,有,7400,335,,0.0,0,此為分租套房，房號203，第二層共分成7間，一間平均面積約為22.12平方公尺,RPPPMLNLIIOFFBA67CC
中正區,建物,臺北市中正區信義路二段241~270號,0.0,商,,,1081021,土地0建物1車位0,六層,14,住宅大樓(11層含以上有電梯),見其他登記事項,鋼骨鋼筋混凝土造,1070702,50.010000000000005,1,0,1,有,無,有,38000,760,,0.0,0,,RPTPMLNLIIOFFBA08CC
大同區,建物,臺北市大同區重慶北路三段151~180號,0.0,商,,,1081022,土地0建物0車位0,全,2,透天厝,,加強磚造,,29.39,1,0,1,有,無,有,13000,442,,0.0,0,此為分租套房，房號203，第二層共分成5間，一間平均面積約為29.39平方公尺,RPOOMLOLIIOFFBA57CC
萬華區,建物,臺北市萬華區西昌街151~180號,0.0,商,,,1081007,土地0建物1車位0,二層,7,華廈(10層含以下有電梯),見使用執照,鋼筋混凝土造,0691001,101.16,0,0,0,無,無,有,20000,198,,0.0,0,,RPSOMLOLIIOFFBA97CC
萬華區,建物,臺北市萬華區成都路121~150號,0.0,商,,,1081009,土地0建物1車位0,十層,15,住宅大樓(11層含以上有電梯),住家用,鋼筋混凝土造,1041001,111.04,2,2,1,有,有,有,31641,285,,0.0,0,,RPTOMLOLIIOFFBA08CC
萬華區,建物,臺北市萬華區莒光路153巷1~30號,0.0,住,,,1081005,土地0建物1車位0,一層,4,店面(店鋪),,加強磚造,,51.22,0,1,1,有,無,有,19000,371,,0.0,0,,RPXOMLOLIIOFFBA48CC
中正區,建物,臺北市中正區臨沂街31~60號,0.0,住,,,1080801,土地0建物1車位0,一層,5,公寓(5樓含以下無電梯),商業用,鋼筋混凝土造,0740116,88.0,2,2,2,有,無,有,60166,684,,0.0,0,,RPRPMLOLIIOFFBA97CC
信義區,建物,臺北市信義區吳興街61~90號,38.26,住,,,1080917,土地0建物1車位0,一層,7,店面(店鋪),商業用,鋼筋混凝土造,0710227,1033.97,0,0,0,無,無,無,35000,34,,0.0,0,免租裝潢期為:民國108年09月25日至108年10月10日止。共有部分: 權利範圍0分之0，面積:995.71平方公尺，因房東不清楚權利範圍面積為多少平方公尺，故按照謄本上顯示面積填寫。,RPSOMLOLIIOFFDA18CC
松山區,房地(土地+建物),臺北市松山區南京東路三段331~360號,5.11,商,,,1081017,土地1建物1車位0,八層,12,辦公商業大樓,商業用,鋼筋混凝土造,0670120,77.75,2,1,2,有,有,有,33000,424,,0.0,0,,RPQPMLOLIIOFFDA08CC
中山區,建物,臺北市中山區樂群二路266巷91~120號,0.0,住,,,1080927,土地0建物1車位2,九層,14,住宅大樓(11層含以上有電梯),住家用,鋼筋混凝土造,0891230,433.4,3,2,3,有,有,有,200000,461,坡道平面,83.45,0,,RPQNMLOLIIOFFCA77CC
內湖區,建物,臺北市內湖區港華街51巷3弄1~30號,0.0,住,,,1080930,土地0建物1車位0,三層,5,公寓(5樓含以下無電梯),住家用,預力混凝土造,0701021,105.46,3,2,2,有,無,有,25000,237,,0.0,0,,RPPOMLOLIIOFFCA77CC
中山區,建物,臺北市中山區中山北路一段105巷1~30號,0.0,商,,,1081022,土地0建物0車位0,全,4,透天厝,,加強磚造,,24.87,1,0,1,有,無,有,14800,595,,0.0,0,此物件為分租套房，房號404，第四層共分成4間，一間平均面積為24.87平方公尺,RPTOMLOLIIOFFCA18CC
內湖區,建物,臺北市內湖區康寧路三段1~30號,0.0,住,,,1081002,土地0建物1車位0,二層,15,住宅大樓(11層含以上有電梯),見其他登記事項,鋼筋混凝土造,0961121,101.0,0,0,0,無,有,有,45000,446,,0.0,0,,RPWOMLOLIIOFFCA48CC
內湖區,建物,臺北市內湖區星雲街121~150號,0.0,住,,,1080910,土地0建物1車位1,三層,14,住宅大樓(11層含以上有電梯),住家用,鋼筋混凝土造,0931222,114.94,2,2,1,有,有,有,33000,287,坡道平面,26.12,0,,RPRPMLOLIIOFFCA08CC
內湖區,房地(土地+建物),臺北市內湖區陽光街321巷1~30號,22.7,工,,,1080912,土地1建物1車位0,三層,8,廠辦,見其他登記事項,鋼筋混凝土造,0980312,113.75,0,0,0,無,有,無,38500,338,,0.0,0,,RPWPMLOLIIOFFCA58CC
中山區,建物,臺北市中山區龍江路1~30號,0.0,商,,,1081009,土地0建物1車位0,九層,12,住宅大樓(11層含以上有電梯),住家用,鋼筋混凝土造,0941208,54.06,1,1,1,有,有,有,25000,462,,0.0,0,有民情風俗因素之交易。;租金含管理費,RPQQMLOLIIOFFCA08CC
中山區,建物,臺北市中山區明水路631~660號,0.0,商,,,1080929,土地0建物1車位0,三層,9,辦公商業大樓,商業用,鋼筋混凝土造,0960503,50.9,0,1,1,有,有,有,25000,491,,0.0,0,,RPRQMLOLIIOFFCA18CC
中山區,建物,臺北市中山區中山北路二段93巷1~30號,0.0,商,,,1081004,土地0建物1車位0,八層,9,華廈(10層含以下有電梯),住家用,鋼筋混凝土造,0890815,66.37,2,1,1,有,無,無,22000,331,,0.0,0,,RPRRMLOLIIOFFCA28CC
內湖區,建物,臺北市內湖區瑞光路211~240號,0.0,住,,,1081023,土地0建物1車位0,二層,6,華廈(10層含以下有電梯),住家用,鋼筋混凝土造,0831108,153.69,3,2,2,有,有,無,37778,246,,0.0,0,,RPURMLOLIIOFFCA58CC
內湖區,建物,臺北市內湖區民權東路六段296巷31~60號,0.0,住,,,1081010,土地0建物1車位1,八層,10,華廈(10層含以下有電梯),住家用,鋼筋混凝土造,0960704,235.09,4,2,2,有,有,有,58000,247,坡道平面,32.13,0,租金含管理費,RPPSMLOLIIOFFCA18CC
大安區,建物,臺北市大安區信義路四段400巷6弄1~30號,0.0,商,,,1081004,土地0建物1車位0,見其他登記事項,4,公寓(5樓含以下無電梯),,鋼筋混凝土造,,104.9,3,2,2,有,無,有,30000,286,,0.0,0,,RPSNMLOLIIOFFFA28CC
士林區,建物,臺北市士林區文林路661巷39弄1~30號,0.0,其他,,,1081008,土地0建物1車位0,五層,5,公寓(5樓含以下無電梯),住家用,鋼筋混凝土造,0690429,77.04,3,2,1,有,無,有,25000,325,,0.0,0,,RPTOMLOLIIOFFEA38CC
士林區,建物,臺北市士林區仰德大道二段151~180號,0.0,住,,,1081022,土地0建物1車位0,全,2,透天厝,住家用,鋼筋混凝土造,0640307,430.74,6,2,4,有,無,無,175000,406,,0.0,0,,RPUOMLOLIIOFFEA48CC
士林區,建物,臺北市士林區天母東路61巷1~30號,0.0,商,,,1081009,土地0建物1車位0,四層,6,套房(1房1廳1衛),住家用,鋼筋混凝土造,0850416,51.42,1,1,1,有,無,有,17000,331,,0.0,0,租金含管理費,RPWOMLOLIIOFFEA68CC
北投區,建物,臺北市北投區石牌路二段315巷34弄31~60號,0.0,住,,,1081005,土地0建物1車位1,一層,7,套房(1房1廳1衛),住家用,鋼筋混凝土造,1080121,50.769999999999996,1,1,1,有,有,有,28000,552,其他,17.38,0,,RPRPMLOLIIOFFEA28CC
士林區,建物,臺北市士林區福林路254巷1~30號,0.0,其他,,,1081020,土地0建物1車位2,二層,13,住宅大樓(11層含以上有電梯),見其他登記事項,鋼筋混凝土造,0950503,201.75,3,2,2,有,有,有,59000,292,坡道機械,0.0,0,,RPTPMLOLIIOFFEA48CC
士林區,建物,臺北市士林區福林路241~270號,0.0,住,,,1081012,土地0建物1車位0,七層,7,華廈(10層含以下有電梯),住家用,鋼筋混凝土造,0740615,113.92,3,2,2,有,有,有,37000,325,,0.0,0,,RPWNMLPLIIOFFEA68CC
士林區,建物,臺北市士林區德行西路31~60號,0.0,工,,,1081017,土地0建物1車位0,十層,13,其他,見其他登記事項,鋼筋混凝土造,0970502,48.45,1,1,1,有,有,有,30000,619,,0.0,0,親友、員工或其他特殊關係間之交易。;,RPOOMLPLIIOFFEA97CC
大安區,建物,臺北市大安區永康街61~90號,0.0,商,,,1081025,土地0建物1車位0,六層,12,住宅大樓(11層含以上有電梯),住家用,鋼筋混凝土造,1000427,81.85,3,1,1,有,有,有,41000,501,,0.0,0,,RPSNMLPLIIOFFFA38CC
內湖區,建物,臺北市內湖區內湖路一段47巷22弄1~30號,0.0,住,,,1081012,土地0建物1車位1,六層,6,華廈(10層含以下有電梯),住家用,鋼筋混凝土造,0821028,102.92,2,2,1,有,有,有,33000,321,坡道平面,0.0,0,,RPUOMLPLIIOFFCA38CC
中山區,建物,臺北市中山區南京東路二段91~120號,0.0,商,,,1081017,土地0建物2車位0,九層,18,住宅大樓(11層含以上有電梯),住家用,見其他登記事項,0990917,99.9,2,1,1,有,有,有,60000,601,,0.0,0,,RPPPMLPLIIOFFCA97CC
中山區,建物,臺北市中山區南京東路二段24巷1~30號,0.0,商,,,1081015,土地0建物1車位0,二層,8,辦公商業大樓,商業用,鋼筋混凝土造,0931209,62.510000000000005,2,1,2,有,有,有,48026,768,,0.0,0,,RPQPMLPLIIOFFCA08CC
中山區,建物,臺北市中山區南京東路二段1~30號,17.3,商,,,1081021,土地0建物1車位0,十一層,12,辦公商業大樓,商業用,鋼筋混凝土造,0780621,244.29000000000002,4,1,0,有,無,有,84000,344,,0.0,0,,RPRPMLPLIIOFFCA18CC
中山區,建物,臺北市中山區錦州街1~30號,0.0,商,,,1080926,土地0建物1車位0,六層,12,辦公商業大樓,商業用,鋼筋混凝土造,0900404,496.16999999999996,3,1,0,有,無,有,210000,423,,0.0,0,,RPTPMLPLIIOFFCA38CC
中山區,建物,臺北市中山區松江路204巷1~30號,0.0,住,,,1081009,土地0建物1車位0,三層,6,華廈(10層含以下有電梯),住家用,鋼筋混凝土造,1041029,87.83,2,1,1,有,有,有,65000,740,,0.0,0,,RPVPMLPLIIOFFCA58CC
中山區,建物,臺北市中山區雙城街19巷1~30號,0.0,商,,,1081007,土地0建物1車位0,三層,14,住宅大樓(11層含以上有電梯),住家用,鋼筋混凝土造,0970312,34.0,1,1,1,有,有,有,27600,812,,0.0,0,,RPWPMLPLIIOFFCA68CC
內湖區,建物,臺北市內湖區成功路三段187巷35弄1~30號,0.0,住,,,1081021,土地0建物1車位0,四層,5,公寓(5樓含以下無電梯),住家用,鋼筋混凝土造,0690331,91.34,3,2,2,有,無,有,18000,197,,0.0,0,,RPOQMLPLIIOFFCA97CC
中山區,建物,臺北市中山區新生北路二段62巷1~30號,0.0,商,,,1081025,土地0建物1車位0,四層,19,住宅大樓(11層含以上有電梯),住家用,鋼骨鋼筋混凝土造,1050322,99.34,2,1,1,有,有,有,64000,644,,0.0,0,,RPPQMLPLIIOFFCA08CC
內湖區,建物,臺北市內湖區民權東路六段151~180號,0.0,商,,,1080926,土地0建物0車位0,二層,14,辦公商業大樓,商業用,鋼筋混凝土造,0810629,197.62,0,0,0,無,有,無,45000,228,,0.0,0,2樓部份分租。租金含稅。租期第3及第4年租金為46500元，第5及第6年租金為48000元。,RPRQMLPLIIOFFCA28CC
內湖區,建物,臺北市內湖區舊宗路二段121巷1~30號,0.0,工,,,1081021,土地0建物1車位0,三層,5,廠辦,見其他登記事項,鋼筋混凝土造,0970901,226.58999999999997,0,1,2,有,無,無,45000,199,,0.0,0,租金不含稅。,RPSQMLPLIIOFFCA38CC
中山區,建物,臺北市中山區長安東路二段35巷1~30號,0.0,商,,,1081004,土地0建物0車位0,一層,2,店面(店鋪),,加強磚造,,39.86,0,1,1,有,無,無,17500,439,,0.0,0,部分承租。租期含免租裝潢期。,RPRRMLPLIIOFFCA38CC
信義區,建物,臺北市信義區基隆路一段421~450號,0.0,商,,,1081011,土地0建物1車位0,一層,15,店面(店鋪),商業用,鋼筋混凝土造,,118.08,0,0,0,無,有,無,83500,707,,0.0,0,,RPQNMLPLIIOFFDA97CC
信義區,建物,臺北市信義區景雲街31~60號,0.0,住,,,1080919,土地0建物1車位0,全,5,透天厝,住家用,鋼筋混凝土造,1020910,444.4,4,2,5,有,無,有,220000,495,坡道平面,0.0,0,,RPVNMLPLIIOFFDA48CC
松山區,建物,臺北市松山區民生東路四段31~60號,30.39,其他,,,1081015,土地0建物1車位0,一層,7,華廈(10層含以下有電梯),商業用,鋼筋混凝土造,0701231,88.17,0,0,0,有,無,有,147577,1674,,0.0,0,,RPQOMLPLIIOFFDA08CC
松山區,建物,臺北市松山區光復北路230巷1~30號,0.0,住,,,1081002,土地0建物1車位0,四層,18,住宅大樓(11層含以上有電梯),見其他登記事項,鋼筋混凝土造,0910514,134.64,3,2,2,有,有,有,34000,253,,0.0,0,售價包含裝潢或家電。;,RPSOMLPLIIOFFDA28CC
萬華區,建物,臺北市萬華區艋舺大道120巷1~30號,0.0,其他,,,1081011,土地0建物1車位0,一層,5,公寓(5樓含以下無電梯),商業用,鋼筋混凝土造,0660823,45.63,0,1,2,有,無,無,17000,373,,0.0,0,房屋用途作辦公室使用,RPRNMLPLIIOFFBA87CC
大同區,建物,臺北市大同區萬全街1~30號,0.0,商,,,1081015,土地0建物1車位0,十一層,15,住宅大樓(11層含以上有電梯),住家用,鋼筋混凝土造,1041016,88.07000000000001,1,1,1,有,有,有,68000,772,,0.0,0,,RPWOMLPLIIOFFBA48CC
中正區,建物,臺北市中正區牯嶺街91~120號,0.0,住,,,1081006,土地0建物1車位0,五層,7,華廈(10層含以下有電梯),住家用,鋼筋混凝土造,0720616,93.13,3,2,2,有,有,有,32000,344,,0.0,0,租金含管理費。,RPVNMLPLIIOFFAA18CC
文山區,建物,臺北市文山區木新路二段111巷6弄1~30號,0.0,住,,,1081013,土地0建物1車位0,四層,4,公寓(5樓含以下無電梯),住家用,鋼筋混凝土造,0720812,72.26,2,2,1,有,無,有,14000,194,,0.0,0,,RPSNMLSLIIOFFAA18CC
中正區,建物,臺北市中正區杭州南路一段101巷1~30號,0.0,其他,,,1081013,土地0建物1車位0,四層,5,公寓(5樓含以下無電梯),住家用,鋼筋混凝土造,,106.53,3,2,2,有,無,有,28000,263,,0.0,0,,RPPNMLSLIIOFFBA97CC
萬華區,建物,臺北市萬華區東園街28巷31~60號,0.0,住,,,1081024,土地0建物1車位0,一層,6,華廈(10層含以下有電梯),商業用,鋼筋混凝土造,0810921,39.4,0,0,0,無,無,無,12000,305,,0.0,0,,RPUNMLSLIIOFFBA48CC
大同區,建物,臺北市大同區雙連街61~90號,0.0,住,,,1081021,土地0建物1車位1,二層,15,住宅大樓(11層含以上有電梯),住家用,鋼筋混凝土造,1060726,160.86,3,2,2,有,有,有,75000,0,坡道平面,35.85,0,,RPVOMLSLIIOFFBA68CC
萬華區,建物,臺北市萬華區長泰街308巷1~30號,0.0,住,,,1081025,土地0建物1車位0,一層,4,公寓(5樓含以下無電梯),工業用,鋼筋混凝土造,,95.23,0,0,0,無,無,無,26000,273,,0.0,0,,RPQPMLSLIIOFFBA28CC
信義區,建物,臺北市信義區東興路31~60號,0.0,其他,,,1081007,土地0建物0車位0,二層,11,辦公商業大樓,工業用,鋼筋混凝土造,0820205,287.6,8,0,0,有,有,有,153000,532,,0.0,0,,RPQNMLSLIIOFFDA28CC
松山區,建物,臺北市松山區敦化北路244巷1~30號,0.0,住,,,1081015,土地0建物1車位0,一層,5,辦公商業大樓,住商用,鋼筋混凝土造,0670828,161.44,3,0,1,有,無,有,88000,545,,0.0,0,,RPRNMLSLIIOFFDA38CC
信義區,建物,臺北市信義區基隆路一段121~150號,0.0,住,,,1080914,土地0建物1車位0,五層,13,住宅大樓(11層含以上有電梯),見其他登記事項,鋼筋混凝土造,0950802,33.1,1,1,1,有,有,有,26000,785,,0.0,0,含管理費,RPSNMLSLIIOFFDA48CC
松山區,建物,臺北市松山區八德路四段631~660號,5.05,商,,,1081026,土地0建物1車位1,,13,住宅大樓(11層含以上有電梯),住家用,鋼筋混凝土造,1021216,50.45,1,1,1,有,有,有,25330,502,坡道機械,23.3,0,,RPOOMLSLIIOFFDA18CC
信義區,房地(土地+建物),臺北市信義區吳興街220巷59弄1~30號,41.61,住,,,1081025,土地1建物1車位0,一層,5,公寓(5樓含以下無電梯),住家用,鋼筋混凝土造,0790424,123.05,4,1,1,有,無,無,45000,366,,0.0,0,,RPROMLSLIIOFFDA48CC
信義區,建物,臺北市信義區信義路六段76巷1弄1~30號,0.0,住,,,1081007,土地0建物1車位0,見其他登記事項,4,公寓(5樓含以下無電梯),住家用,鋼筋混凝土造,,94.99,3,2,2,有,無,有,28000,295,,0.0,0,有民情風俗因素之交易。;,RPUOMLSLIIOFFDA78CC
松山區,建物,臺北市松山區復興北路499巷2弄1~30號,27.0,住,,,1081017,土地0建物1車位0,一層,4,公寓(5樓含以下無電梯),住家用,鋼筋混凝土造,0600718,81.27,2,2,1,有,無,無,30000,369,,0.0,0,,RPVOMLSLIIOFFDA88CC
松山區,房地(土地+建物)+車位,臺北市松山區復興北路151~180號,0.0,商,,,1081007,土地0建物1車位1,八層,17,辦公商業大樓,商業用,鋼筋混凝土造,0771105,277.38,0,0,0,無,有,無,160000,577,坡道平面,0.0,0,,RPPPMLSLIIOFFDA38CC
信義區,建物,臺北市信義區松仁路121~150號,0.0,其他,,,1081003,土地0建物1車位3,九層,12,住宅大樓(11層含以上有電梯),住家用,鋼骨鋼筋混凝土造,0960719,451.44000000000005,3,2,4,有,有,有,175000,388,坡道平面,0.0,0,,RPSPMLSLIIOFFDA68CC
中山區,建物,臺北市中山區中山北路一段83巷31~60號,0.0,商,,,1081015,土地0建物1車位0,六層,15,住宅大樓(11層含以上有電梯),住家用,鋼筋混凝土造,0970314,133.0,3,2,2,有,有,有,55000,414,,0.0,0,,RPSNMLSLIIOFFCA38CC
中山區,建物,臺北市中山區長春路1~30號,0.0,商,,,1081022,土地0建物1車位0,一層,19,店面(店鋪),見其他登記事項,鋼骨鋼筋混凝土造,1050322,111.3,0,0,0,無,有,無,68000,611,,0.0,0,,RPWNMLSLIIOFFCA78CC
中山區,建物,臺北市中山區農安街1~30號,0.0,商,,,1081024,土地0建物0車位0,四層,4,套房(1房1廳1衛),住家用,鋼筋混凝土造,0621012,23.33,1,0,1,有,無,有,12000,514,,0.0,0,此為分租套房，房號401，第四層共分成4間，一間平均面積約為23.33平方公尺,RPPOMLSLIIOFFCA18CC
內湖區,建物,臺北市內湖區內湖路一段411巷74弄1~30號,0.0,住,,,1081020,土地0建物1車位1,七層,11,住宅大樓(11層含以上有電梯),住家用,鋼筋混凝土造,0990913,189.18,3,2,2,有,無,有,74000,391,坡道平面,34.01,0,,RPUOMLSLIIOFFCA68CC
大安區,建物,臺北市大安區信義路四段30巷31~60號,0.0,其他,,,1081013,土地0建物1車位0,一層,3,店面(店鋪),住家用,加強磚造,,65.73,1,2,2,有,無,有,38000,578,,0.0,0,,RPRNMLSLIIOFFFA58CC
大安區,建物,臺北市大安區安和路一段31~60號,0.0,商,,,1080916,土地0建物1車位0,一層,12,店面(店鋪),商業用,鋼筋混凝土造,0710816,221.42000000000002,0,0,0,無,無,無,250000,1129,,0.0,0,,RPSNMLSLIIOFFFA68CC
大安區,建物,臺北市大安區潮州街60巷1~30號,0.0,住,,,1080921,土地0建物1車位0,五層,7,華廈(10層含以下有電梯),住家用,鋼筋混凝土造,0980206,32.69,1,1,1,有,有,有,20000,612,,0.0,0,,RPUNMLSLIIOFFFA88CC
大安區,建物,臺北市大安區復興南路二段211~240號,0.0,商,,,1080923,土地0建物1車位0,九層,12,住宅大樓(11層含以上有電梯),住家用,鋼筋混凝土造,,72.38,1,1,1,有,有,無,27000,373,,0.0,0,,RPWNMLSLIIOFFFA09CC
大安區,建物,臺北市大安區忠孝東路四段61~90號,0.0,商,,,1080920,土地0建物1車位0,十層,15,辦公商業大樓,商業用,鋼筋混凝土造,0770121,108.07,0,0,0,無,無,有,60000,555,,0.0,0,,RPXNMLSLIIOFFFA56CC
大安區,建物,臺北市大安區仁愛路四段345巷4弄1~30號,0.0,住,,,1080924,土地0建物1車位0,一層,7,店面(店鋪),住家用,鋼筋混凝土造,,132.69,0,0,0,無,無,無,120000,904,,0.0,0,,RPOOMLSLIIOFFFA38CC
大安區,建物,臺北市大安區四維路76巷1~30號,31.27,住,,,1080919,土地0建物1車位0,三層,14,住宅大樓(11層含以上有電梯),住家用,鋼筋混凝土造,0840915,193.48,3,2,2,有,無,無,52000,269,,0.0,0,,RPPOMLSLIIOFFFA48CC
大安區,建物,臺北市大安區信義路三段152巷1~30號,0.0,商,,,1081019,土地0建物1車位0,二層,10,華廈(10層含以下有電梯),住家用,鋼筋混凝土造,1020116,107.62,2,2,1,有,無,有,72000,669,,0.0,0,,RPUOMLSLIIOFFFA98CC
大安區,建物,臺北市大安區四維路25和1~30號,0.0,商,,,1080923,土地0建物2車位0,一層,14,店面(店鋪),,鋼筋混凝土造,,121.98,0,0,0,無,無,有,80000,656,,0.0,0,,RPVOMLSLIIOFFFA09CC
大安區,建物,臺北市大安區信義路四段1~30號,0.0,商,,,1081027,土地0建物1車位0,五層,12,住宅大樓(11層含以上有電梯),商業用,鋼筋混凝土造,,70.92,2,2,1,有,有,無,29000,409,,0.0,0,,RPXOMLSLIIOFFFA66CC
士林區,建物,臺北市士林區天母西路1~30號,0.0,住,,,1081015,土地0建物1車位0,七層,7,華廈(10層含以下有電梯),住家用,鋼筋混凝土造,0651106,162.5,4,2,2,有,有,有,70000,431,,0.0,0,,RPQNMLSLIIOFFEA38CC
士林區,建物,臺北市士林區德行東路190巷30弄1~30號,0.0,住,,,1081024,土地0建物1車位0,六層,12,住宅大樓(11層含以上有電梯),住家用,鋼筋混凝土造,0790216,152.28,3,2,2,有,有,有,65000,427,,0.0,0,含管理費,RPXNMLSLIIOFFEA09CC
士林區,建物,臺北市士林區中山北路七段14巷1~30號,0.0,商,,,1081022,土地0建物1車位0,十層,12,住宅大樓(11層含以上有電梯),住家用,鋼筋混凝土造,0690430,145.27,3,2,2,有,有,有,65000,447,,0.0,0,親友、員工或其他特殊關係間之交易。;,RPOOMLSLIIOFFEA28CC
士林區,房地(土地+建物),臺北市士林區承德路四段181~210號,0.0,工,,,1081024,土地0建物1車位0,九層,14,其他,見其他登記事項,鋼筋混凝土造,1020726,578.77,0,0,0,無,無,有,245112,424,,0.0,0,,RPRNMLTLIIOFFEA58CC
士林區,建物,臺北市士林區通河街323巷61~90號,0.0,住,,,1081015,土地0建物1車位0,地下層,5,公寓(5樓含以下無電梯),住家用,鋼筋混凝土造,,27.63,1,1,1,有,無,有,6000,217,,0.0,0,台北市社會住宅包租代管計畫專案,RPTNMLTLIIOFFEA78CC
士林區,建物,臺北市士林區士東路91巷26弄1~30號,0.0,住,,,1081014,土地0建物1車位0,五層,5,公寓(5樓含以下無電梯),住家用,鋼筋混凝土造,0700327,144.6,4,2,2,有,無,有,34500,239,,0.0,0,,RPQOMLTLIIOFFEA58CC
士林區,建物,臺北市士林區天母東路43巷4弄1~30號,0.0,商,,,1081020,土地0建物1車位1,三層,6,華廈(10層含以下有電梯),住家用,鋼筋混凝土造,0850605,178.5,3,2,2,有,有,有,68000,381,坡道平面,0.0,0,親友、員工或其他特殊關係間之交易。;,RPUOMLTLIIOFFEA98CC
士林區,建物,臺北市士林區社中街181~210號,0.0,住,,,1081007,土地0建物0車位0,一層,5,店面(店鋪),商業用,鋼筋混凝土造,0681208,66.12,0,2,1,有,無,無,23000,348,,0.0,0,有民情風俗因素之交易。;部分承租。租金含水費。,RPRPMLTLIIOFFEA78CC
士林區,建物,臺北市士林區中庸一路31~60號,0.0,住,,,1081018,土地0建物1車位0,全,2,透天厝,住家用,加強磚造,0561230,511.93,4,3,4,有,無,有,350000,684,,0.0,0,,RPSPMLTLIIOFFEA88CC
北投區,建物,臺北市北投區大度路三段271~300號,0.0,住,,,1081014,土地0建物1車位0,九層,14,住宅大樓(11層含以上有電梯),住家用,鋼筋混凝土造,0971013,70.72,2,1,1,有,有,有,22000,311,,0.0,0,,RPVPMLTLIIOFFEA56CC
士林區,建物,臺北市士林區文林路421~450號,157.0,其他,,,1081020,土地0建物1車位0,全,3,透天厝,住家用,磚造,0500123,113.39,0,0,0,無,無,無,180000,1587,,0.0,0,,RPOQMLTLIIOFFEA58CC
大安區,房地(土地+建物),臺北市大安區復興南路二段160巷1~30號,37.39,住,,,1081028,土地1建物1車位0,三層,4,公寓(5樓含以下無電梯),住家用,鋼筋混凝土造,,105.69,3,2,2,有,無,無,30000,284,,0.0,0,,RPQOMLTLIIOFFFA68CC
大安區,建物,臺北市大安區敦化南路一段233巷1~30號,0.0,住,,,1081021,土地0建物1車位0,一層,7,店面(店鋪),住商用,鋼筋混凝土造,,282.75,0,0,0,無,無,有,165000,584,,0.0,0,,RPVOMLTLIIOFFFA56CC
內湖區,建物,臺北市內湖區南京東路六段121~150號,0.0,住,,,1081014,土地0建物1車位1,九層,12,住宅大樓(11層含以上有電梯),住家用,鋼筋混凝土造,0951205,139.42000000000002,3,2,2,有,有,有,45000,323,坡道機械,8.89,0,租金含管理費,RPVNMLTLIIOFFCA78CC
中山區,建物,臺北市中山區敬業二路91~120號,0.0,商,,,1080910,土地0建物1車位1,八層,11,其他,見其他登記事項,鋼筋混凝土造,1010323,276.38,3,2,2,有,有,有,125000,452,坡道平面,0.0,0,,RPXNMLTLIIOFFCA98CC
中山區,建物,臺北市中山區新生北路一段1~30號,0.0,住,,,1081025,土地0建物0車位0,三層,4,套房(1房1廳1衛),,加強磚造,,23.0,1,0,1,有,無,有,13000,565,,0.0,0,此為分租套房，房號301，第三層共分成3間，一間平均面積約為23平方公尺,RPQOMLTLIIOFFCA38CC
中山區,建物,臺北市中山區中山北路一段83巷31~60號,0.0,商,,,1081019,土地0建物1車位0,十四層,15,住宅大樓(11層含以上有電梯),住家用,鋼筋混凝土造,0970314,133.0,2,2,2,有,有,有,55000,414,,0.0,0,,RPSOMLTLIIOFFCA58CC
中山區,建物,臺北市中山區新生北路一段1~30號,0.0,住,,,1081026,土地0建物0車位0,二層,4,套房(1房1廳1衛),,加強磚造,,23.0,1,0,1,有,無,有,13000,565,,0.0,0,此為分租套房，房號201，第二層共分成3間，一間平均面積約為23平方公尺,RPTOMLTLIIOFFCA68CC
中山區,建物,臺北市中山區新生北路二段91~120號,0.0,商,,,1081025,土地0建物0車位0,十四層,14,套房(1房1廳1衛),商業用,鋼筋混凝土造,0760305,31.46,1,0,1,有,無,有,11500,366,,0.0,0,此物件為分租套房，十四層共分成6間，一間平均面積約為31.46平方公尺,RPQPMLTLIIOFFCA48CC
中山區,建物,臺北市中山區錦州街175巷1~30號,0.0,商,,,1081027,土地0建物0車位0,三層,3,套房(1房1廳1衛),,加強磚造,,17.12,1,0,1,有,無,有,9100,532,,0.0,0,此物件為分租套房，房號302，第三層共分成5間，一間平均面積為17.12平方公尺,RPRPMLTLIIOFFCA58CC
中山區,建物,臺北市中山區錦西街1~30號,0.0,住,,,1081027,土地0建物0車位0,四層,7,套房(1房1廳1衛),住家用,鋼筋混凝土造,0670502,36.98,1,0,1,有,無,有,15000,406,,0.0,0,此為分租套房，房號402，第四層共分成10間，一間平均面積約為36.98平方公尺,RPSPMLTLIIOFFCA68CC
內湖區,建物,臺北市內湖區瑞光路391~420號,0.0,工,,,1081022,土地0建物1車位3,十一層,12,廠辦,工業用,見其他登記事項,0951128,510.75,5,0,0,有,有,無,235000,460,坡道平面,109.08,0,,RPVPMLTLIIOFFCA98CC
內湖區,建物,臺北市內湖區成功路四段61巷31~60號,0.0,住,,,1081022,土地0建物1車位0,四層,15,住宅大樓(11層含以上有電梯),住家用,鋼筋混凝土造,1060905,160.42000000000002,3,2,2,有,無,有,55000,343,,0.0,0,,RPXPMLTLIIOFFCA56CC
中山區,建物,臺北市中山區建國北路二段3巷1~30號,0.0,住,,,1081028,土地0建物1車位0,二層,9,華廈(10層含以下有電梯),商業用,鋼筋混凝土造,0811217,87.84,0,0,0,無,無,有,35000,398,,0.0,0,,RPOQMLTLIIOFFCA38CC
中山區,建物,臺北市中山區敬業三路162巷91~120號,47.09,住,,,1080912,土地0建物1車位0,二層,12,住宅大樓(11層含以上有電梯),住家用,鋼筋混凝土造,0890628,155.45,3,2,2,有,有,有,40000,257,,0.0,0,,RPVQMLTLIIOFFCA09CC
南港區,建物,臺北市南港區玉成街241~270號,0.0,住,,,1081024,土地0建物1車位0,三層,5,公寓(5樓含以下無電梯),住家用,鋼筋混凝土造,,100.0,3,2,2,有,無,有,28000,280,,0.0,0,,RPOOMLTLIIOFFDA28CC
萬華區,建物,臺北市萬華區內江街81巷1~30號,0.0,商,,,1081025,土地0建物1車位0,四層,4,公寓(5樓含以下無電梯),住家用,鋼筋混凝土造,0590126,37.47,1,1,1,有,無,有,11280,301,,0.0,0,,RPUNMLTLIIOFFBA58CC
萬華區,建物,臺北市萬華區武成街63巷12弄1~30號,0.0,住,,,1081028,土地0建物1車位0,全,2,透天厝,住家用,磚造,0530615,18.72,0,0,0,無,無,有,8300,443,,0.0,0,,RPWNMLTLIIOFFBA78CC
大同區,建物,臺北市大同區昌吉街132巷1~30號,0.0,住,,,1081025,土地0建物0車位0,三層,4,套房(1房1廳1衛),,加強磚造,,31.84,1,0,1,有,無,有,9800,308,,0.0,0,此為分租套房，房號301，第三層共分成3間，一間平均面積約為31.84平方公尺,RPXNMLTLIIOFFBA88CC
萬華區,建物,臺北市萬華區漢口街二段31~60號,0.0,商,,,1081027,土地0建物0車位0,三層,4,套房(1房1廳1衛),,加強磚造,,22.12,1,0,1,有,有,有,7700,348,,0.0,0,此為分租套房，房號303，第三層共分成7間，一間平均面積約為22.12平方公尺,RPROMLTLIIOFFBA38CC
中正區,建物,臺北市中正區信義路二段241~270號,0.0,商,,,1081024,土地0建物1車位0,二層,14,住宅大樓(11層含以上有電梯),見其他登記事項,鋼骨鋼筋混凝土造,1070702,42.0,0,1,1,有,無,有,33500,798,,0.0,0,,RPXOMLTLIIOFFBA98CC
大同區,建物,臺北市大同區太原路91~120號,0.0,商,,,1081001,土地0建物1車位1,七層,13,住宅大樓(11層含以上有電梯),住家用,鋼筋混凝土造,0960817,216.17000000000002,3,2,2,有,有,有,55000,254,坡道平面,39.33,0,,RPTPMLTLIIOFFBA68CC
萬華區,建物,臺北市萬華區長泰街282巷11弄1~30號,0.0,住,,,1081004,土地0建物1車位0,三層,4,公寓(5樓含以下無電梯),住家用,鋼筋混凝土造,0600619,85.07,2,2,1,有,無,無,21000,247,,0.0,0,,RPOQMLTLIIOFFBA28CC
大同區,建物,臺北市大同區市民大道一段181~210號,0.0,其他,,,1080930,土地0建物1車位0,十七層,18,住宅大樓(11層含以上有電梯),住家用,見其他登記事項,0980724,124.15,3,2,2,有,有,有,68000,548,,0.0,0,親友、員工或其他特殊關係間之交易。;,RPQQMLTLIIOFFBA48CC
中正區,建物,臺北市中正區汀州路二段121~150號,0.0,住,,,1081014,土地0建物2車位0,見其他登記事項,5,店面(店鋪),商業用,鋼筋混凝土造,,122.66,3,1,1,有,無,有,56000,457,,0.0,0,兩個門牌,RPQNMLTLIIOFFAA08CC
文山區,建物,臺北市文山區福興路63巷4弄1~30號,0.0,住,,,1080920,土地0建物1車位0,二層,8,華廈(10層含以下有電梯),住家用,鋼筋混凝土造,0841116,136.26,3,2,1,有,無,無,23500,172,,0.0,0,本租賃未含23.41平方公尺的車位,RPQNMLKMIIOFFAA27CC
中正區,建物,臺北市中正區重慶南路三段121~150號,0.0,商,,,1081018,土地0建物1車位0,四層,12,套房(1房1廳1衛),見其他登記事項,鋼筋混凝土造,0971117,28.01,1,1,1,有,有,有,15000,536,,0.0,0,,RPXNMLKMIIOFFAA97CC
中正區,建物,臺北市中正區金門街1~30號,0.0,其他,,,1081012,土地0建物1車位0,三層,4,公寓(5樓含以下無電梯),,加強磚造,,142.6,4,2,2,有,無,有,44500,312,,0.0,0,房屋用途做辦公室使用。含免租金裝潢期。,RPQOMLKMIIOFFAA37CC
大同區,建物,臺北市大同區雙連街61~90號,0.0,住,,,1081023,土地0建物1車位0,四層,15,住宅大樓(11層含以上有電梯),住家用,鋼筋混凝土造,1060726,126.13,2,1,1,有,有,有,54000,428,,0.0,0,,RPPNMLKMIIOFFBA27CC
大同區,建物,臺北市大同區市民大道一段181~210號,0.0,其他,,,1081011,土地0建物1車位0,六層,18,住宅大樓(11層含以上有電梯),住家用,見其他登記事項,0980724,100.46000000000001,2,1,1,有,有,有,53000,528,,0.0,0,售價包含裝潢或家電。;親友、員工或其他特殊關係間之交易。;,RPUNMLKMIIOFFBA77CC
內湖區,建物,臺北市內湖區瑞光路258巷31~60號,0.0,其他,,,1081028,土地0建物1車位2,四層,8,辦公商業大樓,見其他登記事項,鋼筋混凝土造,1020815,873.02,0,0,0,無,有,有,290520,333,坡道平面,72.7,0,,RPTNMLKMIIOFFCA77CC
中山區,建物,臺北市中山區敬業二路69巷1~30號,0.0,商,,,1081014,土地0建物1車位1,六層,11,辦公商業大樓,見其他登記事項,鋼筋混凝土造,0990430,258.74,3,2,2,有,有,無,115000,444,坡道平面,30.52,0,,RPOOMLKMIIOFFCA37CC
中山區,建物,臺北市中山區復興北路511~540號,0.0,住,,,1080915,土地0建物1車位0,四層,7,華廈(10層含以下有電梯),住家用,鋼筋混凝土造,0721116,172.49,3,2,2,有,有,有,40000,232,,0.0,0,,RPSOMLKMIIOFFCA77CC
中山區,建物,臺北市中山區敬業一路128巷31~60號,0.0,商,,,1081018,土地0建物1車位1,五層,7,其他,商業用,鋼筋混凝土造,0960912,73.52,0,1,1,有,有,有,24000,326,坡道平面,12.89,0,,RPWOMLKMIIOFFCA18CC
中山區,建物,臺北市中山區林森北路138巷31~60號,0.0,商,,,1081003,土地0建物1車位0,六層,6,華廈(10層含以下有電梯),見其他登記事項,鋼筋混凝土造,0960424,30.95,0,0,0,無,無,有,17500,565,,0.0,0,,RPRQMLKMIIOFFCA87CC
中山區,建物,臺北市中山區松江路1~30號,0.0,商,,,1081006,土地0建物1車位0,八層,13,住宅大樓(11層含以上有電梯),住家用,鋼筋混凝土造,0701208,35.129999999999995,0,0,0,無,無,有,14000,399,,0.0,0,,RPSQMLKMIIOFFCA97CC
中山區,建物,臺北市中山區復興北路211~240號,0.0,住,,,1081028,土地0建物1車位0,三層,13,住宅大樓(11層含以上有電梯),見其他登記事項,鋼筋混凝土造,0750314,98.42,0,0,0,無,有,無,40000,406,,0.0,0,,RPXQMLKMIIOFFCA48CC
大安區,建物,臺北市大安區忠孝東路四段216巷32弄1~30號,0.0,住,,,1081028,土地0建物1車位0,一層,13,店面(店鋪),商業用,鋼筋混凝土造,0790119,106.63,0,0,0,無,有,無,140000,1313,,0.0,0,,RPXNMLKMIIOFFFA48CC
大安區,建物,臺北市大安區安和路二段211~240號,0.0,住,,,1081001,土地0建物1車位0,四層,17,住宅大樓(11層含以上有電梯),住家用,鋼筋混凝土造,0740612,176.69,0,0,0,無,有,無,70000,396,,0.0,0,,RPPOMLKMIIOFFFA77CC
大安區,建物,臺北市大安區浦城街6巷1~30號,0.0,住,,,1081018,土地0建物1車位0,三層,5,套房(1房1廳1衛),住家用,鋼筋混凝土造,0951107,32.71,0,1,1,有,有,有,16000,489,,0.0,0,租金含管理費,RPXOMLKMIIOFFFA58CC
大安區,建物,臺北市大安區東豐街31~60號,0.0,住,,,1081028,土地0建物1車位0,一層,4,店面(店鋪),,加強磚造,,103.66,0,0,0,無,無,有,150000,1447,,0.0,0,,RPQPMLKMIIOFFFA97CC
大安區,建物,臺北市大安區敦化南路二段31~60號,0.0,其他,,,1081024,土地0建物1車位0,三層,22,辦公商業大樓,住家用,鋼筋混凝土造,0770316,203.7,2,0,0,有,有,無,85000,417,,0.0,0,,RPSPMLKMIIOFFFA18CC
大安區,建物,臺北市大安區敦化南路二段151~180號,0.0,其他,,,1081001,土地0建物1車位0,十七層,21,住宅大樓(11層含以上有電梯),住家用,鋼筋混凝土造,0781014,192.14,3,2,1,有,有,無,95000,494,,0.0,0,,RPTPMLKMIIOFFFA28CC
萬華區,建物,臺北市萬華區西昌街151~180號,0.0,商,,,1081007,土地0建物0車位0,全,4,透天厝,見使用執照,鋼筋混凝土造,0661222,91.05,3,2,1,有,無,無,22000,242,,0.0,0,,RPWNMLKMIIOFFBA08DC
萬華區,建物,臺北市萬華區中華路一段76巷1~30號,0.0,商,,,1081004,土地0建物1車位0,三層,5,公寓(5樓含以下無電梯),商業用,鋼筋混凝土造,0750807,127.61,3,2,2,有,無,無,29000,227,,0.0,0,,RPXNMLKMIIOFFBA18DC
北投區,建物,臺北市北投區行義路108巷1~30號,0.0,住,,,1080923,土地0建物1車位0,全,4,透天厝,住家用,鋼筋混凝土造,0680707,766.23,5,3,4,有,無,有,212000,277,,0.0,0,,RPTNMLKMIIOFFEA97CC
士林區,建物,臺北市士林區倫等街36巷1~30號,0.0,住,,,1081029,土地0建物1車位0,二層,3,公寓(5樓含以下無電梯),住家用,加強磚造,0620802,62.38,3,2,1,有,無,有,15000,240,,0.0,0,台北市都發局社會住宅包租代管計畫,RPUNMLKMIIOFFEA08CC
士林區,建物,臺北市士林區德行東路271~300號,0.0,住,,,1081018,土地0建物1車位0,二層,5,公寓(5樓含以下無電梯),住家用,鋼筋混凝土造,0680414,88.76,3,2,1,有,無,有,25000,282,,0.0,0,,RPPPMLKMIIOFFEA77CC
士林區,建物,臺北市士林區天玉街38巷13弄1~30號,0.0,住,,,1081016,土地0建物0車位0,一層,6,店面(店鋪),住家用,鋼筋混凝土造,0730711,102.34,0,1,1,有,有,無,53000,518,,0.0,0,部分承租，公設面積無法分算。租期含免租裝潢期。第1-4年租金53000元，第5-6年55000元，第7年55650元。,RPTPMLKMIIOFFEA18CC
士林區,建物,臺北市士林區天母東路8巷31~60號,0.0,住,,,1081031,土地0建物1車位0,五層,7,華廈(10層含以下有電梯),住家用,鋼筋混凝土造,0701214,142.3,3,1,2,有,有,有,60000,422,,0.0,0,,RPUNMLLMIIOFFEA18CC
士林區,建物,臺北市士林區華齡街185巷1~30號,0.0,商,,,1081031,土地0建物1車位0,十層,15,住宅大樓(11層含以上有電梯),住家用,鋼筋混凝土造,0971014,163.1,3,1,2,有,有,有,55000,337,,0.0,0,,RPWNMLLMIIOFFEA38CC
北投區,建物,臺北市北投區明德路31~60號,0.0,住,,,1081005,土地0建物1車位1,五層,15,住宅大樓(11層含以上有電梯),住家用,鋼筋混凝土造,1050425,185.12,3,2,2,有,有,有,70000,378,坡道平面,46.7,0,,RPQOMLLMIIOFFEA87CC
士林區,建物,臺北市士林區天母東路91~120號,0.0,住,,,1081004,土地0建物1車位0,七層,7,華廈(10層含以下有電梯),住家用,鋼筋混凝土造,0740313,161.92999999999998,3,2,2,有,有,有,70000,432,,0.0,0,,RPROMLLMIIOFFEA97CC
士林區,建物,臺北市士林區承德路四段61~90號,0.0,住,,,1081022,土地0建物1車位0,七層,14,住宅大樓(11層含以上有電梯),住家用,鋼筋混凝土造,0960621,237.55,4,2,2,有,有,有,70000,295,,0.0,0,,RPOPMLLMIIOFFEA77CC
士林區,建物,臺北市士林區天母東路105巷16弄1~30號,0.0,住,,,1081025,土地0建物1車位0,全,2,透天厝,住家用,加強磚造,0600403,98.92,3,2,3,有,有,有,60000,607,,0.0,0,,RPTPMLLMIIOFFEA28CC
北投區,建物,臺北市北投區明德路118巷1~30號,0.0,住,,,1081023,土地0建物1車位0,三層,4,公寓(5樓含以下無電梯),住家用,鋼筋混凝土造,0640310,47.52,2,2,1,有,無,有,17000,358,,0.0,0,台北市都發局社會住宅包租代管計畫,RPPOMLLMIIOFFEA87DC
大安區,房地(土地+建物),臺北市大安區忠孝東路四段223巷61~90號,0.0,住,,,1081028,土地1建物1車位0,七層,7,華廈(10層含以下有電梯),住家用,鋼筋混凝土造,0751229,151.78,4,2,2,有,無,有,70000,461,,0.0,0,,RPOOMLLMIIOFFFA77CC
大安區,建物,臺北市大安區信義路三段91~120號,0.0,商,,,1081018,土地0建物1車位0,十層,13,住宅大樓(11層含以上有電梯),商業用,鋼筋混凝土造,0840626,151.82999999999998,3,2,2,有,有,有,47000,310,,0.0,0,,RPQOMLLMIIOFFFA97CC
中山區,建物,臺北市中山區中山北路三段31~60號,0.0,商,,,1081029,土地0建物1車位0,三層,8,辦公商業大樓,商業用,鋼筋混凝土造,0651125,47.06,0,0,0,無,有,無,28380,603,,0.0,0,,RPPNMLLMIIOFFCA47CC
中山區,建物,臺北市中山區新生北路一段1~30號,0.0,住,,,1081029,土地0建物0車位0,三層,4,套房(1房1廳1衛),,加強磚造,,23.0,1,0,1,有,無,有,13800,600,,0.0,0,此為分租套房，房號303，第三層共分成3間，一間平均面積約為23平方公尺,RPUNMLLMIIOFFCA97CC
中山區,建物,臺北市中山區長安東路二段61~90號,0.0,商,,,1081021,土地0建物1車位0,九層,12,辦公商業大樓,商業用,鋼筋混凝土造,0720719,91.53,0,0,0,無,有,無,33000,361,,0.0,0,,RPOOMLLMIIOFFCA47CC
內湖區,建物,臺北市內湖區港墘路181~210號,0.0,其他,,,1081023,土地0建物1車位0,三層,7,辦公商業大樓,見其他登記事項,鋼筋混凝土造,0990826,462.03999999999996,4,0,0,有,有,有,156000,338,,0.0,0,,RPPOMLLMIIOFFCA57CC
內湖區,建物,臺北市內湖區成功路四段181~210號,0.0,其他,,,1081030,土地0建物1車位0,十三層,15,辦公商業大樓,見其他登記事項,鋼筋混凝土造,1050616,69.26,1,1,1,有,有,有,25643,370,,0.0,0,租金未含管理費,RPROMLLMIIOFFCA77CC
內湖區,建物,臺北市內湖區成功路四段181~210號,0.0,其他,,,1081030,土地0建物1車位1,十四層,15,辦公商業大樓,見其他登記事項,鋼筋混凝土造,1050616,128.01,1,1,1,有,有,有,32486,254,坡道平面,52.5,0,租金未含管理費,RPSOMLLMIIOFFCA87CC
內湖區,建物,臺北市內湖區成功路四段181~210號,0.0,其他,,,1081030,土地0建物1車位1,十一層,15,辦公商業大樓,見其他登記事項,鋼筋混凝土造,1050616,179.37,1,1,1,有,有,有,50225,280,坡道平面,52.5,0,租金未含管理費,RPUOMLLMIIOFFCA08CC
中山區,建物,臺北市中山區天祥路61巷1~30號,0.0,商,,,1081018,土地0建物1車位0,四層,7,華廈(10層含以下有電梯),住家用,鋼筋混凝土造,1030116,91.13,2,1,1,有,有,有,45000,494,,0.0,0,,RPPPMLLMIIOFFCA67CC
中山區,建物,臺北市中山區建國北路二段1~30號,0.0,住,,,1081028,土地0建物1車位0,十三層,14,辦公商業大樓,商業用,鋼筋混凝土造,0950713,60.0,1,1,1,有,有,有,40000,667,,0.0,0,,RPQPMLLMIIOFFCA77CC
內湖區,建物,臺北市內湖區內湖路二段241~270號,0.0,商,,,1080923,土地0建物1車位0,六層,13,住宅大樓(11層含以上有電梯),住家用,鋼筋混凝土造,1050601,101.88,2,2,1,有,有,有,45000,442,,0.0,0,,RPVPMLLMIIOFFCA28CC
內湖區,建物,臺北市內湖區文湖街21巷112弄1~30號,0.0,住,,,1080918,土地0建物1車位0,三層,7,華廈(10層含以下有電梯),住家用,鋼筋混凝土造,0970723,87.53,2,1,1,有,有,有,33000,377,,0.0,0,,RPQQMLLMIIOFFCA87CC
內湖區,房地(土地+建物)+車位,臺北市內湖區康寧路三段75巷151~180號,59.63,住,,,1080924,土地1建物1車位1,二層,5,華廈(10層含以下有電梯),住家用,鋼筋混凝土造,0960201,161.48,3,2,2,有,有,無,35000,217,坡道平面,16.29,0,,RPRQMLLMIIOFFCA97CC
中山區,建物,臺北市中山區中山北路二段77巷1~30號,0.0,商,,,1080930,土地0建物1車位0,六層,14,住宅大樓(11層含以上有電梯),商業用,鋼筋混凝土造,0901112,68.83,1,1,1,有,有,有,40000,581,,0.0,0,,RPVQMLLMIIOFFCA38CC
中山區,建物,臺北市中山區伊通街31~60號,0.0,住,,,1081014,土地0建物0車位0,四層,5,華廈(10層含以下有電梯),住家用,鋼筋混凝土造,0830829,89.51,1,1,1,有,無,有,31000,346,,0.0,0,部分承租公設面積無法分算。房屋用途作辦公室使用。租金含管理費。,RPXQMLLMIIOFFCA58CC
內湖區,建物,臺北市內湖區金龍路47巷13弄1~30號,0.0,住,,,1081029,土地0建物1車位0,八層,11,住宅大樓(11層含以上有電梯),住家用,鋼筋混凝土造,1040518,127.91,2,2,1,有,有,有,55000,430,,0.0,0,,RPPRMLLMIIOFFCA87CC
中山區,建物,臺北市中山區堤頂大道二段481~510號,0.0,其他,,,1081002,土地0建物1車位0,五層,10,其他,商業用,鋼筋混凝土造,0991201,102.07,2,2,1,有,有,有,53000,519,,0.0,0,親友、員工或其他特殊關係間之交易。;,RPQRMLLMIIOFFCA97CC
中山區,房地(土地+建物),臺北市中山區南京東路二段181~210號,0.0,商,,,1080912,土地1建物1車位0,三層,15,住宅大樓(11層含以上有電梯),住家用,鋼筋混凝土造,0990528,179.63,2,2,2,有,無,有,75000,418,,0.0,0,,RPSRMLLMIIOFFCA18CC
內湖區,建物,臺北市內湖區港墘路221巷1~30號,0.0,工,,,1081008,土地0建物1車位1,六層,10,廠辦,見其他登記事項,鋼筋混凝土造,0970117,302.14,0,0,0,無,有,無,100000,331,坡道平面,34.72,0,,RPPSMLLMIIOFFCA97CC
內湖區,建物,臺北市內湖區文德路22巷53弄1~30號,0.0,住,,,1081021,土地0建物1車位0,三層,4,公寓(5樓含以下無電梯),住家用,鋼筋混凝土造,0681128,97.09,3,2,2,有,無,無,36000,371,,0.0,0,,RPSSMLLMIIOFFCA28CC
大同區,建物,臺北市大同區市民大道一段181~210號,0.0,其他,,,1081024,土地0建物1車位0,六層,18,住宅大樓(11層含以上有電梯),住家用,見其他登記事項,0980724,92.41,1,1,1,有,有,有,65000,703,,0.0,0,,RPUNMLLMIIOFFBA87CC
松山區,建物,臺北市松山區南京東路三段331~360號,0.0,其他,,,1081022,土地0建物1車位0,九層,12,辦公商業大樓,商業用,鋼筋混凝土造,,65.8,0,0,0,無,有,有,27000,410,,0.0,0,,RPRNMLLMIIOFFDA77CC
松山區,建物,臺北市松山區八德路三段181~210號,0.0,住,,,1081031,土地0建物1車位0,八層,11,辦公商業大樓,見其他登記事項,鋼骨鋼筋混凝土造,0950418,68.62,2,1,2,有,有,有,55000,802,,0.0,0,,RPUNMLLMIIOFFDA08CC
信義區,建物,臺北市信義區忠孝東路五段451~480號,0.0,商,,,1081030,土地0建物1車位0,九層,11,住宅大樓(11層含以上有電梯),見其他登記事項,鋼筋混凝土造,0941006,46.59,1,1,1,有,有,有,30000,644,,0.0,0,親友、員工或其他特殊關係間之交易。;,RPVOMLLMIIOFFDA28CC
南港區,建物,臺北市南港區成福路181~210號,0.0,住,,,1081031,土地0建物1車位0,五層,5,公寓(5樓含以下無電梯),住家用,鋼筋混凝土造,,94.08,3,2,2,有,無,有,25000,266,,0.0,0,,RPXOMLLMIIOFFDA48CC
松山區,建物,臺北市松山區光復南路1~30號,0.0,住,,,1081021,土地0建物1車位0,一層,12,店面(店鋪),商業用,鋼筋混凝土造,0791102,82.07,0,0,0,無,有,無,68112,830,,0.0,0,,RPQPMLLMIIOFFDA87CC
松山區,建物,臺北市松山區敦化南路一段31~60號,0.0,其他,,,1081029,土地0建物1車位0,三層,12,住宅大樓(11層含以上有電梯),住家用,鋼筋混凝土造,,54.519999999999996,2,1,1,有,有,有,25000,459,,0.0,0,,RPRPMLLMIIOFFDA97CC
信義區,建物,臺北市信義區信義路五段1~30號,0.0,其他,,,1081005,土地0建物0車位2,五十七層,101,辦公商業大樓,見其他登記事項,見其他登記事項,0931112,1628.65,0,0,0,無,有,無,1845788,1133,坡道平面,0.0,0,,RPTNMLLJJIOFFDA77CC
松山區,建物,臺北市松山區三民路1~30號,0.0,住,,,1081004,土地0建物1車位0,六層,11,套房(1房1廳1衛),住家用,鋼筋混凝土造,1030530,54.989999999999995,1,1,1,有,有,有,42000,764,,0.0,0,,RPWOMLLJJIOFFDA18CC
信義區,車位,臺北市信義區忠孝東路五段451~480號,0.0,其他,,,1081024,土地0建物0車位1,,0,其他,停車空間,鋼筋混凝土造,0941006,30.93,0,0,0,有,有,無,5500,,坡道平面,0.0,5500,,RPOPMLLJJIOFFDA47CC
松山區,房地(土地+建物),臺北市松山區南京東路五段211~240號,0.0,其他,,,1081028,土地1建物1車位0,七層,18,住宅大樓(11層含以上有電梯),住家用,鋼筋混凝土造,0980331,97.98,2,1,1,有,無,有,45000,459,,0.0,0,,RPRPMLLJJIOFFDA77CC
信義區,建物,臺北市信義區永吉路120巷1~30號,0.0,商,,,1081031,土地0建物0車位0,二層,10,套房(1房1廳1衛),見使用執照,鋼筋混凝土造,0791212,30.13,1,0,1,有,無,有,15800,524,,0.0,0,,RPQQMLLJJIOFFDA77CC
南港區,建物,臺北市南港區忠孝東路六段481~510號,0.0,住,,,1081031,土地0建物0車位0,五層,5,套房(1房1廳1衛),住家用,鋼筋混凝土造,,17.01,1,0,1,有,無,有,8800,517,,0.0,0,此物件為分租套房，房號503，第五層共分成6間，一間平均面積約為17.02平方公尺,RPUQMLLJJIOFFDA18CC
大同區,建物,臺北市大同區承德路三段1~30號,0.0,商,,,1080919,土地0建物1車位1,十三層,15,住宅大樓(11層含以上有電梯),住家用,鋼筋混凝土造,0990903,246.89,4,2,2,有,有,有,75000,304,坡道平面,0.0,0,含地下四樓平面車位一個原C1AB10810080012,RPVNMLLJJIOFFBA77CC
中正區,建物,臺北市中正區延平南路61~90號,0.0,商,,,1081014,土地0建物1車位0,九層,10,華廈(10層含以下有電梯),住家用,鋼筋混凝土造,0700402,40.790000000000006,1,1,1,有,有,有,12000,294,,0.0,0,,RPQOMLLJJIOFFBA37CC
大同區,建物,臺北市大同區萬全街1~30號,0.0,商,,,1081010,土地0建物1車位0,五層,15,住宅大樓(11層含以上有電梯),住家用,鋼筋混凝土造,1041016,126.94,3,2,2,有,有,有,70000,551,,0.0,0,,RPTOMLLJJIOFFBA67CC
大同區,建物,臺北市大同區市民大道一段181~210號,0.0,其他,,,1081014,土地0建物1車位0,十二層,18,住宅大樓(11層含以上有電梯),住家用,見其他登記事項,0980724,137.03,3,2,2,有,有,有,70000,511,,0.0,0,親友、員工或其他特殊關係間之交易。;,RPUOMLLJJIOFFBA77CC
大同區,建物,臺北市大同區承德路三段241~270號,0.0,商,,,1081016,土地0建物1車位0,五層,12,住宅大樓(11層含以上有電梯),住家用,鋼筋混凝土造,1010918,168.75,3,2,2,有,有,有,65000,385,,0.0,0,,RPVOMLLJJIOFFBA87CC
大同區,建物,臺北市大同區承德路二段211~240號,0.0,住,,,1081031,土地0建物3車位0,見其他登記事項,11,住宅大樓(11層含以上有電梯),商業用,鋼筋混凝土造,0840501,508.19000000000005,5,1,3,有,有,無,200000,394,,0.0,0,,RPRPMLLJJIOFFBA57CC
中正區,建物,臺北市中正區和平西路一段55巷1~30號,0.0,住,,,1081018,土地0建物1車位0,六層,7,華廈(10層含以下有電梯),住家用,鋼筋混凝土造,0990903,121.69999999999999,2,2,2,有,有,有,60000,493,,0.0,0,,RPXNMLLJJIOFFAA87CC
中山區,建物,臺北市中山區撫順街31~60號,0.0,商,,,1081030,土地0建物1車位0,二層,9,華廈(10層含以下有電梯),商業用,鋼筋混凝土造,0791127,112.72999999999999,1,1,1,有,有,無,35000,310,,0.0,0,,RPOOMLLJJIOFFCA27CC
中山區,建物,臺北市中山區中山北路一段121巷31~60號,0.0,商,,,1081028,土地0建物1車位0,五層,14,住宅大樓(11層含以上有電梯),住家用,鋼筋混凝土造,1000128,97.81,2,2,1,有,有,有,57000,583,,0.0,0,,RPVOMLLJJIOFFCA97CC
內湖區,建物,臺北市內湖區成功路二段317巷1~30號,0.0,商,,,1081101,土地0建物1車位0,五層,14,住宅大樓(11層含以上有電梯),住家用,鋼骨鋼筋混凝土造,1040630,246.1,3,2,2,有,有,無,71000,289,坡道平面,34.65,0,,RPPPMLLJJIOFFCA47CC
內湖區,房地(土地+建物),臺北市內湖區民權東路六段61~90號,0.0,住,,,1081031,土地1建物1車位0,六層,7,華廈(10層含以下有電梯),住家用,鋼筋混凝土造,0721013,102.91,1,1,1,有,無,有,27000,262,,0.0,0,,RPQPMLLJJIOFFCA57CC
中山區,建物,臺北市中山區農安街1~30號,0.0,商,,,1081004,土地0建物1車位0,十四層,14,套房(1房1廳1衛),住家用,鋼筋混凝土造,0980622,64.23,1,1,1,有,有,有,45000,701,,0.0,0,親友、員工或其他特殊關係間之交易。;,RPRPMLLJJIOFFCA67CC
中山區,建物,臺北市中山區中山北路二段65巷1~30號,0.0,商,,,1081005,土地0建物1車位0,十一層,14,住宅大樓(11層含以上有電梯),商業用,鋼筋混凝土造,0901112,81.22999999999999,2,2,1,有,有,有,35000,431,,0.0,0,,RPTPMLLJJIOFFCA87CC
中山區,建物,臺北市中山區建國北路二段1~30號,0.0,住,,,1081011,土地0建物1車位0,五層,14,住宅大樓(11層含以上有電梯),商業用,鋼筋混凝土造,0950713,91.25999999999999,2,2,1,有,有,有,40000,438,,0.0,0,,RPXPMLLJJIOFFCA28CC
中山區,建物,臺北市中山區新生北路三段56巷1~30號,0.0,商,,,1081015,土地0建物1車位0,九層,13,住宅大樓(11層含以上有電梯),住家用,鋼筋混凝土造,0981021,75.78999999999999,2,2,1,有,有,有,50000,660,,0.0,0,親友、員工或其他特殊關係間之交易。;,RPOQMLLJJIOFFCA47CC
中山區,車位,臺北市中山區新生北路二段31~60號,0.0,,,,1081030,土地0建物0車位1,,,其他,,,,21.78,0,0,0,有,有,無,3000,,坡道機械,21.78,3000,,RPTQMLLJJIOFFCA97CC
中山區,建物,臺北市中山區新生北路三段56巷1~30號,0.0,商,,,1081015,土地0建物1車位0,六層,13,住宅大樓(11層含以上有電梯),住家用,鋼筋混凝土造,0981021,76.03,1,2,1,有,有,有,50000,658,,0.0,0,,RPRRMLLJJIOFFCA87CC
內湖區,建物,臺北市內湖區文德路211~240號,0.0,商,,,1081023,土地0建物1車位0,二層,8,華廈(10層含以下有電梯),住家用,鋼筋混凝土造,0781019,176.35999999999999,0,0,0,無,有,無,52219,296,,0.0,0,,RPVRMLLJJIOFFCA28CC
大安區,建物,臺北市大安區敦化南路一段233巷1~30號,0.0,住,,,1081029,土地0建物1車位0,一層,7,店面(店鋪),住家用,鋼筋混凝土造,0661102,108.6,0,0,0,無,有,有,130000,1197,,0.0,0,,RPSNMLLJJIOFFFA87CC
大安區,房地(土地+建物),臺北市大安區忠孝東路三段181~210號,20.04,住,,,1081021,土地2建物1車位0,十四層,14,住宅大樓(11層含以上有電梯),住家用,鋼筋混凝土造,0760423,110.59,3,2,2,有,有,無,35000,316,,0.0,0,,RPWNMLLJJIOFFFA28CC
大安區,建物,臺北市大安區光復南路421~450號,0.0,商,,,1081029,土地0建物1車位0,一層,3,店面(店鋪),商業用,鋼筋混凝土造,0720210,101.52,0,0,0,無,無,無,108000,1064,,0.0,0,,RPPOMLLJJIOFFFA67CC
大安區,建物,臺北市大安區敦化南路二段151~180號,0.0,其他,,,1081031,土地0建物1車位0,五層,12,辦公商業大樓,商業用,鋼筋混凝土造,0750825,129.75,2,1,1,有,有,有,47000,362,,0.0,0,,RPQOMLLJJIOFFFA77CC
大安區,建物,臺北市大安區安和路二段91~120號,0.0,住,,,1081014,土地0建物2車位0,見其他登記事項,7,店面(店鋪),商業用,鋼筋混凝土造,0710719,268.04,0,0,0,無,有,無,140000,522,,0.0,0,,RPSOMLLJJIOFFFA97CC
大安區,建物,臺北市大安區忠孝東路四段216巷1~30號,0.0,住,,,1081016,土地0建物1車位0,六層,7,華廈(10層含以下有電梯),住家用,鋼筋混凝土造,,167.62,4,3,3,有,有,無,80000,477,,0.0,0,,RPTOMLLJJIOFFFA08CC
大安區,建物,臺北市大安區復興南路一段107巷1~30號,16.13,住,,,1081014,土地0建物1車位0,一層,7,店面(店鋪),商業用,鋼筋混凝土造,0730216,79.17,0,0,0,無,無,無,80000,1010,,0.0,0,,RPUOMLLJJIOFFFA18CC
萬華區,建物,臺北市萬華區萬大路423巷31~60號,0.0,住,,,1081001,土地0建物1車位0,一層,14,住宅大樓(11層含以上有電梯),見其他登記事項,鋼筋混凝土造,0970103,102.57,0,0,0,無,有,有,30000,292,,0.0,0,,RPSNMLLJJIOFFBA57DC
士林區,建物,臺北市士林區士東路200巷15弄1~30號,0.0,住,,,1081101,土地0建物1車位1,三層,6,華廈(10層含以下有電梯),住家用,鋼筋混凝土造,0831021,172.10000000000002,4,2,2,有,無,有,35000,203,坡道平面,0.0,0,,RPRNMLLJJIOFFEA67CC
士林區,建物,臺北市士林區天母東路1~30號,0.0,商,,,1081006,土地0建物1車位1,六層,7,華廈(10層含以下有電梯),住家用,鋼筋混凝土造,0780107,140.84,3,2,2,有,有,有,65000,462,坡道平面,0.0,0,親友、員工或其他特殊關係間之交易。;,RPVNMLLJJIOFFEA08CC
北投區,建物,臺北市北投區裕民二路61~90號,0.0,商,,,1081008,土地0建物1車位0,三層,19,住宅大樓(11層含以上有電梯),見其他登記事項,鋼筋混凝土造,1021108,97.53,2,2,1,有,有,有,45000,461,,0.0,0,親友、員工或其他特殊關係間之交易。;,RPWNMLLJJIOFFEA18CC
北投區,建物,臺北市北投區文林北路94巷31~60號,0.0,住,,,1081009,土地0建物1車位1,十二層,13,住宅大樓(11層含以上有電梯),住家用,鋼筋混凝土造,0991115,213.93,3,2,2,有,有,有,94000,439,坡道平面,39.0,0,,RPUOMLLJJIOFFEA08CC
士林區,建物,臺北市士林區中山北路六段157巷1~30號,0.0,工,,,1081012,土地0建物1車位0,十三層,15,其他,見其他登記事項,鋼筋混凝土造,0971002,101.15,2,2,1,有,有,有,51500,509,,0.0,0,親友、員工或其他特殊關係間之交易。;,RPXOMLLJJIOFFEA38CC
松山區,建物,臺北市松山區敦化北路151~180號,0.0,其他,,,1081002,土地0建物1車位0,三層,12,辦公商業大樓,住家用,鋼筋混凝土造,0590627,207.24,5,1,2,有,有,有,80000,386,,0.0,0,,RPPNMLMJJIOFFDA47CC
信義區,建物,臺北市信義區基隆路一段421~450號,0.0,商,,,1081008,土地0建物1車位0,四層,15,辦公商業大樓,商業用,鋼筋混凝土造,,65.02,0,0,0,無,有,有,21000,323,,0.0,0,,RPPNMLOJJIOFFDA67CC
松山區,建物,臺北市松山區八德路三段158巷20弄1~30號,0.0,商,,,1081008,土地0建物1車位0,一層,7,店面(店鋪),住家用,鋼筋混凝土造,0661019,102.38,0,1,1,有,無,無,42000,410,,0.0,0,,RPQNMLOJJIOFFDA77CC
信義區,建物,臺北市信義區吳興街284巷20弄31~60號,0.0,住,,,1081031,土地0建物1車位0,三層,4,公寓(5樓含以下無電梯),住家用,鋼筋混凝土造,0710518,74.93,3,2,2,有,無,有,18000,240,,0.0,0,台北市都發局社會住宅包租代管計畫,RPUNMLOJJIOFFDA18CC
信義區,建物,臺北市信義區信義路五段91~120號,0.0,其他,,,1081019,土地0建物1車位0,五層,19,住宅大樓(11層含以上有電梯),住家用,鋼筋混凝土造,0980702,49.4,1,0,1,有,有,有,28000,567,,0.0,0,親友、員工或其他特殊關係間之交易。;,RPOOMLOJJIOFFDA67CC
信義區,建物,臺北市信義區永吉路30巷102弄1~30號,0.0,住,,,1081001,土地0建物1車位1,三層,9,華廈(10層含以下有電梯),住家用,鋼筋混凝土造,0990908,124.76,2,2,1,有,無,有,58000,465,坡道平面,48.99,0,,RPUOMLOJJIOFFDA28CC
松山區,建物,臺北市松山區南京東路四段151~180號,0.0,商,,,1081017,土地0建物1車位0,五層,12,華廈(10層含以下有電梯),商業用,鋼筋混凝土造,0720401,89.25,0,0,0,無,有,有,40000,448,,0.0,0,此建物切割27坪出租,RPWOMLOJJIOFFDA48CC
信義區,建物,臺北市信義區基隆路二段121~150號,0.0,商,,,1081101,土地0建物1車位0,九層,17,辦公商業大樓,見使用執照,鋼筋混凝土造,0850820,172.23000000000002,2,1,0,有,有,有,73788,428,,0.0,0,,RPXOMLOJJIOFFDA58CC
松山區,建物,臺北市松山區民生東路四段31~60號,0.0,商,,,1081031,土地0建物1車位0,七層,12,辦公商業大樓,商業用,鋼筋混凝土造,0721221,261.45,3,1,1,有,有,有,100000,382,,0.0,0,,RPOPMLOJJIOFFDA77CC
文山區,建物,臺北市文山區久康街24巷1~30號,0.0,住,,,1081024,土地0建物1車位1,一層,8,店面(店鋪),住家用,鋼筋混凝土造,0960427,182.7,2,2,2,有,有,無,67146,368,坡道平面,11.82,0,,RPXNMLOJJIOFFAA18CC
萬華區,建物,臺北市萬華區漢中街121~150號,0.0,商,,,1081018,土地0建物1車位0,六層,10,華廈(10層含以下有電梯),住家用,鋼筋混凝土造,0780112,48.83,0,0,0,無,無,無,19000,389,,0.0,0,,RPWNMLOJJIOFFBA18CC
內湖區,建物,臺北市內湖區環山路二段31~60號,0.0,住,,,1081101,土地0建物1車位0,見其他登記事項,5,店面(店鋪),住家用,鋼筋混凝土造,0700827,143.56,0,0,0,無,無,無,40000,279,一樓平面,15.0,0,,RPPOMLOJJIOFFCA67CC
中山區,建物,臺北市中山區松江路133巷31~60號,0.0,住,,,1081101,土地0建物1車位0,三層,8,華廈(10層含以下有電梯),住家用,鋼筋混凝土造,0930829,29.919999999999998,0,0,0,無,有,無,20000,668,,0.0,0,,RPROMLOJJIOFFCA87CC
內湖區,房地(土地+建物),臺北市內湖區康樂樂街136巷3弄1~30號,18.88,商,,,1081103,土地1建物1車位0,八層,13,住宅大樓(11層含以上有電梯),住家用,鋼筋混凝土造,0870122,118.02,3,2,2,有,有,無,26000,220,,0.0,0,,RPWOMLOJJIOFFCA38CC
中山區,建物,臺北市中山區長春路241~270號,0.0,商,,,1080919,土地0建物1車位0,十一層,12,住宅大樓(11層含以上有電梯),住家用,鋼筋混凝土造,0970104,131.54000000000002,2,2,2,有,有,有,50000,380,,0.0,0,,RPRPMLOJJIOFFCA97CC
內湖區,建物,臺北市內湖區金莊路1~30號,0.0,其他,,,1081029,土地0建物1車位0,三層,12,辦公商業大樓,見其他登記事項,見其他登記事項,1031124,200.78,0,0,0,無,有,無,70155,349,,0.0,0,,RPSPMLOJJIOFFCA08CC
中山區,建物,臺北市中山區南京東路三段89巷27弄1~30號,0.0,住,,,1081101,土地0建物1車位0,十層,17,華廈(10層含以下有電梯),住家用,鋼骨鋼筋混凝土造,0980901,150.06,2,2,2,有,有,有,70000,466,,0.0,0,,RPTPMLOJJIOFFCA18CC
中山區,建物,臺北市中山區林森北路67巷91~120號,0.0,商,,,1081030,土地0建物1車位0,三層,7,華廈(10層含以下有電梯),住家用,鋼筋混凝土造,0990504,127.24000000000001,2,1,1,有,有,有,55000,432,,0.0,0,,RPUPMLOJJIOFFCA28CC
中山區,房地(土地+建物),臺北市中山區民生東路三段61~90號,50.7,商,,,1080901,土地1建物1車位0,十二層,15,辦公商業大樓,商業用,鋼筋混凝土造,0780925,339.14,0,0,0,無,有,無,215040,634,,0.0,0,,RPQQMLOJJIOFFCA97CC
內湖區,建物,臺北市內湖區康寧路一段121~150號,0.0,住,,,1081005,土地0建物1車位0,一層,15,店面(店鋪),見其他登記事項,鋼筋混凝土造,1060905,172.19,0,0,0,無,有,無,50200,292,,0.0,0,,RPSQMLOJJIOFFCA18CC
中山區,建物,臺北市中山區松江路151~180號,0.0,商,,,1081030,土地0建物1車位0,十二層,14,辦公商業大樓,商業用,鋼筋混凝土造,0660902,153.29,1,1,0,有,有,有,65000,424,,0.0,0,本建物切割46.37坪出租,RPVQMLOJJIOFFCA48CC
士林區,建物,臺北市士林區福華路151~180號,0.0,住,,,1081031,土地0建物1車位0,十二層,12,住宅大樓(11層含以上有電梯),住家用,鋼筋混凝土造,0931231,137.39,3,1,2,有,有,有,64000,466,,0.0,0,,RPSOMLOJJIOFFEA18CC
士林區,建物,臺北市士林區忠誠路一段16巷1~30號,0.0,住,,,1080928,土地0建物1車位1,四層,10,住宅大樓(11層含以上有電梯),住家用,鋼筋混凝土造,0950727,317.8,4,2,2,有,有,有,140000,441,坡道平面,0.0,0,,RPUOMLOJJIOFFEA38CC
中山區,房地(土地+建物),臺北市中山區南京東路二段1~30號,6.06,商,,,1081028,土地1建物1車位0,三層,11,住宅大樓(11層含以上有電梯),商業用,鋼筋混凝土造,0620613,188.67,4,2,2,有,有,無,65000,345,,0.0,0,,RPOPMLOJJIOFFCA77DC
大安區,建物,臺北市大安區忠孝東路三段248巷1~30號,0.0,商,,,1080925,土地0建物1車位0,三層,14,住宅大樓(11層含以上有電梯),住家用,鋼筋混凝土造,0760423,142.49,2,2,2,有,有,有,48000,337,,0.0,0,,RPUNMLOJJIOFFFA38CC
大安區,建物,臺北市大安區光復南路601~630號,0.0,商,,,1080926,土地0建物1車位0,二層,12,住宅大樓(11層含以上有電梯),見使用執照,鋼筋混凝土造,0751210,108.5,3,2,2,有,有,有,42000,387,,0.0,0,,RPVNMLOJJIOFFFA48CC
大安區,建物,臺北市大安區羅斯福路三段181~210號,0.0,商,,,1081001,土地0建物1車位0,八層,12,住宅大樓(11層含以上有電梯),住家用,鋼筋混凝土造,0750703,125.62,1,2,2,有,有,無,45000,358,,0.0,0,房客僅租賃房屋部分面積；租金金額含稅及管理費，但不包含水、電及網路或第四台費用。,RPPPMLOJJIOFFFA08CC
大安區,房地(土地+建物)+車位,臺北市大安區仁愛路四段331~360號,29.37,其他,,,1081101,土地2建物1車位1,五層,17,住宅大樓(11層含以上有電梯),住家用,鋼筋混凝土造,0751224,252.56,5,2,3,有,有,有,90000,356,坡道平面,42.26,0,,RPUNMLPJJIOFFFA48CC
大安區,建物,臺北市大安區復興南路二段151~180號,0.0,商,,,1081031,土地0建物1車位0,六層,8,華廈(10層含以下有電梯),商業用,鋼骨鋼筋混凝土造,,103.02,3,1,2,有,無,有,45000,437,,0.0,0,,RPWNMLPJJIOFFFA68CC
大安區,建物,臺北市大安區永康街61~90號,0.0,商,,,1081021,土地0建物1車位1,五層,12,住宅大樓(11層含以上有電梯),住家用,鋼筋混凝土造,1000427,91.91,2,1,1,有,無,有,47000,511,坡道機械,16.44,0,,RPPOMLPJJIOFFFA08CC
大安區,建物,臺北市大安區忠孝東路四段91~120號,0.0,住,,,1081029,土地0建物1車位0,二層,6,華廈(10層含以下有電梯),住家用,鋼筋混凝土造,0600518,135.56,0,0,0,無,無,有,135000,996,,0.0,0,急買急賣。;,RPSOMLPJJIOFFFA38CC
士林區,建物,臺北市士林區葫蘆街31~60號,0.0,住,,,1081104,土地0建物1車位0,四層,4,公寓(5樓含以下無電梯),住家用,鋼筋混凝土造,0650616,94.28,3,2,1,有,無,有,17000,180,,0.0,0,台北市都發局社會住宅包租代管計畫,RPTOMLPJJIOFFEA38CC
北投區,建物,臺北市北投區光明路1~30號,0.0,商,,,1081019,土地0建物1車位1,三層,29,住宅大樓(11層含以上有電梯),住家用,鋼骨鋼筋混凝土造,0961119,196.35000000000002,4,2,2,有,有,有,44000,224,坡道機械,8.57,0,本次租賃車位為所有權人在同社區他戶房屋之產權車位,RPUOMLPJJIOFFEA48CC
士林區,建物,臺北市士林區承德路四段80巷31~60號,0.0,住,,,1081019,土地0建物1車位0,見其他登記事項,4,公寓(5樓含以下無電梯),住家用,加強磚造,0580811,87.07,0,1,1,有,無,有,30000,345,,0.0,0,,RPXOMLPJJIOFFEA78CC
中山區,建物,臺北市中山區四平街1~30號,0.0,住,,,1081016,土地0建物1車位0,二層,7,華廈(10層含以下有電梯),住家用,鋼筋混凝土造,0610424,111.71,0,1,2,有,無,無,42000,376,,0.0,0,作辦公室使用。租期含免租裝潢期。第1-3年租金42000元，第4-5年租金44100元。,RPPPMLPJJIOFFCA87CC
中山區,建物,臺北市中山區復興北路61~90號,0.0,商,,,1081105,土地0建物1車位0,八層,12,辦公商業大樓,住家用,鋼筋混凝土造,0700320,125.65,0,0,0,無,無,無,43000,342,,0.0,0,,RPRPMLPJJIOFFCA08CC
中山區,建物,臺北市中山區明水路672巷1~30號,0.0,商,,,1080918,土地0建物1車位0,一層,7,店面(店鋪),商業用,鋼筋混凝土造,0941201,74.07,0,0,0,無,無,有,45785,618,,0.0,0,,RPSPMLPJJIOFFCA18CC
中山區,建物,臺北市中山區建國北路三段31~60號,0.0,住,,,1081016,土地0建物1車位0,一層,7,店面(店鋪),商業用,鋼筋混凝土造,0720803,131.85,1,1,1,有,無,有,68112,517,,0.0,0,租期含免租裝潢期。,RPXPMLPJJIOFFCA68CC
中山區,建物,臺北市中山區民生東路一段61~90號,0.0,商,,,1081014,土地0建物1車位0,十二層,12,套房(1房1廳1衛),商業用,鋼筋混凝土造,0730605,35.64,1,1,1,有,無,有,17000,477,,0.0,0,,RPQQMLPJJIOFFCA08CC
中山區,建物,臺北市中山區中山北路二段91~120號,0.0,商,,,1081015,土地0建物1車位0,十一層,12,套房(1房1廳1衛),住家用,鋼筋混凝土造,0730326,47.64,1,1,1,有,無,有,15000,315,,0.0,0,,RPSQMLPJJIOFFCA28CC
中山區,建物,臺北市中山區林森北路91~120號,0.0,商,,,1081016,土地0建物1車位0,四層,12,套房(1房1廳1衛),商業用,鋼筋混凝土造,0710224,69.21000000000001,1,1,1,有,無,有,24000,347,,0.0,0,,RPUQMLPJJIOFFCA48CC
中正區,建物,臺北市中正區仁愛路二段20巷1~30號,0.0,住,,,1080928,土地0建物1車位0,一層,6,華廈(10層含以下有電梯),住家用,鋼筋混凝土造,0990331,152.82,3,2,2,有,無,有,62000,406,,0.0,0,,RPWNMLPJJIOFFBA28CC
中正區,建物,臺北市中正區新生南路一段1~30號,0.0,其他,,,1080925,土地0建物1車位1,十三層,14,住宅大樓(11層含以上有電梯),住家用,鋼筋混凝土造,0741210,121.09,3,2,2,有,有,無,45000,372,坡道平面,0.0,0,,RPSOMLPJJIOFFBA97CC
中正區,建物,臺北市中正區懷寧街91~120號,0.0,商,,,1081101,土地0建物1車位1,一層,7,華廈(10層含以下有電梯),,鋼筋混凝土造,0620112,313.82,0,1,2,有,有,無,100000,319,一樓平面,0.0,0,81建號坪數含1樓管理室、走道及樓電梯間。另車位坪數及租金無法分算。,RPPQMLPJJIOFFBA87CC
大同區,建物,臺北市大同區太原路11巷1~30號,0.0,商,,,1081026,土地0建物1車位0,一層,3,店面(店鋪),,加強磚造,,73.81,0,0,0,無,無,無,40000,542,,0.0,0,,RPSQMLPJJIOFFBA18CC
萬華區,建物,臺北市萬華區開封街二段31~60號,0.0,商,,,1081010,土地0建物1車位0,二層,9,華廈(10層含以下有電梯),商業用,鋼筋混凝土造,0730522,238.37,7,2,3,有,無,有,70000,294,,0.0,0,,RPTQMLPJJIOFFBA28CC
中正區,建物,臺北市中正區濟南路二段1~30號,0.0,住,,,1081031,土地0建物1車位0,九層,11,住宅大樓(11層含以上有電梯),住家用,鋼筋混凝土造,0960129,61.11,1,1,1,有,有,有,35000,573,,0.0,0,,RPUQMLPJJIOFFBA38CC
大同區,建物,臺北市大同區延平北路四段151~180號,0.0,住,,,1081025,土地0建物1車位0,一層,4,公寓(5樓含以下無電梯),住家用,加強磚造,,78.93,2,2,1,有,無,有,25000,317,,0.0,0,,RPTRMLPJJIOFFBA38CC
大同區,建物,臺北市大同區昌吉街132巷1~30號,0.0,住,,,1081104,土地0建物1車位0,四層,4,公寓(5樓含以下無電梯),,加強磚造,0560516,99.4,2,1,1,有,無,有,26000,262,,0.0,0,,RPVSMLPJJIOFFBA68CC
中正區,建物,臺北市中正區漢口街一段31~60號,0.0,商,,,1081104,土地0建物0車位0,全,6,透天厝,,鋼筋混凝土造,0600123,7.1,1,0,0,有,無,有,5500,775,,0.0,0,,RPXSMLPJJIOFFBA88CC
中正區,建物,臺北市中正區忠孝東路一段151~180號,0.0,商,,,1081016,土地0建物1車位0,十一層,12,辦公商業大樓,住商用,鋼筋混凝土造,0690205,107.95,0,0,0,無,有,無,40000,371,,0.0,0,,RPQTMLPJJIOFFBA28CC
文山區,建物,臺北市文山區萬美街一段19巷1~30號,0.0,商,,,1081102,土地0建物0車位0,三層,13,套房(1房1廳1衛),商業用,鋼筋混凝土造,0860419,65.71000000000001,1,0,1,有,無,有,13000,198,,0.0,0,此為分租套房，房號304，第三層共分成5間，一間平均面積約為65.71平方公尺,RPUOMLPJJIOFFAA08CC
文山區,建物,臺北市文山區萬盛街130巷1~30號,0.0,住,,,1081031,土地0建物1車位0,一層,4,公寓(5樓含以下無電梯),住家用,鋼筋混凝土造,,121.15,3,2,2,有,無,有,35000,289,,0.0,0,,RPWOMLPJJIOFFAA28CC
文山區,建物,臺北市文山區木柵路一段59巷11弄1~30號,0.0,住,,,1081104,土地0建物1車位0,五層,5,公寓(5樓含以下無電梯),住家用,鋼筋混凝土造,0701223,81.72,3,2,1,有,無,有,18000,220,,0.0,0,台北市都發局社會住宅包租代管計畫,RPXOMLPJJIOFFAA38CC
信義區,建物,臺北市信義區臺北市信義區光復南路541~570號,0.0,商,,,1081028,土地0建物1車位0,十四層,15,住宅大樓(11層含以上有電梯),住家用,鋼筋混凝土造,0790109,127.72,3,2,1,有,無,有,49000,384,,0.0,0,,RPTNMLPJJIOFFDA18CC
松山區,房地(土地+建物),臺北市松山區敦化北路301~330號,26.16,商,,,1081001,土地3建物2車位0,一層,11,住宅大樓(11層含以上有電梯),住家用,鋼筋混凝土造,0630912,143.96,0,0,0,無,有,無,170000,1181,,0.0,0,,RPWNMLPJJIOFFDA48CC
松山區,房地(土地+建物),臺北市松山區民生東路四段121~150號,57.25,住,,,1081001,土地1建物1車位0,一層,4,店面(店鋪),住家用,鋼筋混凝土造,,108.74,0,1,2,有,無,無,120000,1104,,0.0,0,,RPXNMLPJJIOFFDA58CC
松山區,建物,臺北市松山區健康路325巷12弄1~30號,0.0,住,,,1081028,土地0建物1車位0,三層,5,華廈(10層含以下有電梯),住家用,鋼筋混凝土造,0751020,124.05000000000001,2,2,2,有,無,有,45000,363,,0.0,0,,RPPOMLPJJIOFFDA87CC
松山區,建物,臺北市松山區八德路三段31~60號,0.0,商,,,1081001,土地0建物1車位0,五層,16,辦公商業大樓,商業用,鋼骨鋼筋混凝土造,0811121,465.31,0,0,0,無,無,無,240000,516,,0.0,0,,RPROMLPJJIOFFDA08CC
信義區,建物,臺北市信義區基隆路一段121~150號,0.0,商,,,1081015,土地0建物1車位0,七層,13,辦公商業大樓,住家用,見其他登記事項,0950126,126.1,2,1,1,有,無,無,47000,373,,0.0,0,,RPPPMLPJJIOFFDA97CC
南港區,建物,臺北市南港區興華路64巷1~30號,0.0,住,,,1081016,土地0建物1車位2,二層,13,住宅大樓(11層含以上有電梯),住家用,鋼筋混凝土造,0971030,177.39999999999998,2,2,2,有,有,有,44000,248,坡道機械,48.66,0,,RPRNMLQJJIOFFDA08CC
松山區,建物,臺北市松山區民權東路三段181~210號,0.0,住,,,1081009,土地0建物1車位0,二層,10,套房(1房1廳1衛),見使用執照,鋼筋混凝土造,0850206,44.39,1,1,1,有,有,有,18500,417,,0.0,0,,RPUOMLQJJIOFFDA48CC
松山區,建物,臺北市松山區南京東路五段211~240號,0.0,其他,,,1081023,土地0建物1車位0,五層,18,住宅大樓(11層含以上有電梯),住家用,鋼筋混凝土造,0980331,52.349999999999994,1,1,1,有,有,有,30000,573,,0.0,0,,RPPPMLQJJIOFFDA08CC
信義區,建物,臺北市信義區基隆路一段121~150號,0.0,商,,,1081015,土地0建物1車位0,七層,13,辦公商業大樓,住家用,見其他登記事項,0950126,68.33,1,1,1,有,有,無,28000,410,,0.0,0,,RPQPMLQJJIOFFDA18CC
南港區,建物,臺北市南港區重陽路451~480號,0.0,工,,,1081009,土地0建物1車位0,見其他登記事項,12,住宅大樓(11層含以上有電梯),見其他登記事項,鋼筋混凝土造,1010531,509.61,0,0,0,無,有,無,130000,255,,0.0,0,,RPRPMLQJJIOFFDA28CC
文山區,建物,臺北市文山區羅斯福路六段61~90號,0.0,商,,,1081105,土地0建物0車位0,四層,4,套房(1房1廳1衛),住家用,鋼筋混凝土造,,20.96,1,0,1,有,無,有,10000,477,,0.0,0,此為分租套房，房號402，第四層共分成4間，一間平均面積約為20.96平方公尺,RPWNMLQJJIOFFAA28CC
萬華區,建物,臺北市萬華區西園街二段301~330號,0.0,住,,,1081028,土地0建物1車位0,十一層,12,住宅大樓(11層含以上有電梯),住家用,鋼筋混凝土造,1041002,69.4,2,1,1,有,無,有,23500,339,,0.0,0,,RPVNMLQJJIOFFBA28CC
大同區,建物,臺北市大同區重慶北路三段271~300號,0.0,住,,,1080930,土地0建物1車位0,一層,4,店面(店鋪),,加強磚造,,86.32,0,0,0,無,無,無,36750,426,,0.0,0,免租裝潢期:民國108年10月01至民國108年10月15日。,RPWNMLQJJIOFFBA38CC
大同區,建物,臺北市大同區重慶北路三段181~210號,0.0,住,,,1080930,土地0建物1車位0,七層,12,辦公商業大樓,商業用,鋼筋混凝土造,0790124,358.24,0,0,0,無,有,無,120000,335,,0.0,0,,RPPOMLQJJIOFFBA77CC
大同區,建物,臺北市大同區市民大道一段181~210號,0.0,其他,,,1081028,土地0建物1車位0,七層,18,住宅大樓(11層含以上有電梯),住家用,見其他登記事項,0980724,47.21,1,1,1,有,有,有,30000,635,,0.0,0,,RPOPMLQJJIOFFBA77CC
中正區,建物,臺北市中正區重慶南路一段61~90號,0.0,商,,,1081007,土地0建物2車位0,見其他登記事項,11,辦公商業大樓,商業用,鋼筋混凝土造,0620309,301.73,1,2,1,有,有,有,240000,795,,0.0,0,,RPUPMLQJJIOFFBA38CC
內湖區,建物,臺北市內湖區內湖路二段331~360號,0.0,住,,,1081006,土地0建物1車位0,六層,12,住宅大樓(11層含以上有電梯),住家用,鋼筋混凝土造,1031023,143.04000000000002,3,2,2,有,有,有,46000,322,,0.0,0,,RPTOMLQJJIOFFCA28CC
內湖區,建物,臺北市內湖區環山路二段10巷8弄1~30號,0.0,住,,,1081007,土地0建物1車位0,二層,4,公寓(5樓含以下無電梯),住家用,鋼筋混凝土造,0700429,100.31,3,2,2,有,無,有,27000,269,,0.0,0,,RPXOMLQJJIOFFCA68CC
內湖區,建物,臺北市內湖區成功路二段271~300號,0.0,商,,,1081008,土地0建物1車位0,一層,5,店面(店鋪),商業用,鋼筋混凝土造,0700704,80.36,0,0,0,無,無,無,39000,485,,0.0,0,,RPPPMLQJJIOFFCA97CC
內湖區,建物,臺北市內湖區文德路22巷9弄31~60號,0.0,住,,,1081009,土地0建物1車位0,一層,13,店面(店鋪),商業用,鋼筋混凝土造,0800108,76.69,0,0,1,有,有,有,35000,456,,0.0,0,,RPRPMLQJJIOFFCA18CC
中山區,建物,臺北市中山區敬業三路162巷121~150號,0.0,住,,,1081010,土地0建物1車位1,二層,12,住宅大樓(11層含以上有電梯),住家用,鋼筋混凝土造,0890628,142.82999999999998,3,2,2,有,有,無,34000,238,坡道平面,0.0,0,,RPSPMLQJJIOFFCA28CC
中山區,建物,臺北市中山區中山北路二段59巷31~60號,0.0,商,,,1081014,土地0建物1車位0,六層,16,套房(1房1廳1衛),商業用,鋼筋混凝土造,0880928,53.02,1,1,1,有,有,有,28000,528,,0.0,0,,RPTPMLQJJIOFFCA38CC
內湖區,房地(土地+建物),臺北市內湖區瑞光路271~300號,0.0,其他,,,1081008,土地1建物1車位0,九層,8,辦公商業大樓,工業用,鋼筋混凝土造,0890817,1120.14,0,0,0,無,無,有,450000,402,,0.0,0,,RPUPMLQJJIOFFCA48CC
中山區,房地(土地+建物),臺北市中山區敬業一路91~120號,0.0,商,,,1081023,土地1建物1車位0,七層,9,辦公商業大樓,商業用,見使用執照,0910501,604.3199999999999,0,0,0,無,無,有,283910,470,,0.0,0,,RPPQMLQJJIOFFCA08CC
內湖區,建物,臺北市內湖區內湖路一段737巷51弄1~30號,0.0,住,,,1081010,土地0建物1車位0,一層,4,公寓(5樓含以下無電梯),住家用,鋼筋混凝土造,0671219,78.34,3,2,2,有,無,有,30000,383,,0.0,0,,RPUQMLQJJIOFFCA58CC
中山區,車位,臺北市中山區新生北路二段31~60號,0.0,,,,1081101,土地0建物0車位1,,,其他,,,,21.78,0,0,0,有,有,無,3000,,坡道機械,21.78,3000,,RPXQMLQJJIOFFCA88CC
中山區,建物,臺北市中山區新生北路二段68巷1~30號,0.0,商,,,1081020,土地0建物1車位0,十二層,12,住宅大樓(11層含以上有電梯),住家用,見其他登記事項,1050602,54.83,2,1,1,有,無,有,45000,821,,0.0,0,,RPSRMLQJJIOFFCA48CC
中山區,建物,臺北市中山區林森北路361~390號,0.0,商,,,1081021,土地0建物1車位0,四層,12,住宅大樓(11層含以上有電梯),商業用,鋼筋混凝土造,0740520,48.19,1,1,1,有,無,有,21000,436,,0.0,0,,RPTRMLQJJIOFFCA58CC
中山區,建物,臺北市中山區雙城街19巷1~30號,0.0,商,,,1081020,土地0建物1車位0,十二層,14,住宅大樓(11層含以上有電梯),住家用,鋼筋混凝土造,0970312,34.0,1,1,1,有,無,有,20000,588,,0.0,0,,RPWRMLQJJIOFFCA88CC
中山區,建物,臺北市中山區農安街1~30號,0.0,商,,,1081030,土地0建物1車位0,十一層,14,住宅大樓(11層含以上有電梯),商業用,鋼筋混凝土造,0980622,59.64,1,1,1,有,無,有,45000,755,,0.0,0,,RPXRMLQJJIOFFCA98CC
內湖區,建物,臺北市內湖區文德路61~90號,0.0,住,,,1081015,土地0建物1車位0,一層,17,店面(店鋪),商業用,鋼筋混凝土造,0981224,63.58,0,0,0,無,有,無,43138,678,,0.0,0,,RPQSMLQJJIOFFCA38CC
內湖區,建物,臺北市內湖區金湖路361~390號,0.0,住,,,1081016,土地0建物1車位0,見其他登記事項,10,店面(店鋪),商業用,鋼筋混凝土造,0950321,228.09,0,0,0,無,有,無,60000,263,,0.0,0,,RPSSMLQJJIOFFCA58CC
士林區,建物,臺北市士林區華齡街185巷1~30號,0.0,商,,,1081008,土地0建物1車位1,二層,15,住宅大樓(11層含以上有電梯),住家用,鋼筋混凝土造,0971014,121.28,2,2,1,有,有,有,32000,264,坡道機械,21.22,0,,RPPNMLQJJIOFFEA97CC
北投區,建物,臺北市北投區石牌路二段315巷28弄1~30號,0.0,住,,,1081024,土地0建物1車位0,七層,7,套房(1房1廳1衛),住家用,鋼筋混凝土造,0971009,43.76,1,1,1,有,有,有,20000,457,,0.0,0,,RPOOMLQJJIOFFEA97CC
士林區,建物,臺北市士林區天母西路13巷1~30號,0.0,商,,,1081016,土地0建物1車位0,四層,7,華廈(10層含以下有電梯),住家用,鋼筋混凝土造,0731113,151.99,3,1,2,有,有,有,75000,493,,0.0,0,,RPUOMLQJJIOFFEA58CC
北投區,建物,臺北市北投區明德路1~30號,0.0,住,,,1081026,土地0建物1車位0,三層,15,住宅大樓(11層含以上有電梯),住家用,鋼筋混凝土造,1050425,148.55,3,2,2,有,有,有,65000,438,,0.0,0,,RPXOMLQJJIOFFEA88CC
士林區,建物,臺北市士林區忠誠路二段181~210號,0.0,住,,,1081101,土地0建物1車位1,十九層,26,住宅大樓(11層含以上有電梯),住家用,鋼骨混凝土造,0841103,250.16000000000003,3,2,2,有,有,有,93800,375,坡道平面,0.0,0,,RPOPMLQJJIOFFEA08CC
大安區,建物,臺北市大安區敦化南路二段63巷54弄1~30號,0.0,住,,,1081103,土地0建物1車位0,六層,7,華廈(10層含以下有電梯),住家用,鋼筋混凝土造,0730621,124.52,3,2,2,有,無,有,35000,281,,0.0,0,,RPUNMLQJJIOFFFA58CC
中山區,建物,臺北市中山區龍江路120巷1~30號,0.0,住,,,1081009,土地0建物1車位0,五層,11,住宅大樓(11層含以上有電梯),商業用,鋼筋混凝土造,0880524,68.7,1,1,1,有,有,有,30000,437,,0.0,0,,RPRSMLQJJIOFFCA58DC
大安區,建物,臺北市大安區光復南路301~330號,0.0,住,,,1081017,土地0建物1車位0,四層,11,住宅大樓(11層含以上有電梯),商業用,鋼筋混凝土造,,61.53,2,2,1,有,有,有,28000,455,,0.0,0,,RPRNMLRJJIOFFFA38CC
大安區,建物,臺北市大安區忠孝東路四段77巷1~30號,0.0,商,,,1081101,土地0建物1車位0,五層,10,華廈(10層含以下有電梯),住家用,鋼筋混凝土造,1051209,104.52,2,2,1,有,有,有,57000,545,,0.0,0,親友、員工或其他特殊關係間之交易。;,RPPOMLRJJIOFFFA28CC
大安區,建物,臺北市大安區復興南路二段211~240號,0.0,商,,,1081015,土地0建物1車位0,十一層,12,辦公商業大樓,住家用,鋼筋混凝土造,,148.89000000000001,3,0,0,無,有,有,50000,336,,0.0,0,,RPSOMLRJJIOFFFA58CC
大安區,建物,臺北市大安區巿民大道四段121~150號,0.0,住,,,1081017,土地0建物1車位0,二層,7,套房(1房1廳1衛),商業用,鋼筋混凝土造,0760619,49.59,1,1,1,有,有,有,20000,403,,0.0,0,,RPTOMLRJJIOFFFA68CC
大安區,建物,臺北市大安區通安街1~30號,0.0,商,,,1081020,土地0建物1車位0,三層,8,華廈(10層含以下有電梯),住家用,鋼筋混凝土造,0821207,43.7,0,1,1,有,無,有,18000,412,,0.0,0,,RPUOMLRJJIOFFFA78CC
士林區,建物,臺北市士林區後港街121~150號,0.0,工,,,1081017,土地0建物1車位0,一層,14,其他,見其他登記事項,鋼筋混凝土造,0990128,79.35,0,1,1,有,有,無,30000,378,,0.0,0,,RPQNMLRJJIOFFEA18CC
士林區,建物,臺北市士林區德行東路91~120號,0.0,住,,,1081101,土地0建物1車位0,六層,14,住宅大樓(11層含以上有電梯),住家用,鋼骨鋼筋混凝土造,1011123,232.3,2,2,2,有,有,有,95000,409,,0.0,0,,RPXNMLRJJIOFFEA88CC
士林區,建物,臺北市士林區天母東路1~30號,0.0,商,,,1081009,土地0建物1車位0,七層,12,住宅大樓(11層含以上有電梯),住家用,鋼筋混凝土造,0740515,104.96,3,2,2,有,有,有,35000,333,,0.0,0,,RPSPMLRJJIOFFEA58CC
北投區,建物,臺北市北投區珠海路1~30號,0.0,其他,,,1081030,土地0建物1車位0,一層,14,住宅大樓(11層含以上有電梯),商業用,鋼筋混凝土造,0880812,110.16,0,0,0,無,有,無,29000,263,,0.0,0,,RPXPMLRJJIOFFEA09CC
北投區,建物,臺北市北投區溫泉路65巷1~30號,0.0,其他,,,1081011,土地0建物1車位0,十層,12,住宅大樓(11層含以上有電梯),住家用,鋼筋混凝土造,0670104,61.81,2,2,1,有,有,有,18000,291,,0.0,0,,RPOQMLRJJIOFFEA28CC
中山區,建物,臺北市中山區南京東路一段121~150號,0.0,商,,,1081029,土地0建物1車位0,一層,4,店面(店鋪),,加強磚造,,72.8,0,0,0,無,無,無,142000,1951,,0.0,0,,RPUNMLRJJIOFFCA38CC
中山區,建物,臺北市中山區錦州街23巷1~30號,0.0,商,,,1081023,土地0建物1車位0,二層,14,住宅大樓(11層含以上有電梯),見其他登記事項,鋼筋混凝土造,1041204,56.45,2,1,1,有,有,有,32000,567,,0.0,0,,RPXNMLRJJIOFFCA68CC
中山區,建物,臺北市中山區中山北路一段83巷31~60號,0.0,商,,,1081021,土地0建物1車位0,一層,15,店面(店鋪),見其他登記事項,鋼筋混凝土造,0970314,91.92,0,1,1,有,有,無,45000,490,,0.0,0,租期含免租裝潢期。,RPSOMLRJJIOFFCA28CC
內湖區,建物,臺北市內湖區成功路四段181~210號,0.0,其他,,,1081030,土地0建物1車位0,十四層,15,辦公商業大樓,見其他登記事項,鋼筋混凝土造,1050616,69.33,1,1,1,有,有,有,26435,381,,0.0,0,租金未含管理費,RPXOMLRJJIOFFCA78CC
中山區,建物,臺北市中山區五常街1~30號,0.0,住,,,1081022,土地0建物1車位0,三層,9,華廈(10層含以下有電梯),住家用,鋼筋混凝土造,1000127,234.98000000000002,4,2,2,有,有,有,60000,255,,0.0,0,,RPPQMLRJJIOFFCA18CC
中山區,建物,臺北市中山區明水路631~660號,0.0,商,,,1081009,土地0建物1車位0,四層,9,套房(1房1廳1衛),商業用,鋼筋混凝土造,0960503,51.03,1,1,1,有,有,有,23147,454,,0.0,0,,RPSQMLRJJIOFFCA48CC
中山區,建物,臺北市中山區新生北路二段31~60號,0.0,商,,,1081107,土地0建物1車位0,十三層,17,住宅大樓(11層含以上有電梯),住家用,鋼筋混凝土造,0850718,61.71,0,0,0,無,有,有,25000,405,,0.0,0,,RPWQMLRJJIOFFCA88CC
內湖區,建物,臺北市內湖區瑞光路358巷30弄1~30號,0.0,工,,,1081001,土地0建物1車位2,七層,8,廠辦,工業用,鋼筋混凝土造,0900524,325.09000000000003,1,0,0,無,有,無,108000,332,坡道平面,77.06,0,,RPORMLRJJIOFFCA18CC
萬華區,建物,臺北市萬華區青年路1~30號,0.0,住,,,1081020,土地0建物1車位0,四層,12,住宅大樓(11層含以上有電梯),住家用,鋼筋混凝土造,0760316,100.53,3,2,2,有,有,有,26000,259,,0.0,0,,RPQNMLRJJIOFFBA87CC
萬華區,建物,臺北市萬華區寶興街181~210號,0.0,住,,,1081016,土地0建物1車位0,見其他登記事項,2,店面(店鋪),住家用,加強磚造,,88.02,0,0,0,無,無,有,33000,375,,0.0,0,,RPVOMLRJJIOFFBA48CC
大同區,建物,臺北市大同區承德路三段1~30號,0.0,商,,,1081008,土地0建物1車位0,十三層,15,住宅大樓(11層含以上有電梯),住家用,鋼筋混凝土造,0990903,217.62,4,2,2,有,有,有,75000,345,坡道平面,0.0,0,,RPOPMLRJJIOFFBA87CC
大同區,建物,臺北市大同區長安西路181~210號,0.0,商,,,1081029,土地0建物1車位0,四層,11,住宅大樓(11層含以上有電梯),商業用,鋼筋混凝土造,0700909,29.839999999999996,1,0,1,有,有,有,15000,503,,0.0,0,台北市都發局社會住宅包租代管計畫原申報書序號為:C2AB10810310007,RPPPMLRJJIOFFBA97CC
萬華區,建物,臺北市萬華區西園路二段301~330號,0.0,住,,,1081106,土地0建物0車位0,三層,3,套房(1房1廳1衛),住家用,加強磚造,0551222,35.66,1,0,1,有,無,有,13000,365,,0.0,0,此為分租套房，房號301，第三層共分成3間，一間平均面積約為35.66平方公尺,RPSPMLRJJIOFFBA28CC
信義區,建物,臺北市信義區松山路541~570號,0.0,住,,,1081106,土地0建物0車位0,三層,4,公寓(5樓含以下無電梯),,加強磚造,,39.05,2,1,1,有,無,有,23300,597,,0.0,0,,RPWOMLRJJIOFFDA78CC
信義區,建物,臺北市信義區信安街103巷1~30號,0.0,住,,,1081106,土地0建物1車位0,五層,5,公寓(5樓含以下無電梯),住家用,鋼筋混凝土造,1020315,165.34,1,1,1,有,有,有,63000,381,,0.0,0,,RPUNMLSJJIOFFDA58CC
信義區,建物,臺北市信義區臺北市信義區基隆路一段121~150號,0.0,商,,,1081101,土地0建物1車位0,七層,13,住宅大樓(11層含以上有電梯),住家用,見其他登記事項,0950126,153.47,2,0,2,有,無,有,57000,371,,0.0,0,,RPVNMLSJJIOFFDA68CC
信義區,建物,臺北市信義區信義路五段121~150號,0.0,其他,,,1081102,土地0建物1車位0,十八層,19,住宅大樓(11層含以上有電梯),住家用,見其他登記事項,0951229,91.97,2,1,1,有,無,有,39000,424,,0.0,0,,RPXNMLSJJIOFFDA88CC
信義區,建物,臺北市信義區忠孝東路五段391~420號,0.0,商,,,1081015,土地0建物1車位0,二層,18,辦公商業大樓,見使用執照,鋼筋混凝土造,0860121,71.66,1,1,0,有,無,無,16000,223,,0.0,0,,RPSOMLSJJIOFFDA48CC
信義區,建物,臺北市信義區基隆路一段121~150號,0.0,商,,,1081025,土地0建物1車位0,三層,13,住宅大樓(11層含以上有電梯),見其他登記事項,鋼筋混凝土造,0950802,52.980000000000004,1,1,1,有,無,有,31000,585,,0.0,0,,RPUOMLSJJIOFFDA68CC
松山區,房地(土地+建物),臺北市松山區塔悠路31~60號,0.0,商,,,1081105,土地0建物1車位0,五層,5,公寓(5樓含以下無電梯),商業用,鋼筋混凝土造,0670327,109.34,3,2,2,有,無,無,21000,192,,0.0,0,,RPWOMLSJJIOFFDA88CC
南港區,建物,臺北市南港區忠孝東路六段481~510號,0.0,工,,,1081107,土地0建物0車位0,三層,4,套房(1房1廳1衛),工業用,鋼筋混凝土造,,33.54,1,0,1,有,無,有,12300,367,,0.0,0,此為分租套房，房號307，第三層共分成17間，一間平均面積約為33.54平方公尺,RPOPMLSJJIOFFDA18CC
中正區,建物,臺北市中正區新生南路一段1~30號,0.0,商,,,1080926,土地0建物1車位0,一層,14,店面(店鋪),商業用,鋼筋混凝土造,0741210,61.620000000000005,0,0,0,無,無,無,80000,1298,,0.0,0,,RPPNMLSJJIOFFBA87CC
中正區,建物,臺北市中正區中華路一段31~60號,0.0,商,,,1081008,土地0建物22車位16,見其他登記事項,14,辦公商業大樓,商業用,鋼筋混凝土造,0801029,6252.6,0,0,0,無,有,無,2500000,400,升降平面,0.0,0,"租賃層次：一層, 二層, 三層, 四層, 八層, 九層, 十層, 十一層, 十二層, 十三層, 十四層, 地下一層",RPUNMLSJJIOFFBA38CC
萬華區,房地(土地+建物),臺北市萬華區貴陽街二段31~60號,17.5,商,,,1081107,土地1建物1車位0,一層,19,辦公商業大樓,見其他登記事項,鋼筋混凝土造,1061127,108.54,0,0,0,無,有,無,55000,507,,0.0,0,本案件為部份承租，承租方承租範圍只限本棟建物一樓，每月管理費二仟元整，約定每月連同租金支付給屋主，由屋主代繳至管委會,RPXNMLSJJIOFFBA68CC
中正區,建物,臺北市中正區信義路二段241~270號,0.0,商,,,1081105,土地0建物1車位0,二層,14,住宅大樓(11層含以上有電梯),見其他登記事項,鋼骨鋼筋混凝土造,1070702,55.209999999999994,0,0,0,無,無,有,38000,688,,0.0,0,,RPQOMLSJJIOFFBA08CC
中正區,建物,臺北市中正區汀洲路二段271~300號,0.0,住,,,1081102,土地0建物1車位0,七層,10,華廈(10層含以下有電梯),見其他登記事項,鋼筋混凝土造,1051209,83.52000000000001,2,1,1,有,無,有,43000,515,,0.0,0,,RPUNMLSJJIOFFAA28CC
內湖區,建物,臺北市內湖區瑞光路583巷1~30號,0.0,工,,,1081009,土地0建物1車位2,三層,7,廠辦,工業用,鋼筋混凝土造,0861114,301.35,0,0,0,無,有,無,105000,348,坡道平面,71.79,0,,RPROMLSJJIOFFCA28CC
內湖區,建物,臺北市內湖區內湖路一段323巷4弄1~30號,0.0,商,,,1081019,土地0建物1車位0,五層,5,公寓(5樓含以下無電梯),住家用,鋼筋混凝土造,0670420,93.3,3,2,2,有,無,有,28000,300,,0.0,0,,RPWOMLSJJIOFFCA78CC
內湖區,建物,臺北市內湖區瑞湖街1~30號,0.0,工,,,1081106,土地0建物2車位5,六層,9,其他,見其他登記事項,鋼筋混凝土造,0960709,1242.72,0,0,0,無,有,無,450000,362,坡道平面,181.8,0,,RPQQMLSJJIOFFCA38CC
內湖區,建物,臺北市內湖區新湖一路91~120號,0.0,工,,,1081018,土地0建物1車位1,一層,7,廠辦,見其他登記事項,鋼筋混凝土造,1010105,327.64,0,0,0,無,有,無,113656,393,坡道平面,46.26,3000,,RPUQMLSJJIOFFCA78CC
中山區,建物,臺北市中山區林森北路571~600號,0.0,商,,,1081014,土地0建物1車位0,七層,13,住宅大樓(11層含以上有電梯),住家用,鋼筋混凝土造,1000726,88.99000000000001,2,2,1,有,有,有,63000,708,,0.0,0,,RPSRMLSJJIOFFCA68CC
中山區,建物,臺北市中山區林森北路361~390號,0.0,商,,,1081025,土地0建物1車位0,十三層,18,住宅大樓(11層含以上有電梯),商業用,鋼筋混凝土造,0980916,144.09,2,2,2,有,有,有,80000,555,,0.0,0,,RPURMLSJJIOFFCA88CC
北投區,建物,臺北市北投區大業路421~450號,0.0,住,,,1081106,土地0建物1車位0,三層,4,公寓(5樓含以下無電梯),住家用,鋼筋混凝土造,0630602,86.93,3,2,1,有,無,有,18000,207,,0.0,0,台北市都發局社會住宅包租代管計畫,RPQOMLSJJIOFFEA38CC
北投區,房地(土地+建物),臺北市北投區裕民二路61~90號,60.8,商,,,1080815,土地1建物1車位0,四層,19,住宅大樓(11層含以上有電梯),見其他登記事項,鋼筋混凝土造,1021108,104.72999999999999,2,1,1,有,無,有,50000,477,,0.0,0,,RPQPMLSJJIOFFEA48CC
士林區,建物,臺北市士林區中山北路六段728巷9弄1~30號,0.0,住,,,1081106,土地0建物1車位0,一層,5,公寓(5樓含以下無電梯),住家用,鋼筋混凝土造,0730104,119.37,3,2,2,有,有,無,37000,310,,0.0,0,,RPRPMLSJJIOFFEA58CC
大安區,建物,臺北市大安區信義路三段151~180號,0.0,商,,,1081106,土地0建物1車位0,十一層,14,住宅大樓(11層含以上有電梯),住家用,鋼筋混凝土造,0970903,38.980000000000004,1,0,1,有,無,有,25000,641,,0.0,0,,RPQNMLSJJIOFFFA38CC
大安區,建物,臺北市大安區瑞安街208巷35弄1~30號,0.0,住,,,1081101,土地0建物1車位0,四層,5,公寓(5樓含以下無電梯),住家用,鋼筋混凝土造,0820611,58.300000000000004,1,1,1,有,無,有,23000,395,,0.0,0,,RPRNMLSJJIOFFFA48CC
大安區,建物,臺北市大安區安和路一段61~90號,0.0,其他,,,1081102,土地0建物1車位0,二層,12,住宅大樓(11層含以上有電梯),住家用,鋼筋混凝土造,0731220,192.28,4,2,2,有,無,有,95000,494,,0.0,0,,RPSNMLSJJIOFFFA58CC
大安區,建物,臺北市大安區光復南路421~450號,46.84,商,,,1081105,土地0建物1車位0,十層,12,住宅大樓(11層含以上有電梯),商業用,鋼筋混凝土造,0740107,147.87,4,2,2,有,有,無,50000,338,,0.0,0,,RPUNMLSJJIOFFFA78CC
