編號,土地區段位置,土地移轉面積平方公尺,使用分區或編定
The serial number,land sector position,land shifting area square meter,the use zoning or compiles and checks
RPQNMLOJKHMFFBJ08CA,隘興段,20.15,都市：住
RPPNMLKKKHMFFBJ67CA,台科段,18.01,都市：住
RPUOMLTJKHMFFBJ09CA,隘興段,32.60,都市：住
RPSNMLMKKHMFFBJ18CA,永興段,62.76,都市：住
RPPNMLMKKHMFFBJ87CA,莊敬段,23.13,都市：商
RPQNMLMKKHMFFBJ97CA,莊敬段,8.98,都市：商
RPTRMLNKKHMFFBJ78CA,公園段,30.32,都市：住
RPOOMLSJKHMFFBJ38CA,縣福段,46.34,都市：住
RPPOMLSJKHMFFBJ48CA,縣福段,46.34,都市：住
RPXNMLSJKHMFFBJ56CA,縣福段,46.34,都市：住
RPSNMLNJKHMFFCJ28CA,濫子段薯園小段,1010.00,非都市：山坡地保育區 ; 非都市編定：林業用地
RPOQMLNJKHMFFCJ18CA,上德段,373.90,都市：住
RPSNMLSJKHMFFCJ78CA,竹林段,2978.00,非都市：山坡地保育區 ; 非都市編定：農牧用地
RPSNMLSJKHMFFCJ78CA,竹林段,67.00,非都市：山坡地保育區 ; 非都市編定：交通用地
RPQNMLNKKHMFFCJ18CA,竹林段,4118.00,非都市：山坡地保育區 ; 非都市編定：林業用地
RPQNMLNKKHMFFCJ18CA,竹林段,37.00,非都市：山坡地保育區 ; 非都市編定：林業用地
RPVOMLRJKHMFFCJ09CA,東寧段,18.31,都市：其他
RPVOMLRJKHMFFCJ09CA,東寧段,.80,都市：住
RPVOMLRJKHMFFCJ09CA,東寧段,1.24,都市：住
RPVOMLRJKHMFFCJ09CA,東寧段,21.00,都市：住
RPVOMLRJKHMFFCJ09CA,東寧段,93.00,都市：住
RPVOMLRJKHMFFCJ09CA,東寧段,10.75,都市：住
RPVOMLRJKHMFFCJ09CA,東寧段,1.43,都市：其他
RPVOMLRJKHMFFCJ09CA,東寧段,.01,都市：住
RPVOMLRJKHMFFCJ09CA,東寧段,1.01,都市：住
RPQNMLLKKHMFFCJ97CA,明湖段,18.84,都市：住
RPOOMLMJLHMFFBJ87CA,永興段,31.41,都市：商
RPTNMLKKKHMFFCJ18CA,竹東段番社子小段,22.85,都市：住
RPQOMLQKKHMFFCJ58CA,旭光段,.43,都市：其他
RPOOMLQKKHMFFCJ38CA,旭光段,.46,都市：其他
RPOOMLQKKHMFFCJ38CA,旭光段,27.73,都市：其他
RPQOMLQKKHMFFCJ58CA,旭光段,26.02,都市：其他
RPTOMLQKKHMFFCJ88CA,旭光段,.55,都市：其他
RPTOMLQKKHMFFCJ88CA,旭光段,33.15,都市：其他
RPUOMLQKKHMFFCJ98CA,旭光段,.38,都市：其他
RPUOMLQKKHMFFCJ98CA,旭光段,22.93,都市：其他
RPVOMLQKKHMFFCJ09CA,旭光段,.52,都市：其他
RPVOMLQKKHMFFCJ09CA,旭光段,31.76,都市：其他
RPSOMLQKKHMFFCJ78CA,旭光段,.46,都市：其他
RPSOMLQKKHMFFCJ78CA,旭光段,27.73,都市：其他
RPROMLQKKHMFFCJ68CA,旭光段,.43,都市：其他
RPROMLQKKHMFFCJ68CA,旭光段,26.02,都市：其他
RPPOMLQKKHMFFCJ48CA,旭光段,.53,都市：其他
RPPOMLQKKHMFFCJ48CA,旭光段,31.91,都市：其他
RPWOMLQKKHMFFCJ56CA,旭光段,.46,都市：其他
RPWOMLQKKHMFFCJ56CA,旭光段,27.73,都市：其他
RPXOMLQKKHMFFCJ66CA,旭光段,.46,都市：其他
RPXOMLQKKHMFFCJ66CA,旭光段,27.57,都市：其他
RPOPMLQKKHMFFCJ48CA,旭光段,.46,都市：其他
RPOPMLQKKHMFFCJ48CA,旭光段,27.73,都市：其他
RPPPMLQKKHMFFCJ58CA,旭光段,.46,都市：其他
RPPPMLQKKHMFFCJ58CA,旭光段,27.73,都市：其他
RPQNMLQJKHMFFDJ48CA,福陽段,26.95,非都市：一般農業區 ; 非都市編定：甲種建築用地
RPPNMLTKKHMFFDJ78CA,建興段鳳凰小段,5.55,非都市：工業區 ; 非都市編定：丁種建築用地
RPOOMLQJKHMFFDJ38CA,中興段中興小段,23.14,非都市：工業區 ; 非都市編定：丁種建築用地
RPQNMLRJKHMFFDJ58CA,長嶺段,61.00,非都市：特定農業區 ; 非都市編定：甲種建築用地
RPQNMLRJKHMFFDJ58CA,長嶺段,7.17,非都市：特定農業區 ; 非都市編定：甲種建築用地
RPVNMLOKKHMFFDJ88CA,青埔子段,1598.00,非都市：特定農業區 ; 非都市編定：農牧用地
RPUNMLQJKHMFFDJ88CA,員興段,70.48,非都市：一般農業區 ; 非都市編定：甲種建築用地
RPPNMLQJKHMFFDJ38CA,泰豐段,18.37,都市：住
RPPNMLQJKHMFFDJ38CA,泰豐段,61.76,都市：住
RPTNMLNLKHMFFDJ68CA,永寧段,70.46,非都市：特定農業區 ; 非都市編定：甲種建築用地
RPTNMLNLKHMFFDJ68CA,永寧段,11.99,非都市：特定農業區 ; 非都市編定：甲種建築用地
RPTNMLNLKHMFFDJ68CA,永寧段,1.46,非都市：特定農業區 ; 非都市編定：甲種建築用地
RPXNMLPKKHMFFCJ09CA,東寧段,21.01,都市：商
RPUOMLQJKHMFFBJ88DA,上寮段,393.08,非都市：山坡地保育區 ; 非都市編定：農牧用地
RPUPMLQJKHMFFBJ98DA,關農段,42.39,都市：住
RPRNMLSJKHMFFDJ78CA,湖南段,15.15,非都市：特定農業區 ; 非都市編定：甲種建築用地
RPUNMLKKKHMFFCJ28CA,東寧段,53.00,都市：住
RPUNMLKKKHMFFCJ28CA,東寧段,24.56,都市：住
RPUNMLKKKHMFFCJ28CA,東寧段,1.33,都市：住
RPTNMLTJKHMFFDJ09CA,中興段中興小段,99.00,非都市：工業區 ; 非都市編定：丁種建築用地
RPRNMLTKKHMFFBJ78CA,永興段,5.31,都市：商
RPRNMLPJKHMFFBJ28CA,隘興段,20.07,都市：住
RPXNMLTJKHMFFBJ66CA,湖肚段,107.18,都市：農
RPWNMLOKKHMFFBJ78CA,下寮段,68.27,非都市：山坡地保育區 ; 非都市編定：農牧用地
RPWNMLOKKHMFFBJ78CA,下寮段,15.37,非都市：山坡地保育區 ; 非都市編定：丙種建築用地
RPWNMLOKKHMFFBJ78CA,下寮段,242.68,非都市：山坡地保育區 ; 非都市編定：丙種建築用地
RPWNMLOKKHMFFBJ78CA,下寮段,25.46,非都市：山坡地保育區 ; 非都市編定：丙種建築用地
RPSOMLTJKHMFFBJ88CA,縣華段,140.00,都市：住
RPWOMLQJKHMFFBJ98CA,台科段,31.90,都市：住
RPWNMLTJKHMFFBJ56CA,東興段,20.37,都市：住
RPTNMLLJLHMFFCJ28CA,新城段新城小段,3342.00,非都市：山坡地保育區 ; 非都市編定：農牧用地
RPRNMLLJLHMFFCJ08CA,新城段新城小段,3343.00,非都市：山坡地保育區 ; 非都市編定：農牧用地
RPSNMLLJLHMFFCJ18CA,新城段新城小段,3342.00,非都市：山坡地保育區 ; 非都市編定：農牧用地
RPUNMLSJKHMFFBJ88CA,東華段,18.20,都市：住
RPVNMLSJKHMFFBJ98CA,豆子埔段,11.60,都市：商
RPROMLSJKHMFFBJ68CA,台科段,64.05,都市：住
RPTOMLSJKHMFFBJ88CA,台科段,20.23,都市：商
RPPOMLRJKHMFFBJ38CA,家興段,28.59,都市：住
RPUNMLTJKHMFFBJ98CA,上南片段南片小段,2878.00,非都市：山坡地保育區 ; 非都市編定：農牧用地
RPVNMLTJKHMFFBJ09CA,上南片段南片小段,271.50,非都市：山坡地保育區 ; 非都市編定：林業用地
RPWPMLQJKHMFFBJ09CA,上橫坑段,1411.00,非都市：山坡地保育區 ; 非都市編定：丙種建築用地
RPXPMLQJKHMFFBJ56CA,家興段,26.96,都市：住
RPOQMLQJKHMFFBJ38CA,永興段,30.67,都市：商
RPSNMLSJKHMFFBJ68CA,台科段,64.05,都市：住
RPXRMLKKKHMFFBJ88CA,莊敬段,8.33,都市：商
RPPOMLKKKHMFFBJ77CA,莊敬段,26.87,都市：商
RPOSMLKKKHMFFBJ08CA,莊敬段,7.86,都市：商
RPVRMLKKKHMFFBJ68CA,莊敬段,8.41,都市：商
RPSNMLNKKHMFFBJ28CA,莊敬段,13.00,都市：商
RPOOMLNKKHMFFBJ97CA,莊敬段,7.86,都市：商
RPWNMLNKKHMFFBJ68CA,莊敬段,7.58,都市：商
RPRNMLNKKHMFFBJ18CA,莊敬段,8.21,都市：商
RPUNMLNKKHMFFBJ48CA,莊敬段,7.86,都市：商
SPWNMLNKKHMFFBJ78CA,莊敬段,7.58,都市：商
RPQNMLNKKHMFFBJ08CA,莊敬段,8.21,都市：商
RPXNMLNKKHMFFBJ78CA,莊敬段,10.06,都市：商
RPQOMLNKKHMFFBJ18CA,莊敬段,13.16,都市：商
RPVNMLNKKHMFFBJ58CA,莊敬段,8.41,都市：商
RPUOMLKKKHMFFBJ28CA,仰德段,112.54,非都市：鄉村區 ; 非都市編定：乙種建築用地
RPUPMLKKKHMFFBJ38CA,莊敬段,7.58,都市：商
RPPPMLKKKHMFFBJ87CA,莊敬段,7.46,都市：商
RPXOMLKKKHMFFBJ58CA,莊敬段,8.09,都市：商
RPRPMLKKKHMFFBJ08CA,莊敬段,7.94,都市：商
RPXPMLKKKHMFFBJ68CA,莊敬段,13.00,都市：商
RPTPMLKKKHMFFBJ28CA,莊敬段,8.21,都市：商
RPOQMLKKKHMFFBJ87CA,莊敬段,7.86,都市：商
RPQQMLKKKHMFFBJ08CA,莊敬段,7.58,都市：商
RPVOMLKKKHMFFBJ38CA,莊敬段,7.94,都市：商
RPRQMLKKKHMFFBJ18CA,莊敬段,7.86,都市：商
RPPRMLKKKHMFFBJ08CA,莊敬段,13.00,都市：商
RPSRMLKKKHMFFBJ38CA,莊敬段,8.41,都市：商
RPWQMLKKKHMFFBJ68CA,莊敬段,13.16,都市：商
RPTQMLKKKHMFFBJ38CA,莊敬段,7.58,都市：商
RPUQMLKKKHMFFBJ48CA,莊敬段,7.58,都市：商
RPORMLKKKHMFFBJ97CA,莊敬段,8.21,都市：商
RPVQMLKKKHMFFBJ58CA,莊敬段,8.41,都市：商
RPXQMLKKKHMFFBJ78CA,莊敬段,8.21,都市：商
RPRRMLNKKHMFFBJ58CA,中興段,40.01,都市：住
RPQRMLNKKHMFFBJ48CA,莊敬段,10.21,都市：商
RPSOMLOKKHMFFBJ48CA,莊敬段,26.36,都市：商
RPTOMLOKKHMFFBJ58CA,莊敬段,7.94,都市：商
RPWOMLNKKHMFFBJ78CA,莊敬段,7.86,都市：商
SPUOMLNKKHMFFBJ68CA,莊敬段,13.00,都市：商
RPUOMLNKKHMFFBJ58CA,莊敬段,13.00,都市：商
RPVPMLNKKHMFFBJ78CA,莊敬段,8.41,都市：商
RPUPMLNKKHMFFBJ68CA,莊敬段,7.86,都市：商
RPXOMLNKKHMFFBJ88CA,莊敬段,8.41,都市：商
RPOQMLNKKHMFFBJ18CA,莊敬段,7.86,都市：商
RPTQMLNKKHMFFBJ68CA,莊敬段,8.21,都市：商
RPRPMLNKKHMFFBJ38CA,莊敬段,8.41,都市：商
RPSPMLNKKHMFFBJ48CA,莊敬段,8.41,都市：商
RPQPMLNKKHMFFBJ28CA,莊敬段,7.86,都市：商
RPOPMLNKKHMFFBJ08CA,莊敬段,7.86,都市：商
RPQQMLNKKHMFFBJ38CA,莊敬段,13.16,都市：商
RPUQMLNKKHMFFBJ78CA,莊敬段,7.86,都市：商
RPVQMLNKKHMFFBJ88CA,莊敬段,7.58,都市：商
RPWQMLNKKHMFFBJ98CA,莊敬段,7.86,都市：商
RPVOMLLLKHMFFBJ58CA,莊敬段,12.69,都市：商
SPUOMLLLKHMFFBJ58CA,莊敬段,12.69,都市：商
RPUOMLLLKHMFFBJ48CA,莊敬段,8.09,都市：商
RPTOMLLLKHMFFBJ38CA,莊敬段,13.16,都市：商
RPPNMLTJKHMFFCJ58CA,王爺坑段,21581.00,非都市：山坡地保育區 ; 非都市編定：農牧用地
RPPNMLTJKHMFFCJ58CA,王爺坑段,2328.00,非都市：山坡地保育區 ; 非都市編定：農牧用地
RPPNMLTJKHMFFCJ58CA,王爺坑段,2556.00,非都市：山坡地保育區 ; 非都市編定：林業用地
RPVOMLSKKHMFFBJ56CA,莊敬段,8.33,都市：商
RPRNMLQKKHMFFBJ48CA,莊敬段,8.41,都市：商
RPPOMLTJKHMFFCJ68CA,志學段,14.87,都市：住
RPPOMLTJKHMFFCJ68CA,志學段,.23,都市：住
RPPOMLTJKHMFFCJ68CA,志學段,.29,都市：住
RPPOMLTJKHMFFCJ68CA,志學段,.13,都市：住
RPVNMLTJKHMFFCJ56CA,東寧段,21.83,都市：商
RPQOMLTJKHMFFCJ78CA,重光段,17.02,都市：住
RPQOMLTJKHMFFCJ78CA,重光段,2.28,都市：住
RPQOMLTJKHMFFCJ78CA,重光段,60.49,都市：住
RPQOMLTJKHMFFCJ78CA,重光段,.00,都市：住
RPQOMLTJKHMFFCJ78CA,重光段,1.05,都市：住
RPQOMLTJKHMFFCJ78CA,重光段,1.59,都市：住
RPQOMLTJKHMFFCJ78CA,重光段,4.48,都市：住
RPQOMLTJKHMFFCJ78CA,重光段,.95,都市：商
RPQOMLTJKHMFFCJ78CA,重光段,27.68,都市：商
RPPQMLQKKHMFFBJ58CA,翰林段,41.25,都市：住
RPWNMLTJKHMFFCJ66CA,油林段,11.91,都市：住
RPWNMLTJKHMFFCJ66CA,油林段,62.00,都市：住
RPWNMLTJKHMFFCJ66CA,油林段,11.14,都市：住
RPWNMLTJKHMFFCJ66CA,油林段,10.26,都市：住
RPSOMLRJKHMFFCJ78CA,東寧段,15.37,都市：商
RPROMLRJKHMFFCJ68CA,東寧段,15.37,都市：商
RPVNMLQJKHMFFDJ98CA,中興段中興小段,83.00,非都市：工業區 ; 非都市編定：丁種建築用地
RPQNMLTJKHMFFDJ78CA,東湖段,8.75,都市：住
RPRNMLTJKHMFFDJ88CA,湖南段,807.00,非都市：特定農業區 ; 非都市編定：甲種建築用地
RPPNMLTJKHMFFDJ68CA,中崙段,29.77,非都市：特定農業區 ; 非都市編定：甲種建築用地
RPVNMLTJKHMFFDJ66CA,福興段後湖子小段,3012.00,非都市：特定農業區 ; 非都市編定：農牧用地
RPUNMLTJKHMFFDJ56CA,福興段後湖子小段,2502.00,非都市：特定農業區 ; 非都市編定：農牧用地
RPTNMLKLKHMFFCJ28CA,梅林段,800.00,非都市：山坡地保育區 ; 非都市編定：農牧用地
RPPNMLSJKHMFFDJ58CA,吉祥段,115.51,非都市：鄉村區 ; 非都市編定：乙種建築用地
RPQNMLMJLHMFFCJ08CA,重光段,.03,都市：住
RPQNMLMJLHMFFCJ08CA,重光段,1.93,都市：住
RPQNMLMJLHMFFCJ08CA,重光段,.00,都市：住
RPQNMLMJLHMFFCJ08CA,重光段,.01,都市：住
RPQNMLMJLHMFFCJ08CA,重光段,75.73,都市：住
RPQNMLMJLHMFFCJ08CA,重光段,3.58,都市：住
RPQNMLMJLHMFFCJ08CA,重光段,.00,都市：商
RPTOMLLLKHMFFCJ48CA,竹東段竹東小段,15.09,都市：住
RPQNMLNKKHMFFDJ28CA,中義段,81.53,都市：住
RPQNMLNKKHMFFDJ28CA,中義段,16.16,都市：住
RPPNMLTJKHMFFBJ58DA,東豐段,2500.01,非都市：山坡地保育區 ; 非都市編定：農牧用地
RPPNMLTJKHMFFBJ58DA,東豐段,52.81,非都市：山坡地保育區 ; 非都市編定：農牧用地
RPPNMLTJKHMFFBJ58DA,東豐段,114.84,非都市：山坡地保育區 ; 非都市編定：農牧用地
RPRNMLKKKHMFFDJ08CA,八德段,950.60,非都市：山坡地保育區 ; 非都市編定：農牧用地
RPRNMLKKKHMFFDJ08CA,八德段,950.62,非都市：山坡地保育區 ; 非都市編定：農牧用地
RPRNMLKKKHMFFDJ08CA,八德段,950.59,非都市：山坡地保育區 ; 非都市編定：農牧用地
RPRNMLKKKHMFFDJ08CA,八德段,147.47,非都市：山坡地保育區 ; 非都市編定：農牧用地
RPRNMLKKKHMFFDJ08CA,八德段,2501.00,非都市：山坡地保育區 ; 非都市編定：農牧用地
RPVNMLSJKHMFFDJ56CA,汶山段,21.78,非都市：鄉村區 ; 非都市編定：乙種建築用地
RPOOMLLLKHMFFCJ97CA,石井段石井小段,4177.00,非都市：山坡地保育區 ; 非都市編定：農牧用地
RPPOMLTJKHMFFDJ78CA,福陽段,133.64,非都市：鄉村區 ; 非都市編定：乙種建築用地
RPPOMLTJKHMFFDJ78CA,福陽段,5.30,非都市：鄉村區 ; 非都市編定：乙種建築用地
RPWNMLSJKHMFFDJ66CA,中興段復興小段,22.99,非都市：工業區 ; 非都市編定：丁種建築用地
RPWOMLTJKHMFFBJ66CA,竹北段,96.71,非都市：鄉村區 ; 非都市編定：乙種建築用地
RPRQMLNKKHMFFBJ48CA,府前段,16.36,都市：住
RPPPMLNKKHMFFBJ18CA,府前段,70.25,都市：其他
RPRNMLSJKHMFFCJ68CA,志學段,22.91,都市：其他
RPRNMLSJKHMFFCJ68CA,志學段,.18,都市：其他
RPRNMLSJKHMFFCJ68CA,志學段,.01,都市：其他
RPORMLNKKHMFFBJ28CA,翰林段,28.87,都市：住
RPTPMLNKKHMFFBJ58CA,縣福段,6.83,都市：商
RPQNMLKKKHMFFDJ97CA,八德段,2501.00,非都市：山坡地保育區 ; 非都市編定：農牧用地
RPSPMLSJKHMFFBJ88CA,永興段,12.18,都市：住
RPSOMLSJKHMFFBJ78CA,豆子埔段,86.00,都市：住
RPQOMLTJKHMFFBJ68CA,大學段,.75,都市：住
RPOOMLTJKHMFFBJ48CA,大學段,4.42,都市：商
RPPNMLNLKHMFFDJ28CA,和興段,1512.00,非都市：特定農業區 ; 非都市編定：農牧用地
RPQPMLSJKHMFFBJ68CA,縣福段,11.54,都市：住
RPRNMLRJKHMFFBJ48CA,家興段,26.67,都市：住
RPTOMLKLKHMFFBJ28CA,華城段,165.30,非都市：山坡地保育區 ; 非都市編定：農牧用地
RPSQMLKKKHMFFBJ28CA,正義段,10.47,都市：商
RPSQMLKKKHMFFBJ28CA,正義段,183.87,都市：商
RPSQMLKKKHMFFBJ28CA,正義段,16.50,都市：其他
RPSQMLKKKHMFFBJ28CA,正義段,4.62,都市：商
RPTRMLKKKHMFFBJ48CA,自強段,41.88,都市：商
RPVOMLTJKHMFFBJ56CA,莊敬段,33.14,都市：住
RPVNMLKKKHMFFBJ28CA,永興段,12.77,都市：住
RPWNMLKKKHMFFBJ38CA,國義段,22.13,都市：住
RPQOMLKKKHMFFBJ87CA,台科段,53.84,都市：住
RPSOMLPKKHMFFBJ58CA,自強段,60.02,都市：住
RPTOMLTJKHMFFBJ98CA,隘興段,20.90,都市：住
RPTOMLNKKHMFFBJ48CA,莊敬段,3.58,都市：住
RPROMLNKKHMFFBJ28CA,石光段,434.62,非都市：特定農業區 ; 非都市編定：農牧用地
RPROMLNKKHMFFBJ28CA,石光段,34.62,非都市：特定農業區 ; 非都市編定：農牧用地
RPROMLNKKHMFFBJ28CA,石光段,369.13,非都市：特定農業區 ; 非都市編定：農牧用地
RPROMLNKKHMFFBJ28CA,石光段,1960.69,非都市：特定農業區 ; 非都市編定：農牧用地
RPWRMLKKKHMFFBJ78CA,自強段,50.17,都市：商
RPROMLOKKHMFFBJ38CA,隘興段,34.70,都市：住
RPWRMLNKKHMFFBJ09CA,大學段,13.69,都市：住
RPTPMLRKKHMFFBJ98CA,公園段,62.21,都市：住
RPTPMLRKKHMFFBJ98CA,公園段,6.35,都市：住
RPQPMLRKKHMFFBJ68CA,縣華段,.15,都市：住
RPQPMLRKKHMFFBJ68CA,縣華段,60.52,都市：住
RPQPMLRKKHMFFBJ68CA,縣華段,21.28,都市：住
RPPNMLNKKHMFFBJ97CA,新庄子段,1680.00,非都市：特定農業區 ; 非都市編定：農牧用地
RPWNMLKLKHMFFBJ48CA,自強段,23.35,都市：商
RPOOMLTJKHMFFCJ58CA,竹東段番社子小段,5.01,都市：住
RPOPMLQJLHMFFBJ38CA,成功段,18.88,都市：商
RPSNMLQJLHMFFBJ58CA,成功段,18.88,都市：商
RPROMLLJLHMFFBJ08CA,豆子埔段,34.05,都市：住
RPSNMLTJKHMFFCJ88CA,油林段,14.32,都市：住
RPSNMLTJKHMFFCJ88CA,油林段,59.00,都市：住
RPSNMLTJKHMFFCJ88CA,油林段,13.39,都市：住
RPSNMLTJKHMFFCJ88CA,油林段,12.33,都市：住
RPTNMLLJLHMFFBJ18CA,東興段,21.02,都市：住
RPPNMLPKKHMFFCJ28CA,明湖段,28.98,都市：住
RPQNMLPKKHMFFCJ38CA,明湖段,28.98,都市：住
RPWQMLRJLHMFFBJ76CA,成功段,18.61,都市：商
RPQOMLRJLHMFFBJ58CA,成功段,18.88,都市：商
RPOOMLRJLHMFFBJ38CA,成功段,18.61,都市：商
RPWNMLRJLHMFFBJ09CA,成功段,18.10,都市：商
RPTQMLRJLHMFFBJ09CA,成功段,18.61,都市：商
RPUPMLQKKHMFFCJ09CA,明湖段,29.84,都市：住
RPSQMLQKKHMFFCJ98CA,明湖段,49.10,非都市：山坡地保育區 ; 非都市編定：丙種建築用地
RPVOMLMLKHMFFCJ88DA,橫貴段,9649.40,非都市：特定農業區 ; 非都市編定：特定目的事業用地
RPRNMLKKKHMFFCJ97CA,油林段,12.59,都市：住
RPRNMLKKKHMFFCJ97CA,油林段,63.00,都市：住
RPRNMLKKKHMFFCJ97CA,油林段,11.78,都市：住
RPRNMLKKKHMFFCJ97CA,油林段,10.84,都市：住
RPWNMLRJLHMFFCJ56CA,志學段,20.52,都市：住
RPWNMLRJLHMFFCJ56CA,志學段,1.03,都市：住
RPSNMLOKKHMFFDJ58CA,榮豐段,31.97,都市：住
RPQNMLTKKHMFFDJ88CA,後湖段埔頂小段,2309.00,非都市：特定農業區 ; 非都市編定：農牧用地
RPWNMLTJKHMFFDJ76CA,豐褔段,7653.93,非都市：特定農業區 ; 非都市編定：農牧用地
RPQOMLTJKHMFFDJ88CA,北湖段,41.80,都市：其他
RPXNMLTJKHMFFDJ86CA,中興段復興小段,22.62,非都市：工業區 ; 非都市編定：丁種建築用地
RPOOMLTJKHMFFDJ68CA,福陽段,27.22,非都市：一般農業區 ; 非都市編定：甲種建築用地
RPQNMLOKKHMFFDJ38CA,中興段中興小段,27.81,非都市：工業區 ; 非都市編定：丁種建築用地
RPQNMLPKKHMFFDJ48CA,光華段,8.85,都市：其他
RPPNMLKKKHMFFDJ87CA,汶山段,60.27,非都市：鄉村區 ; 非都市編定：乙種建築用地
RPQNMLRKKHMFFDJ68CA,振興段,25.64,都市：住
RPQNMLRJLHMFFDJ68CA,吉祥段,45.21,非都市：鄉村區 ; 非都市編定：乙種建築用地
RPPNMLLLKHMFFDJ08CA,後湖段埔頂小段,33.40,非都市：特定農業區 ; 非都市編定：甲種建築用地
RPPNMLLLKHMFFDJ08CA,後湖段埔頂小段,160.00,非都市：特定農業區 ; 非都市編定：甲種建築用地
RPPOMLKLKHMFFDJ08CA,建興段鳳凰小段,12.69,非都市：工業區 ; 非都市編定：丁種建築用地
RPRNMLOLKHMFFDJ58CA,吉祥段,62.20,非都市：一般農業區 ; 非都市編定：甲種建築用地
RPTNMLMLKHMFFDJ58CA,振興段,20.77,都市：住
RPUNMLMLKHMFFDJ68CA,中興段復興小段,83.00,非都市：工業區 ; 非都市編定：丁種建築用地
RPXNMLKKLHMFFDJ88DA,永安段,43.46,非都市：鄉村區 ; 非都市編定：乙種建築用地
RPSNMLMJLHMFFDJ38CA,長嶺段,23.45,非都市：特定農業區 ; 非都市編定：甲種建築用地
RPSNMLMJLHMFFDJ38CA,長嶺段,2.83,非都市：特定農業區 ; 非都市編定：甲種建築用地
RPTNMLMJLHMFFDJ48CA,長嶺段,21.70,非都市：特定農業區 ; 非都市編定：甲種建築用地
RPTNMLMJLHMFFDJ48CA,長嶺段,2.58,非都市：特定農業區 ; 非都市編定：甲種建築用地
RPQOMLMJLHMFFDJ28CA,長嶺段,21.68,非都市：特定農業區 ; 非都市編定：甲種建築用地
RPQOMLMJLHMFFDJ28CA,長嶺段,2.58,非都市：特定農業區 ; 非都市編定：甲種建築用地
RPRNMLSJLHMFFDJ88CA,中湖段,44.00,都市：其他
RPROMLMJLHMFFDJ38CA,長嶺段,31.78,非都市：特定農業區 ; 非都市編定：甲種建築用地
RPROMLMJLHMFFDJ38CA,長嶺段,3.79,非都市：特定農業區 ; 非都市編定：甲種建築用地
RPUNMLOKKHMFFDJ88DA,德興段,17.25,都市：住
RPUOMLLJLHMFFBJ48DA,竹仁段,19.17,都市：住
RPRNMLMJLHMFFCJ18CA,油羅段,400.00,非都市： ; 非都市編定：
RPVPMLQKKHMFFCJ56CA,明湖段,29.67,都市：住
RPWPMLQKKHMFFCJ66CA,明湖段,29.58,都市：住
RPXPMLQKKHMFFCJ76CA,明湖段,28.98,都市：住
RPRNMLRJLHMFFCJ68CA,楓橋段,108.00,非都市：山坡地保育區 ; 非都市編定：農牧用地
RPRNMLRJLHMFFCJ68CA,楓橋段,632.32,非都市：山坡地保育區 ; 非都市編定：農牧用地
RPRNMLRJLHMFFCJ68CA,楓橋段,140.25,非都市：山坡地保育區 ; 非都市編定：林業用地
RPRNMLRJLHMFFCJ68CA,楓橋段,240.41,非都市：山坡地保育區 ; 非都市編定：林業用地
RPRNMLRJLHMFFCJ68CA,大壢段下大壢小段,1974.60,非都市：山坡地保育區 ; 非都市編定：林業用地
RPRNMLRJLHMFFCJ68CA,大壢段下大壢小段,53.85,非都市：山坡地保育區 ; 非都市編定：農牧用地
RPRNMLRJLHMFFCJ68CA,大壢段下大壢小段,138.15,非都市：山坡地保育區 ; 非都市編定：林業用地
RPRNMLRJLHMFFCJ68CA,大壢段下大壢小段,1012.05,非都市：山坡地保育區 ; 非都市編定：農牧用地
RPRNMLRJLHMFFCJ68CA,大壢段下大壢小段,703.50,非都市：山坡地保育區 ; 非都市編定：林業用地
RPRNMLRJLHMFFCJ68CA,大壢段下大壢小段,2251.95,非都市：山坡地保育區 ; 非都市編定：農牧用地
RPRNMLRJLHMFFCJ68CA,大壢段下大壢小段,75.60,非都市：山坡地保育區 ; 非都市編定：農牧用地
RPRNMLRJLHMFFCJ68CA,大壢段下大壢小段,3473.25,非都市：山坡地保育區 ; 非都市編定：暫未編定
RPRNMLRJLHMFFCJ68CA,大壢段下大壢小段,155.70,非都市：山坡地保育區 ; 非都市編定：農牧用地
RPRNMLRJLHMFFCJ68CA,楓橋段,67.53,非都市：山坡地保育區 ; 非都市編定：林業用地
RPRNMLRJLHMFFCJ68CA,楓橋段,78.23,非都市：山坡地保育區 ; 非都市編定：農牧用地
RPRNMLRJLHMFFCJ68CA,楓橋段,11.84,非都市：山坡地保育區 ; 非都市編定：水利用地
RPRNMLRJLHMFFCJ68CA,楓橋段,1066.35,非都市：山坡地保育區 ; 非都市編定：林業用地
RPRNMLRJLHMFFCJ68CA,楓橋段,1746.01,非都市：山坡地保育區 ; 非都市編定：林業用地
RPRNMLRJLHMFFCJ68CA,楓橋段,204.78,非都市：山坡地保育區 ; 非都市編定：農牧用地
RPRNMLRJLHMFFCJ68CA,楓橋段,3273.65,非都市：山坡地保育區 ; 非都市編定：暫未編定
RPRNMLRJLHMFFCJ68CA,楓橋段,219.57,非都市：山坡地保育區 ; 非都市編定：農牧用地
RPRNMLRJLHMFFCJ68CA,楓橋段,866.44,非都市：山坡地保育區 ; 非都市編定：農牧用地
RPRNMLRJLHMFFCJ68CA,楓橋段,562.65,非都市：山坡地保育區 ; 非都市編定：林業用地
RPRNMLRJLHMFFCJ68CA,楓橋段,653.44,非都市：山坡地保育區 ; 非都市編定：農牧用地
RPRNMLRJLHMFFCJ68CA,楓橋段,62.61,非都市：山坡地保育區 ; 非都市編定：丙種建築用地
RPRNMLRJLHMFFCJ68CA,楓橋段,1533.21,非都市：山坡地保育區 ; 非都市編定：林業用地
RPRNMLRJLHMFFCJ68CA,楓橋段,2064.44,非都市：山坡地保育區 ; 非都市編定：林業用地
RPRNMLRJLHMFFCJ68CA,楓橋段,105.29,非都市：山坡地保育區 ; 非都市編定：水利用地
RPRNMLRJLHMFFCJ68CA,楓橋段,105.87,非都市：山坡地保育區 ; 非都市編定：水利用地
RPRNMLRJLHMFFCJ68CA,楓橋段,29.56,非都市：山坡地保育區 ; 非都市編定：農牧用地
RPRNMLRJLHMFFCJ68CA,楓橋段,41.67,非都市：山坡地保育區 ; 非都市編定：林業用地
RPRNMLRJLHMFFCJ68CA,楓橋段,163.31,非都市：山坡地保育區 ; 非都市編定：農牧用地
RPRNMLRJLHMFFCJ68CA,楓橋段,98.95,非都市：山坡地保育區 ; 非都市編定：丙種建築用地
RPRNMLRJLHMFFCJ68CA,楓橋段,99.19,非都市：山坡地保育區 ; 非都市編定：農牧用地
RPRNMLRJLHMFFCJ68CA,楓橋段,1505.19,非都市：山坡地保育區 ; 非都市編定：林業用地
RPRNMLRJLHMFFCJ68CA,楓橋段,64.18,非都市：山坡地保育區 ; 非都市編定：農牧用地
RPRNMLRJLHMFFCJ68CA,楓橋段,97.26,非都市：山坡地保育區 ; 非都市編定：林業用地
RPRNMLRJLHMFFCJ68CA,楓橋段,13.52,非都市：山坡地保育區 ; 非都市編定：農牧用地
RPRNMLRJLHMFFCJ68CA,楓橋段,128.73,非都市：山坡地保育區 ; 非都市編定：農牧用地
RPRNMLRJLHMFFCJ68CA,楓橋段,35.72,非都市：山坡地保育區 ; 非都市編定：農牧用地
RPRNMLRJLHMFFCJ68CA,楓橋段,13.14,非都市：山坡地保育區 ; 非都市編定：農牧用地
RPRNMLRJLHMFFCJ68CA,楓橋段,207.35,非都市：山坡地保育區 ; 非都市編定：丙種建築用地
RPRNMLRJLHMFFCJ68CA,楓橋段,129.00,非都市：山坡地保育區 ; 非都市編定：農牧用地
RPRNMLRJLHMFFCJ68CA,楓橋段,597.06,非都市：山坡地保育區 ; 非都市編定：農牧用地
RPRNMLRJLHMFFCJ68CA,楓橋段,118.83,非都市：山坡地保育區 ; 非都市編定：農牧用地
RPRNMLRJLHMFFCJ68CA,楓橋段,72.92,非都市：山坡地保育區 ; 非都市編定：農牧用地
RPRNMLRJLHMFFCJ68CA,楓橋段,2522.69,非都市：山坡地保育區 ; 非都市編定：林業用地
RPRNMLRJLHMFFCJ68CA,楓橋段,151.86,非都市：山坡地保育區 ; 非都市編定：農牧用地
RPRNMLRJLHMFFCJ68CA,楓橋段,23.92,非都市：山坡地保育區 ; 非都市編定：農牧用地
RPRNMLRJLHMFFCJ68CA,楓橋段,432.96,非都市：山坡地保育區 ; 非都市編定：林業用地
RPSNMLSJLHMFFDJ98CA,南湖段,252.60,都市：其他
RPQOMLSJLHMFFDJ88CA,建興段鳳凰小段,20.98,非都市：工業區 ; 非都市編定：丁種建築用地
RPPQMLQKKHMFFCJ68CA,明湖段,31.62,都市：住
RPOQMLQKKHMFFCJ58CA,明湖段,30.36,都市：住
RPQQMLQKKHMFFCJ78CA,明湖段,40.81,都市：住
RPPNMLRKKHMFFCJ48CA,東寧段,85.00,都市：住
RPRQMLQKKHMFFCJ88CA,明湖段,40.64,都市：住
RPUNMLOKKHMFFCJ68CA,油林段,22.05,都市：住
RPUNMLOKKHMFFCJ68CA,油林段,46.00,都市：住
RPUNMLOKKHMFFCJ68CA,油林段,.20,都市：住
RPQOMLQJLHMFFBJ48CA,竹北段,32.78,非都市：鄉村區 ; 非都市編定：乙種建築用地
RPQOMLQJLHMFFBJ48CA,竹北段,52.43,非都市：鄉村區 ; 非都市編定：乙種建築用地
RPSQMLNKKHMFFBJ58CA,正義段,19.13,都市：住
RPSQMLNKKHMFFBJ58CA,正義段,2.20,都市：住
RPSQMLNKKHMFFBJ58CA,正義段,2.25,都市：住
RPSQMLNKKHMFFBJ58CA,正義段,1.65,都市：住
RPSQMLNKKHMFFBJ58CA,正義段,1.50,都市：住
RPSQMLNKKHMFFBJ58CA,正義段,1.38,都市：住
RPSPMLKKKHMFFBJ18CA,水車頭段,392.88,非都市：特定農業區 ; 非都市編定：農牧用地
RPVOMLOLKHMFFCJ98CA,義興段義興小段,80.00,非都市：山坡地保育區 ; 非都市編定：農牧用地
RPVOMLOLKHMFFCJ98CA,義興段義興小段,90.00,非都市：山坡地保育區 ; 非都市編定：交通用地
RPVOMLOLKHMFFCJ98CA,義興段義興小段,60.00,非都市：山坡地保育區 ; 非都市編定：農牧用地
RPPSMLKKKHMFFBJ18CA,翰林段,9.14,都市：住
RPXNMLKKKHMFFBJ48CA,省道段,63.70,都市：住
RPXNMLKKKHMFFBJ48CA,省道段,40.19,都市：住
RPSRMLNKKHMFFBJ68CA,台科段,1.06,都市：商
RPPOMLKLKHMFFBJ87CA,家興段,73.89,都市：住
RPROMLKKKHMFFBJ97CA,福德段,6.21,都市：住
RPROMLKKKHMFFBJ97CA,福德段,145.32,都市：住
RPOSMLNKKHMFFBJ38CA,溝貝段,59.00,非都市：特定農業區 ; 非都市編定：甲種建築用地
RPOSMLNKKHMFFBJ38CA,溝貝段,36.40,非都市：特定農業區 ; 非都市編定：甲種建築用地
RPSNMLMJLHMFFBJ18CA,家興段,26.83,都市：住
RPQNMLPKKHMFFBJ28CA,台元段,153.92,都市：工
RPSNMLPKKHMFFBJ48CA,台元段,355.29,都市：工
RPPNMLPKKHMFFBJ18CA,台科段,31.41,都市：住
RPWNMLKKKHMFFCJ48CA,東寧段,81.00,都市：住
RPTNMLPKKHMFFBJ58CA,台元段,1221.26,都市：工
RPWPMLQKKHMFFBJ56CA,社南段,139.77,都市：住
RPSNMLRKKHMFFCJ78CA,四重段,13.50,非都市：特定農業區 ; 非都市編定：甲種建築用地
RPSNMLRKKHMFFCJ78CA,四重段,16.64,非都市：特定農業區 ; 非都市編定：甲種建築用地
RPSNMLRKKHMFFCJ78CA,四重段,14.06,非都市：特定農業區 ; 非都市編定：甲種建築用地
RPSNMLRKKHMFFCJ78CA,四重段,72.98,非都市：特定農業區 ; 非都市編定：甲種建築用地
RPPNMLKLKHMFFBJ77CA,站後段,89.95,都市：商
RPWOMLMLKHMFFCJ88CA,洽水段,324.15,非都市：山坡地保育區 ; 非都市編定：丙種建築用地
RPTOMLTJLHMFFBJ09CA,永興段,40.96,都市：住
RPTNMLTJLHMFFBJ98CA,永興段,35.77,都市：住
RPQOMLKLKHMFFCJ08CA,國王段,58.06,非都市：特定農業區 ; 非都市編定：丁種建築用地
RPQOMLKLKHMFFCJ08CA,國王段,2.10,非都市：特定農業區 ; 非都市編定：丁種建築用地
RPQOMLKLKHMFFCJ08CA,國王段,7.31,非都市：特定農業區 ; 非都市編定：甲種建築用地
RPUOMLMLKHMFFCJ68CA,中坑段,1530.91,非都市：山坡地保育區 ; 非都市編定：農牧用地
RPUOMLMLKHMFFCJ68CA,中坑段,1378.93,非都市：山坡地保育區 ; 非都市編定：丙種建築用地
RPUOMLMLKHMFFCJ68CA,中坑段,107.78,非都市：山坡地保育區 ; 非都市編定：農牧用地
RPUOMLMLKHMFFCJ68CA,中坑段,89.56,非都市：山坡地保育區 ; 非都市編定：農牧用地
RPUOMLMLKHMFFCJ68CA,中坑段,133.70,非都市：山坡地保育區 ; 非都市編定：交通用地
RPXOMLLLKHMFFCJ88CA,二坪段,.18,非都市：山坡地保育區 ; 非都市編定：國土保安用地
RPXOMLLLKHMFFCJ88CA,二坪段,.18,非都市：山坡地保育區 ; 非都市編定：國土保安用地
RPXOMLLLKHMFFCJ88CA,二坪段,7.81,非都市：山坡地保育區 ; 非都市編定：國土保安用地
RPXOMLLLKHMFFCJ88CA,二坪段,247.93,非都市：山坡地保育區 ; 非都市編定：丙種建築用地
RPXOMLLLKHMFFCJ88CA,二坪段,.21,非都市：山坡地保育區 ; 非都市編定：國土保安用地
RPXOMLLLKHMFFCJ88CA,二坪段,.92,非都市：山坡地保育區 ; 非都市編定：國土保安用地
RPXOMLLLKHMFFCJ88CA,二坪段,.53,非都市：山坡地保育區 ; 非都市編定：國土保安用地
RPXOMLLLKHMFFCJ88CA,二坪段,.38,非都市：山坡地保育區 ; 非都市編定：國土保安用地
RPXOMLLLKHMFFCJ88CA,二坪段,.32,非都市：山坡地保育區 ; 非都市編定：國土保安用地
RPXOMLLLKHMFFCJ88CA,二坪段,.09,非都市：山坡地保育區 ; 非都市編定：國土保安用地
RPXOMLLLKHMFFCJ88CA,二坪段,.10,非都市：山坡地保育區 ; 非都市編定：國土保安用地
RPXOMLLLKHMFFCJ88CA,二坪段,8.38,非都市：山坡地保育區 ; 非都市編定：丙種建築用地
RPXOMLLLKHMFFCJ88CA,二坪段,1.66,非都市：山坡地保育區 ; 非都市編定：交通用地
RPXOMLLLKHMFFCJ88CA,二坪段,15.53,非都市：山坡地保育區 ; 非都市編定：國土保安用地
RPXOMLLLKHMFFCJ88CA,二坪段,6.18,非都市：山坡地保育區 ; 非都市編定：國土保安用地
RPXOMLLLKHMFFCJ88CA,二坪段,.10,非都市：山坡地保育區 ; 非都市編定：國土保安用地
RPXOMLLLKHMFFCJ88CA,二坪段,.27,非都市：山坡地保育區 ; 非都市編定：交通用地
RPXOMLLLKHMFFCJ88CA,二坪段,16.65,非都市：山坡地保育區 ; 非都市編定：丙種建築用地
RPXOMLLLKHMFFCJ88CA,二坪段,.18,非都市：山坡地保育區 ; 非都市編定：國土保安用地
RPXOMLLLKHMFFCJ88CA,二坪段,.50,非都市：山坡地保育區 ; 非都市編定：國土保安用地
RPXOMLLLKHMFFCJ88CA,二坪段,2.23,非都市：山坡地保育區 ; 非都市編定：國土保安用地
RPXOMLLLKHMFFCJ88CA,二坪段,223.39,非都市：山坡地保育區 ; 非都市編定：國土保安用地
RPXOMLLLKHMFFCJ88CA,二坪段,1.29,非都市：山坡地保育區 ; 非都市編定：國土保安用地
RPQNMLQKKHMFFBJ48DA,東安段,79.10,都市：住
RPPNMLQKKHMFFBJ38DA,東安段,79.10,都市：住
RPQNMLPLKHMFFBJ38CA,豆子埔段,38.96,都市：住
RPXNMLNLKHMFFBJ88CA,自強段,27.96,都市：住
RPQNMLOLKHMFFDJ48CA,中興段中興小段,25.00,非都市：工業區 ; 非都市編定：丁種建築用地
RPOOMLNLKHMFFBJ08CA,自強段,35.85,都市：住
RPUNMLMJLHMFFDJ58CA,員山段,36.73,非都市：特定農業區 ; 非都市編定：農牧用地
RPUNMLMJLHMFFDJ58CA,員山段,7.30,非都市：特定農業區 ; 非都市編定：甲種建築用地
RPUNMLMJLHMFFDJ58CA,員山段,51.00,非都市：特定農業區 ; 非都市編定：甲種建築用地
RPUNMLMJLHMFFDJ58CA,員山段,4.30,非都市：特定農業區 ; 非都市編定：甲種建築用地
RPSNMLKLKHMFFCJ18CA,義興段義興小段,829.00,非都市：山坡地保育區 ; 非都市編定：農牧用地
RPPNMLQKKHMFFDJ48CA,湖鏡段,9.56,都市：住
RPVNMLOLKHMFFDJ98CA,建興段鳳凰小段,10.83,非都市：工業區 ; 非都市編定：丁種建築用地
RPQNMLMJLHMFFDJ18CA,員山段,36.73,非都市：特定農業區 ; 非都市編定：農牧用地
RPQNMLMJLHMFFDJ18CA,員山段,60.00,非都市：特定農業區 ; 非都市編定：甲種建築用地
RPQNMLMJLHMFFDJ18CA,員山段,7.30,非都市：特定農業區 ; 非都市編定：甲種建築用地
RPQNMLMJLHMFFDJ18CA,員山段,4.30,非都市：特定農業區 ; 非都市編定：甲種建築用地
RPRNMLMJLHMFFDJ28CA,員山段,36.73,非都市：特定農業區 ; 非都市編定：農牧用地
RPRNMLMJLHMFFDJ28CA,員山段,7.30,非都市：特定農業區 ; 非都市編定：甲種建築用地
RPRNMLMJLHMFFDJ28CA,員山段,57.00,非都市：特定農業區 ; 非都市編定：甲種建築用地
RPRNMLMJLHMFFDJ28CA,員山段,4.30,非都市：特定農業區 ; 非都市編定：甲種建築用地
RPSNMLRKKHMFFDJ88CA,崁頭段,31.43,非都市：特定農業區 ; 非都市編定：甲種建築用地
RPPNMLMJLHMFFDJ08CA,忠信段,7.76,都市：住
RPPNMLMJLHMFFDJ08CA,忠信段,67.53,都市：住
RPQNMLQKKHMFFDJ58CA,光華段,11.73,都市：住
RPTNMLSKKHMFFDJ56DA,興湖段,2.84,都市：住
RPVNMLLJLHMFFDJ58CA,後湖段埔和小段,169.00,非都市：特定農業區 ; 非都市編定：甲種建築用地
RPPNMLPKKHMFFDJ38CA,長威段,65.76,非都市：鄉村區 ; 非都市編定：乙種建築用地
RPPNMLPKKHMFFDJ38CA,長威段,15.49,非都市：鄉村區 ; 非都市編定：乙種建築用地
RPWNMLTJLHMFFCJ76CA,新樂段水田小段,1492.00,非都市：山坡地保育區 ; 非都市編定：農牧用地
RPTNMLLLKHMFFDJ48CA,中興段復興小段,8.80,非都市：工業區 ; 非都市編定：丁種建築用地
RPTNMLLLKHMFFDJ48CA,中興段復興小段,8.80,非都市：工業區 ; 非都市編定：丁種建築用地
RPTNMLNKKHMFFCJ48CA,豐鄉段,793.88,非都市：山坡地保育區 ; 非都市編定：林業用地
RPTNMLNKKHMFFCJ48CA,豐鄉段,143.92,非都市：山坡地保育區 ; 非都市編定：農牧用地
RPOOMLPKKHMFFCJ28CA,綠獅段,89.83,非都市：鄉村區 ; 非都市編定：乙種建築用地
RPWNMLOKKHMFFCJ88CA,軟橋段,21.13,非都市：鄉村區 ; 非都市編定：乙種建築用地
RPWNMLOKKHMFFCJ88CA,軟橋段,82.11,非都市：鄉村區 ; 非都市編定：乙種建築用地
RPWNMLOKKHMFFCJ88CA,軟橋段,33.20,非都市：鄉村區 ; 非都市編定：乙種建築用地
RPRNMLPKKHMFFCJ48CA,志學段,8.86,都市：住
RPRNMLPKKHMFFCJ48CA,志學段,.15,都市：住
RPRNMLOKKHMFFBJ28CA,老社寮段,2432.00,非都市：山坡地保育區 ; 非都市編定：農牧用地
RPRNMLOKKHMFFBJ28CA,下寮段,39.01,非都市：山坡地保育區 ; 非都市編定：農牧用地
RPRNMLOKKHMFFBJ28CA,下寮段,243.12,非都市：山坡地保育區 ; 非都市編定：農牧用地
RPTNMLOKKHMFFBJ48CA,大學段,37.02,都市：住
RPROMLPKKHMFFBJ48CA,世興段,13.94,都市：商
RPPOMLPKKHMFFBJ28CA,三崁店段三崁店小段,35.74,非都市：特定農業區 ; 非都市編定：甲種建築用地
RPXNMLSJLHMFFBJ66CA,新庄子段,2630.00,非都市：特定農業區 ; 非都市編定：農牧用地
RPUNMLQKKHMFFBJ78CA,自強段,52.85,都市：住
RPTNMLQKKHMFFBJ68CA,自強段,50.00,都市：住
RPSNMLQKKHMFFBJ58CA,自強段,47.14,都市：住
RPXOMLNJLHMFFBJ88CA,新國段,21.94,都市：住
RPWNMLQKKHMFFBJ98CA,自強段,46.85,都市：住
RPVNMLQKKHMFFBJ88CA,自強段,41.71,都市：住
RPQOMLQKKHMFFBJ48CA,自強段,42.00,都市：住
RPROMLQKKHMFFBJ58CA,自強段,50.00,都市：住
RPSOMLQKKHMFFBJ68CA,自強段,49.71,都市：住
RPTOMLQKKHMFFBJ78CA,自強段,42.00,都市：住
RPUOMLQKKHMFFBJ88CA,自強段,50.00,都市：住
RPOOMLQKKHMFFBJ28CA,自強段,50.00,都市：住
RPVOMLQKKHMFFBJ98CA,自強段,49.71,都市：住
RPWOMLQKKHMFFBJ09CA,自強段,42.00,都市：住
RPRPMLQKKHMFFBJ68CA,自強段,46.85,都市：住
RPXNMLPKLHMFFCJ56CA,員崠段,92.63,非都市：山坡地保育區 ; 非都市編定：農牧用地
RPXNMLPKLHMFFCJ56CA,員崠段,106.84,非都市：山坡地保育區 ; 非都市編定：水利用地
RPQOMLRKKHMFFBJ58CA,自強段,62.57,都市：住
RPSRMLKKLHMFFCJ58CA,八十分段,626.65,非都市：山坡地保育區 ; 非都市編定：農牧用地
RPSRMLKKLHMFFCJ58CA,八十分段,448.37,非都市：山坡地保育區 ; 非都市編定：農牧用地
RPSRMLKKLHMFFCJ58CA,八十分段,431.81,非都市：山坡地保育區 ; 非都市編定：農牧用地
RPWNMLRKKHMFFBJ09CA,隘興段,25.31,都市：住
RPOOMLRKKHMFFBJ38CA,自強段,49.71,都市：住
RPPOMLRKKHMFFBJ48CA,自強段,42.00,都市：住
RPXNMLRKKHMFFBJ56CA,自強段,50.28,都市：住
RPTNMLOKKHMFFDJ68CA,濱海段,550.02,非都市：一般農業區 ; 非都市編定：農牧用地
RPRNMLQKKHMFFCJ58CA,花園段,1389.00,非都市： ; 非都市編定：
RPSNMLSKKHMFFDJ98CA,中興段復興小段,28.33,非都市：工業區 ; 非都市編定：丁種建築用地
RPSPMLQKKHMFFCJ09EA,富貴段,88.12,都市：商
RPVNMLRJLHMFFCJ09CA,洽水段,15.38,非都市：山坡地保育區 ; 非都市編定：丙種建築用地
RPVNMLRJLHMFFCJ09CA,洽水段,52.68,非都市：山坡地保育區 ; 非都市編定：丙種建築用地
RPXNMLNKLHMFFCJ98CA,雞油凸段八分寮小段,36.42,非都市：山坡地保育區 ; 非都市編定：丙種建築用地
RPXNMLNKLHMFFCJ98CA,雞油凸段八分寮小段,358.00,非都市：山坡地保育區 ; 非都市編定：丙種建築用地
RPXNMLNKLHMFFCJ98CA,雞油凸段八分寮小段,156.00,非都市：山坡地保育區 ; 非都市編定：丙種建築用地
RPXNMLNKLHMFFCJ98CA,雞油凸段八分寮小段,1350.00,非都市：山坡地保育區 ; 非都市編定：林業用地
RPUNMLNKLHMFFCJ68CA,竹東段竹東小段,7.55,都市：住
RPUNMLNKLHMFFCJ68CA,竹東段竹東小段,2.17,都市：住
RPUNMLNKLHMFFCJ68CA,竹東段竹東小段,14.70,都市：住
RPXNMLLJLHMFFCJ68CA,鹿寮坑段,11615.00,非都市：山坡地保育區 ; 非都市編定：農牧用地
RPTNMLNKLHMFFCJ58CA,橫華段,22.29,都市：住
RPTNMLNKLHMFFCJ58CA,橫華段,57.65,都市：住
RPRNMLNKLHMFFCJ38CA,東寧段,16.26,都市：住
RPRNMLLLKHMFFCJ18CA,東寧段,16.35,都市：商
RPTNMLLLKHMFFCJ38CA,東寧段,22.57,都市：商
RPROMLLLKHMFFCJ28CA,東寧段,52.00,都市：住
RPROMLLLKHMFFCJ28CA,東寧段,17.19,都市：住
RPUNMLLLKHMFFCJ48CA,東寧段,27.68,都市：商
RPWOMLOKLHMFFCJ09CA,峨眉段峨眉小段,315.00,非都市：山坡地保育區 ; 非都市編定：丙種建築用地
RPWOMLOKLHMFFCJ09CA,峨眉段峨眉小段,605.50,非都市：山坡地保育區 ; 非都市編定：丙種建築用地
RPWOMLOKLHMFFCJ09CA,峨眉段峨眉小段,19.33,非都市：山坡地保育區 ; 非都市編定：丙種建築用地
RPROMLSJLHMFFDJ98CA,中興段中興小段,19.68,非都市：工業區 ; 非都市編定：丁種建築用地
RPQNMLQKKHMFFCJ48CA,大坪段外大坪小段,1443.00,非都市：山坡地保育區 ; 非都市編定：林業用地
RPTNMLQJLHMFFCJ78CA,新庄段,102.08,非都市：鄉村區 ; 非都市編定：乙種建築用地
RPWOMLQKLHMFFCJ66CA,志學段,34.25,都市：住
RPWOMLQKLHMFFCJ66CA,志學段,.35,都市：住
RPSNMLRKKHMFFBJ68CA,寶鎮段,689.52,非都市：特定農業區 ; 非都市編定：農牧用地
RPSNMLQKKHMFFCJ68CA,梅林段,4510.00,非都市：山坡地保育區 ; 非都市編定：農牧用地
RPSNMLQKKHMFFCJ68CA,梅林段,2500.00,非都市：山坡地保育區 ; 非都市編定：農牧用地
RPSNMLQKKHMFFCJ68CA,梅林段,3000.00,非都市：山坡地保育區 ; 非都市編定：農牧用地
RPSNMLQKKHMFFCJ68CA,梅林段,570.00,非都市：山坡地保育區 ; 非都市編定：農牧用地
RPSNMLQKKHMFFCJ68CA,梅林段,11800.00,非都市：山坡地保育區 ; 非都市編定：林業用地
RPSNMLQKKHMFFCJ68CA,梅林段,690.00,非都市：山坡地保育區 ; 非都市編定：農牧用地
RPQPMLQKKHMFFCJ68CA,五指山段,.68,非都市：山坡地保育區 ; 非都市編定：林業用地
RPQPMLQKKHMFFCJ68CA,五指山段,10.50,非都市：山坡地保育區 ; 非都市編定：林業用地
RPQPMLQKKHMFFCJ68CA,五指山段,47.10,非都市：山坡地保育區 ; 非都市編定：農牧用地
RPQPMLQKKHMFFCJ68CA,五指山段,44.52,非都市：山坡地保育區 ; 非都市編定：農牧用地
RPQPMLQKKHMFFCJ68CA,五指山段,2513.37,非都市：山坡地保育區 ; 非都市編定：農牧用地
RPSPMLQKKHMFFBJ78CA,文化段,21.10,都市：商
RPQQMLQKKHMFFBJ68CA,家興段,40.63,都市：住
RPTQMLQKKHMFFBJ98CA,公園段,71.97,都市：住
RPSQMLQKKHMFFBJ88CA,家興段,31.81,都市：住
RPRQMLQKKHMFFBJ78CA,家興段,39.96,都市：住
RPTNMLRKKHMFFBJ78CA,大學段,19.92,都市：商
RPUNMLRKKHMFFBJ88CA,縣愛段,242.89,都市：住
RPSOMLRKKHMFFBJ78CA,東華段,23.10,都市：住
RPPNMLMJLHMFFBJ87CA,翰林段,26.12,都市：住
RPSNMLKLKHMFFBJ08CA,台科段,65.32,都市：住
RPXNMLKLKHMFFBJ58CA,自強段,29.89,都市：商
RPQNMLLLKHMFFBJ97CA,翰林段,12.58,都市：商
RPSOMLNLKHMFFBJ48CA,泰陽段,48.48,都市：住
RPSOMLNLKHMFFBJ48CA,泰陽段,48.83,都市：住
RPSOMLNLKHMFFBJ48CA,泰陽段,49.20,都市：住
RPTOMLMLKHMFFCJ58CA,東寧段,21.83,都市：商
RPRNMLKLKHMFFBJ97CA,內立段,2600.00,非都市：山坡地保育區 ; 非都市編定：農牧用地
RPRNMLKLKHMFFBJ97CA,內立段,41.67,非都市：山坡地保育區 ; 非都市編定：農牧用地
RPUOMLKLKHMFFBJ38CA,永興段,41.91,都市：住
RPWNMLPKKHMFFBJ88CA,站後段,13.94,都市：商
RPXNMLPKKHMFFBJ98CA,翰林段,9.64,都市：住
RPXNMLQKKHMFFBJ09CA,隘興段,32.60,都市：住
RPRPMLRKKHMFFBJ78CA,家興段,10.22,都市：住
RPPOMLQKKHMFFBJ38CA,莊敬段,25.62,都市：住
RPQRMLMLKHMFFBJ48CA,自強段,26.59,都市：住
RPOVNLMLKHMFFBJ78CA,家興段,76.44,都市：住
RPRNMLSKKHMFFBJ68CA,莊敬段,8.21,都市：商
RPPOMLSKKHMFFBJ58CA,莊敬段,7.58,都市：商
RPSOMLSKKHMFFBJ88CA,翰林段,27.76,都市：住
RPQNMLOLKHMFFBJ28CA,竹仁段,25.97,都市：住
RPSNMLSKKHMFFBJ78CA,莊敬段,7.58,都市：商
RPUNMLSKKHMFFBJ98CA,莊敬段,10.21,都市：商
RPVNMLSKKHMFFBJ09CA,莊敬段,7.58,都市：商
RPQNMLSKKHMFFBJ58CA,莊敬段,8.09,都市：商
RPOUMLMLKHMFFBJ58CA,竹北段,123.68,非都市：鄉村區 ; 非都市編定：乙種建築用地
RPWNMLSKKHMFFBJ56CA,莊敬段,7.58,都市：商
RPWOMLLLKHMFFBJ68CA,正義段,3.05,都市：住
RPXNMLSKKHMFFBJ66CA,莊敬段,8.21,都市：商
RPUNMLMJLHMFFBJ38CA,社北段,127.24,都市：住
RPPOMLLJLHMFFBJ87CA,國義段,261.32,都市：住
RPQNMLRKKHMFFBJ48CA,竹北段,105.65,非都市：鄉村區 ; 非都市編定：乙種建築用地
RPSPMLLJLHMFFBJ28CA,永興段,46.03,都市：住
RPVNMLQJLHMFFBJ88CA,華興段,18.54,都市：住
RPVNMLQJLHMFFBJ88CA,華興段,1.27,都市：住
RPVNMLQJLHMFFBJ88CA,華興段,.17,都市：住
RPVNMLQJLHMFFBJ88CA,華興段,.54,都市：住
RPVNMLQJLHMFFBJ88CA,華興段,.29,都市：住
RPOOMLKLKHMFFCJ87CA,志學段,41.08,都市：住
RPUOMLRKKHMFFBJ98CA,仰德段,582.96,非都市：鄉村區 ; 非都市編定：乙種建築用地
RPOPMLRKKHMFFBJ48CA,下旱坑段,76.62,非都市：鄉村區 ; 非都市編定：乙種建築用地
RPOPMLRKKHMFFBJ48CA,下旱坑段,9.64,非都市：鄉村區 ; 非都市編定：交通用地
RPVOMLRKKHMFFBJ09CA,台科段,64.05,都市：住
RPPPMLRKKHMFFBJ58CA,縣福段,2.75,都市：商
RPPPMLRKKHMFFBJ58CA,縣福段,2.75,都市：商
RPXOMLRKKHMFFBJ66CA,永興段,6.33,都市：其他
RPTNMLNLKHMFFCJ58CA,東寧段,1.43,都市：其他
RPTNMLNLKHMFFCJ58CA,東寧段,.60,都市：住
RPTNMLNLKHMFFCJ58CA,東寧段,81.00,都市：住
RPTNMLNLKHMFFCJ58CA,東寧段,1.01,都市：住
RPTNMLNLKHMFFCJ58CA,東寧段,18.31,都市：其他
RPTNMLNLKHMFFCJ58CA,東寧段,34.40,都市：住
RPTNMLNLKHMFFCJ58CA,東寧段,1.24,都市：住
RPTNMLNLKHMFFCJ58CA,東寧段,.01,都市：住
RPPNMLRKKHMFFDJ58CA,德盛段,2600.00,非都市：特定農業區 ; 非都市編定：農牧用地
RPPNMLRKKHMFFBJ48DA,義民段,914.00,非都市：特定農業區 ; 非都市編定：農牧用地
RPRNMLRKKHMFFDJ78CA,汶山段,27.62,非都市：鄉村區 ; 非都市編定：乙種建築用地
RPSRMLSJLHMFFBJ56CA,縣福段,18.10,都市：商
RPROMLRKKHMFFBJ68CA,公園段,7.84,都市：住
RPWNMLMLKHMFFCJ78CA,旭光段,.48,都市：其他
RPWNMLMLKHMFFCJ78CA,旭光段,29.28,都市：其他
RPQNMLKLKHMFFDJ08CA,福陽段,101.08,非都市：鄉村區 ; 非都市編定：乙種建築用地
RPQNMLKLKHMFFDJ08CA,福陽段,21.14,非都市：鄉村區 ; 非都市編定：乙種建築用地
RPPOMLPKLHMFFCJ48CA,九讚頭段,6033.88,非都市：山坡地保育區 ; 非都市編定：林業用地
RPPNMLSKKHMFFDJ68CA,坑子口段,1667.00,非都市：特定農業區 ; 非都市編定：農牧用地
RPROMLOKLHMFFCJ58CA,竹東段竹東小段,62.00,都市：住
RPROMLPKLHMFFCJ68CA,敦睦段,48.17,都市：住
RPROMLPKLHMFFCJ68CA,敦睦段,8.33,都市：住
RPQOMLPKLHMFFCJ58CA,仁愛段,55.00,都市：住
RPVNMLQJLHMFFDJ09CA,中興段中興小段,99.00,非都市：工業區 ; 非都市編定：丁種建築用地
RPXNMLMJLHMFFDJ88CA,員山段,36.73,非都市：特定農業區 ; 非都市編定：農牧用地
RPXNMLMJLHMFFDJ88CA,員山段,7.30,非都市：特定農業區 ; 非都市編定：甲種建築用地
RPXNMLMJLHMFFDJ88CA,員山段,51.00,非都市：特定農業區 ; 非都市編定：甲種建築用地
RPXNMLMJLHMFFDJ88CA,員山段,4.30,非都市：特定農業區 ; 非都市編定：甲種建築用地
RPRNMLKLKHMFFDJ18CA,中興段復興小段,28.33,非都市：工業區 ; 非都市編定：丁種建築用地
RPWNMLLLKHMFFDJ78CA,大埔段,98.89,都市：住
RPQOMLKLKHMFFDJ18CA,中崙段,482.00,非都市：特定農業區 ; 非都市編定：農牧用地
RPRNMLKKLHMFFDJ28DA,光華段,647.79,都市：住
RPWNMLKLKHMFFDJ68CA,湖南段,153.50,非都市：特定農業區 ; 非都市編定：甲種建築用地
RPWNMLKLKHMFFDJ68CA,湖南段,153.50,非都市：特定農業區 ; 非都市編定：甲種建築用地
RPXNMLKLKHMFFDJ78CA,祥湖段,140.83,非都市：一般農業區 ; 非都市編定：甲種建築用地
RPPOMLQKLHMFFCJ58CA,富興段西河排小段,298.00,非都市：山坡地保育區 ; 非都市編定：農牧用地
RPPPMLQKLHMFFCJ68CA,燥樹排段,648.17,非都市：山坡地保育區 ; 非都市編定：農牧用地
RPXNMLLJLHMFFDJ78CA,福陽段,1156.72,非都市：鄉村區 ; 非都市編定：乙種建築用地
RPSOMLLLKHMFFCJ38CA,竹東段竹東小段,9.23,都市：住
RPSOMLLLKHMFFCJ38CA,竹東段竹東小段,2.66,都市：住
RPSOMLLLKHMFFCJ38CA,竹東段竹東小段,17.97,都市：住
RPQNMLRJLHMFFCJ58CA,玉峰段,1487.00,非都市：山坡地保育區 ; 非都市編定：農牧用地
RPQNMLRJLHMFFCJ58CA,玉峰段,1727.00,非都市：山坡地保育區 ; 非都市編定：農牧用地
RPQNMLRJLHMFFCJ58CA,玉峰段,88.00,非都市：山坡地保育區 ; 非都市編定：農牧用地
RPQNMLRJLHMFFCJ58CA,玉峰段,6490.00,非都市：山坡地保育區 ; 非都市編定：林業用地
RPWOMLLLKHMFFCJ78CA,王爺坑段,192.77,非都市：山坡地保育區 ; 非都市編定：交通用地
RPWOMLLLKHMFFCJ78CA,王爺坑段,68.23,非都市：山坡地保育區 ; 非都市編定：交通用地
RPWOMLLLKHMFFCJ78CA,王爺坑段,2598.00,非都市：山坡地保育區 ; 非都市編定：農牧用地
RPWOMLLLKHMFFCJ78CA,王爺坑段,428.00,非都市：山坡地保育區 ; 非都市編定：林業用地
RPWOMLLLKHMFFCJ78CA,王爺坑段,36.00,非都市：山坡地保育區 ; 非都市編定：交通用地
RPPSMLKKLHMFFCJ38CA,錦屏段,2480.00,非都市：山坡地保育區 ; 非都市編定：農牧用地
RPSNMLOKLHMFFCJ58CA,枋子坑段,3372.84,非都市：山坡地保育區 ; 非都市編定：農牧用地
RPQOMLOKLHMFFCJ58DA,雞油凸段雞油凸小段,611.50,非都市：山坡地保育區 ; 非都市編定：農牧用地
RPQOMLOKLHMFFCJ58DA,雞油凸段雞油凸小段,111.00,非都市：山坡地保育區 ; 非都市編定：水利用地
RPQOMLOKLHMFFCJ58DA,雞油凸段雞油凸小段,2459.00,非都市：山坡地保育區 ; 非都市編定：農牧用地
RPQOMLOKLHMFFCJ58DA,雞油凸段雞油凸小段,184.00,非都市：山坡地保育區 ; 非都市編定：水利用地
RPQOMLOKLHMFFCJ58DA,雞油凸段雞油凸小段,58.00,非都市：山坡地保育區 ; 非都市編定：丙種建築用地
RPQOMLOKLHMFFCJ58DA,雞油凸段雞油凸小段,397.50,非都市：山坡地保育區 ; 非都市編定：農牧用地
RPQOMLOKLHMFFCJ58DA,雞油凸段雞油凸小段,230.50,非都市：山坡地保育區 ; 非都市編定：農牧用地
RPQOMLOKLHMFFCJ58DA,雞油凸段雞油凸小段,174.50,非都市：山坡地保育區 ; 非都市編定：農牧用地
RPQOMLOKLHMFFCJ58DA,雞油凸段雞油凸小段,58.00,非都市：山坡地保育區 ; 非都市編定：水利用地
RPQOMLOKLHMFFCJ58DA,雞油凸段雞油凸小段,468.00,非都市：山坡地保育區 ; 非都市編定：農牧用地
RPQOMLOKLHMFFCJ58DA,雞油凸段雞油凸小段,87.50,非都市：山坡地保育區 ; 非都市編定：農牧用地
RPQOMLOKLHMFFCJ58DA,雞油凸段雞油凸小段,247.50,非都市：山坡地保育區 ; 非都市編定：丙種建築用地
RPQOMLOKLHMFFCJ58DA,雞油凸段雞油凸小段,315.00,非都市：山坡地保育區 ; 非都市編定：水利用地
RPQOMLOKLHMFFCJ58DA,雞油凸段雞油凸小段,22.00,非都市：山坡地保育區 ; 非都市編定：丙種建築用地
RPQOMLOKLHMFFCJ58DA,雞油凸段雞油凸小段,448.50,非都市：山坡地保育區 ; 非都市編定：農牧用地
RPQOMLOKLHMFFCJ58DA,雞油凸段雞油凸小段,70.50,非都市：山坡地保育區 ; 非都市編定：農牧用地
RPQOMLOKLHMFFCJ58DA,雞油凸段雞油凸小段,1127.50,非都市：山坡地保育區 ; 非都市編定：農牧用地
RPQOMLOKLHMFFCJ58DA,雞油凸段雞油凸小段,380.50,非都市：山坡地保育區 ; 非都市編定：農牧用地
RPQOMLOKLHMFFCJ58DA,雞油凸段雞油凸小段,10.50,非都市：山坡地保育區 ; 非都市編定：丙種建築用地
RPQOMLOKLHMFFCJ58DA,雞油凸段雞油凸小段,11.00,非都市：山坡地保育區 ; 非都市編定：交通用地
RPTNMLRKKHMFFCJ88CA,重光段,10.73,都市：住
RPSOMLMLKHMFFCJ48CA,旭光段,.02,都市：其他
RPSOMLMLKHMFFCJ48CA,旭光段,1.08,都市：其他
RPQOMLMLKHMFFCJ28CA,旭光段,.54,都市：其他
RPQOMLMLKHMFFCJ28CA,旭光段,32.84,都市：其他
RPOOMLMLKHMFFCJ08CA,旭光段,.48,都市：其他
RPOOMLMLKHMFFCJ08CA,旭光段,29.12,都市：其他
RPPOMLMLKHMFFCJ18CA,旭光段,.52,都市：其他
RPPOMLMLKHMFFCJ18CA,旭光段,31.45,都市：其他
RPROMLMLKHMFFCJ38CA,旭光段,.45,都市：其他
RPROMLMLKHMFFCJ38CA,旭光段,27.11,都市：其他
RPQPMLSJLHMFFBJ78CA,台元段,992.00,都市：工
RPQPMLSJLHMFFBJ78CA,台元段,.84,都市：工
RPQPMLSJLHMFFBJ78CA,台元段,14.22,都市：工
RPOOMLTJLHMFFBJ58CA,永興段,11.48,都市：住
RPWPMLRJLHMFFBJ66CA,莊敬段,15.33,都市：商
RPPOMLQJLHMFFBJ38CA,莊敬段,49.55,都市：住
RPUNMLLLKHMFFDJ58CA,後湖段埔和小段,372.00,非都市：特定農業區 ; 非都市編定：甲種建築用地
RPUNMLLLKHMFFDJ58CA,後湖段埔和小段,277.00,非都市：特定農業區 ; 非都市編定：甲種建築用地
RPUNMLLLKHMFFDJ58CA,後湖段埔和小段,252.00,非都市：特定農業區 ; 非都市編定：甲種建築用地
RPWOMLRJLHMFFBJ56CA,隘興段,19.94,都市：住
RPVNMLMLKHMFFDJ78CA,中興段復興小段,8.50,非都市：工業區 ; 非都市編定：丁種建築用地
RPVNMLMLKHMFFDJ78CA,中興段復興小段,8.30,非都市：工業區 ; 非都市編定：丁種建築用地
RPVNMLLJLHMFFBJ38CA,自強段,42.95,都市：住
RPSPMLRJLHMFFBJ88CA,莊敬段,19.28,都市：商
RPXNMLLJLHMFFBJ58CA,國義段,28.08,都市：住
RPOOMLLJLHMFFBJ77CA,莊敬段,25.82,都市：住
RPPPMLLJLHMFFBJ97CA,國義段,31.17,都市：住
RPWVMLMLKHMFFBJ86CA,坪林段,82.00,非都市：特定農業區 ; 非都市編定：甲種建築用地
RPWVMLMLKHMFFBJ86CA,坪林段,142.00,非都市：特定農業區 ; 非都市編定：甲種建築用地
RPRNNLMLKHMFFBJ28CA,大學段,19.86,都市：商
RPOOMLSKKHMFFBJ48CA,台科段,15.97,都市：商
RPWOMLSKKHMFFBJ66CA,隘興段,29.22,都市：住
RPUNMLKLKHMFFBJ28CA,照門段石門小段,344.24,非都市：山坡地保育區 ; 非都市編定：林業用地
RPUNMLKLKHMFFBJ28CA,照門段石門小段,1238.12,非都市：山坡地保育區 ; 非都市編定：林業用地
RPPNMLSKKHMFFBJ48CA,莊敬段,3.58,都市：住
RPTOMLSKKHMFFBJ98CA,東華段,63.17,非都市：鄉村區 ; 非都市編定：乙種建築用地
RPSOMLKLKHMFFBJ18CA,自強段,49.71,都市：住
RPQOMLKLKHMFFBJ97CA,水瀧段,17.28,都市：住
RPROMLKLKHMFFBJ08CA,隘興段,52.09,都市：住
RPTOMLNLKHMFFBJ58CA,大旱坑段大旱坑小段,2051.00,非都市：山坡地保育區 ; 非都市編定：農牧用地
RPTOMLNLKHMFFBJ58CA,大旱坑段大旱坑小段,6.00,非都市：山坡地保育區 ; 非都市編定：交通用地
RPTOMLNLKHMFFBJ58CA,大旱坑段大旱坑小段,41.14,非都市：山坡地保育區 ; 非都市編定：交通用地
RPUNMLLLKHMFFBJ38CA,隘興段,27.45,都市：住
RPOQMLPKLHMFFBJ48CA,成功段,15.60,都市：商
RPWPMLPKLHMFFBJ56CA,成功段,9.05,都市：商
RPWPMLPKLHMFFBJ56CA,成功段,9.05,都市：商
RPPOMLLLKHMFFBJ97CA,豆子埔段,24.74,都市：其他
RPPOMLLLKHMFFBJ97CA,豆子埔段,12.00,都市：住
RPPOMLLLKHMFFBJ97CA,豆子埔段,2.00,都市：住
RPOPMLOKLHMFFBJ28CA,東豐段,1161.18,都市：農
RPRPMLLJLHMFFBJ18CA,東興段,156.13,都市：住
RPQPMLOKLHMFFBJ48CA,成功段,18.10,都市：商
RPSPMLOKLHMFFBJ68CA,成功段,18.10,都市：商
RPUPMLOKLHMFFBJ88CA,成功段,15.30,都市：商
RPUNMLQJLHMFFBJ78CA,東華段,657.86,都市：工
RPVNMLLLKHMFFDJ68CA,中興段復興小段,165.00,非都市：工業區 ; 非都市編定：丁種建築用地
RPVNMLLLKHMFFDJ68CA,中興段復興小段,165.00,非都市：工業區 ; 非都市編定：丁種建築用地
RPXNMLPKLHMFFBJ09CA,巨埔段,47.05,非都市：一般農業區 ; 非都市編定：農牧用地
RPQPMLLLKHMFFCJ28CA,明湖段,64.13,都市：農
RPQPMLLLKHMFFCJ28CA,明湖段,2.70,都市：農
RPQPMLLLKHMFFCJ28CA,明湖段,51.42,都市：其他
RPQPMLLLKHMFFCJ28CA,明湖段,160.66,都市：工
RPQPMLLLKHMFFCJ28CA,明湖段,.62,都市：工
RPQPMLLLKHMFFCJ28CA,明湖段,40.89,都市：其他
RPQPMLLLKHMFFCJ28CA,明湖段,28.32,都市：農
RPQPMLLLKHMFFCJ28CA,明湖段,10.09,都市：工
RPQPMLLLKHMFFCJ28CA,明湖段,6.58,都市：工
RPQPMLLLKHMFFCJ28CA,明湖段,3.47,都市：其他
RPSNMLKLKHMFFDJ28CA,坪頂段,330.59,都市：其他
RPRNMLNLKHMFFCJ38CA,橫村段,104.36,非都市：特定農業區 ; 非都市編定：甲種建築用地
RPRNMLNLKHMFFCJ38CA,橫村段,101.35,非都市：特定農業區 ; 非都市編定：甲種建築用地
RPRNMLNLKHMFFCJ38CA,橫村段,100.08,非都市：特定農業區 ; 非都市編定：甲種建築用地
RPPNMLKLKHMFFDJ97CA,德興段,9.45,非都市：特定農業區 ; 非都市編定：甲種建築用地
RPPNMLKLKHMFFDJ97CA,德興段,133.04,非都市：特定農業區 ; 非都市編定：甲種建築用地
RPPNMLKLKHMFFDJ97CA,德興段,27.47,非都市：特定農業區 ; 非都市編定：甲種建築用地
RPQNMLMLKHMFFDJ28CA,南湖段,112.27,都市：其他
RPRNMLOKLHMFFBJ38CA,豆子埔段,101.00,都市：住
RPVOMLKLKHMFFBJ58DA,縣華段,5.31,都市：商
RPSNMLSJLHMFFCJ88CA,明湖段,28.21,都市：住
RPPNMLOLKHMFFDJ38CA,泰安段,5.56,都市：住
RPPNMLOLKHMFFDJ38CA,泰安段,8.90,都市：住
RPSNMLOLKHMFFDJ68CA,中興段復興小段,83.00,非都市：工業區 ; 非都市編定：丁種建築用地
RPTNMLOLKHMFFDJ78CA,湖新段,32.00,非都市：特定農業區 ; 非都市編定：甲種建築用地
RPTNMLOLKHMFFDJ78CA,湖新段,60.00,非都市：特定農業區 ; 非都市編定：甲種建築用地
RPQNMLNLKHMFFDJ38CA,中義段,18.22,都市：住
RPQNMLNLKHMFFDJ38CA,中義段,105.88,都市：住
RPPNMLLLKHMFFBJ97DA,錦山段,65.00,非都市：山坡地保育區 ; 非都市編定：林業用地
RPRNMLNLKHMFFDJ48CA,榮豐段,1.26,都市：住
RPRNMLNLKHMFFDJ48CA,榮豐段,34.80,都市：住
RPWNMLSJLHMFFCJ66CA,明湖段,28.21,都市：住
RPQNMLSJLHMFFCJ68CA,明湖段,28.21,都市：住
RPSNMLNLKHMFFBJ48DA,公園段,44.93,都市：住
RPUNMLSJLHMFFCJ09CA,明湖段,28.21,都市：住
RPQPMLQKLHMFFCJ78CA,新庄段,628.01,非都市：特定農業區 ; 非都市編定：交通用地
RPQPMLQKLHMFFCJ78CA,新庄段,2074.82,非都市：特定農業區 ; 非都市編定：農牧用地
RPWNMLLJLHMFFCJ78EA,重光段,15.01,都市：住
RPSNMLLLKHMFFDJ38CA,汶山段,24.95,非都市：鄉村區 ; 非都市編定：乙種建築用地
RPRNMLLLKHMFFDJ28CA,長威段,.05,非都市：鄉村區 ; 非都市編定：乙種建築用地
RPRNMLLLKHMFFDJ28CA,長威段,.05,非都市：鄉村區 ; 非都市編定：乙種建築用地
RPRNMLLLKHMFFDJ28CA,長威段,20.15,非都市：鄉村區 ; 非都市編定：乙種建築用地
RPRNMLLLKHMFFDJ28CA,長威段,53.47,非都市：鄉村區 ; 非都市編定：乙種建築用地
RPRNMLLLKHMFFDJ28CA,長威段,.15,非都市：鄉村區 ; 非都市編定：乙種建築用地
RPOOMLSJLHMFFCJ58CA,明湖段,28.21,都市：住
RPROMLSJLHMFFCJ88CA,明湖段,28.76,都市：住
RPVOMLSJLHMFFCJ66CA,明湖段,28.76,都市：住
RPTOMLSJLHMFFCJ09CA,明湖段,28.76,都市：住
RPOPMLQKLHMFFCJ58CA,志學段,19.27,都市：住
RPOPMLQKLHMFFCJ58CA,志學段,1.22,都市：其他
RPXOMLSJLHMFFCJ86CA,明湖段,28.76,都市：住
RPPPMLSJLHMFFCJ78CA,明湖段,28.76,都市：住
RPUPMLSJLHMFFCJ66CA,明湖段,28.44,都市：住
RPSPMLSJLHMFFCJ09CA,明湖段,28.44,都市：住
RPRQMLSJLHMFFCJ09CA,明湖段,37.53,都市：住
RPWPMLSJLHMFFCJ86CA,明湖段,37.53,都市：住
RPPQMLSJLHMFFCJ88CA,明湖段,37.53,都市：住
RPUNMLKLLHMFFCJ48CA,雞油凸段雞油凸小段,153.00,非都市：山坡地保育區 ; 非都市編定：林業用地
RPUNMLKLLHMFFCJ48CA,雞油凸段雞油凸小段,260.00,非都市：山坡地保育區 ; 非都市編定：林業用地
RPUNMLKLLHMFFCJ48CA,雞油凸段雞油凸小段,271.00,非都市：山坡地保育區 ; 非都市編定：林業用地
RPTQMLSJLHMFFCJ66CA,明湖段,37.53,都市：住
RPSRMLSJLHMFFCJ66CA,明湖段,39.74,都市：住
RPVQMLSJLHMFFCJ86CA,明湖段,39.27,都市：住
RPQRMLSJLHMFFCJ09CA,明湖段,39.74,都市：住
RPXQMLSJLHMFFCJ07CA,明湖段,39.74,都市：住
RPURMLSJLHMFFCJ86CA,明湖段,39.74,都市：住
RPSSMLSJLHMFFCJ76CA,明湖段,39.03,都市：住
RPOTMLSJLHMFFCJ09CA,明湖段,36.90,都市：住
RPWRMLSJLHMFFCJ07CA,明湖段,39.74,都市：住
RPWSMLSJLHMFFCJ17CA,明湖段,36.90,都市：住
RPOSMLSJLHMFFCJ98CA,明湖段,39.74,都市：住
RPUSMLSJLHMFFCJ96CA,明湖段,39.03,都市：住
RPQSMLSJLHMFFCJ56CA,明湖段,39.74,都市：住
RPQTMLSJLHMFFCJ66CA,明湖段,36.90,都市：住
RPSTMLSJLHMFFCJ86CA,明湖段,37.45,都市：住
RPPNMLRJLHMFFCJ48CA,梅花段,2855.00,非都市：山坡地保育區 ; 非都市編定：農牧用地
RPRNMLKKLHMFFCJ08CA,明湖段,37.53,都市：住
RPOVMLTJLHMFFCJ76CA,明湖段,36.90,都市：住
RPUUMLTJLHMFFCJ27CA,明湖段,36.90,都市：住
RPWUMLTJLHMFFCJ47CA,明湖段,36.90,都市：住
RPQVMLTJLHMFFCJ96CA,明湖段,39.74,都市：住
RPTNMLKKLHMFFCJ28CA,明湖段,37.53,都市：住
RPSUMLTJLHMFFCJ07CA,明湖段,36.90,都市：住
RPOUMLTJLHMFFCJ66CA,明湖段,37.45,都市：住
RPQUMLTJLHMFFCJ86CA,明湖段,37.45,都市：住
RPUTMLTJLHMFFCJ17CA,明湖段,38.24,都市：住
RPWTMLTJLHMFFCJ37CA,明湖段,29.07,都市：住
RPWNMLKKLHMFFCJ58CA,明湖段,37.29,都市：住
RPOOMLKKLHMFFCJ87CA,明湖段,37.29,都市：住
RPQOMLKKLHMFFCJ08CA,明湖段,28.52,都市：住
RPPNMLNLKHMFFCJ18CA,志學段,27.17,都市：其他
RPPNMLNLKHMFFCJ18CA,志學段,.21,都市：其他
RPPNMLNLKHMFFCJ18CA,志學段,.01,都市：其他
RPWOMLKKLHMFFCJ68CA,明湖段,28.76,都市：住
RPOPMLKKLHMFFCJ97CA,明湖段,28.76,都市：住
RPSOMLKKLHMFFCJ28CA,明湖段,28.76,都市：住
RPUOMLKKLHMFFCJ48CA,明湖段,28.76,都市：住
RPQPMLKKLHMFFCJ18CA,明湖段,28.36,都市：住
RPSPMLKKLHMFFCJ38CA,明湖段,28.36,都市：住
RPSNMLTJLHMFFBJ88CA,莊敬段,33.75,都市：住
RPPPMLLLKHMFFCJ18CA,下員段,19.36,非都市：特定農業區 ; 非都市編定：甲種建築用地
RPPPMLLLKHMFFCJ18CA,下員段,2.88,非都市：特定農業區 ; 非都市編定：甲種建築用地
RPPPMLLLKHMFFCJ18CA,下員段,54.00,非都市：特定農業區 ; 非都市編定：甲種建築用地
RPPPMLLLKHMFFCJ18CA,下員段,1.24,非都市：特定農業區 ; 非都市編定：甲種建築用地
RPUNMLMLKHMFFCJ58CA,下員段,392.82,都市：農
RPPNMLMLKHMFFCJ08CA,竹東段竹東小段,.04,都市：住
RPPNMLMLKHMFFCJ08CA,竹東段竹東小段,17.54,都市：住
RPPNMLMLKHMFFCJ08CA,竹東段竹東小段,.04,都市：住
RPPNMLMLKHMFFCJ08CA,竹東段竹東小段,.04,都市：住
RPPNMLMLKHMFFCJ08CA,竹東段竹東小段,10.56,都市：商
RPOOMLQJLHMFFBJ28CA,縣華段,50.86,都市：住
RPSNMLPJLHMFFBJ48CA,莊敬段,13.08,都市：商
RPTNMLPJLHMFFBJ58CA,莊敬段,10.10,都市：商
RPUNMLPJLHMFFBJ68CA,莊敬段,10.15,都市：商
RPRNMLPJLHMFFBJ38CA,莊敬段,13.08,都市：商
RPXOMLLJLHMFFBJ68CA,豆子埔段,74.00,都市：住
RPXOMLLJLHMFFBJ68CA,豆子埔段,5.00,都市：住
RPVNMLPJLHMFFBJ78CA,莊敬段,6.60,都市：商
RPWNMLPJLHMFFBJ88CA,莊敬段,9.00,都市：商
RPOPMLLJLHMFFBJ87CA,莊敬段,22.05,都市：商
RPSVNLMLKHMFFBJ56CA,家興段,23.03,都市：住
RPRNMLPLKHMFFBJ48CA,家興段,20.64,都市：商
RPSNMLOLKHMFFBJ48CA,自強段,22.68,都市：住
RPPNMLPLKHMFFBJ28CA,公園段,29.58,都市：住
RPRSMLQJMHMFFBJ09CA,莊敬段,34.57,都市：住
RPVSMLQJMHMFFBJ86CA,莊敬段,30.35,都市：住
RPSSMLQJMHMFFBJ56CA,莊敬段,34.90,都市：住
RPUSMLQJMHMFFBJ76CA,莊敬段,30.35,都市：住
RPTSMLQJMHMFFBJ66CA,莊敬段,30.35,都市：住
RPQSMLQJMHMFFBJ98CA,莊敬段,32.89,都市：住
RPQOMLLLKHMFFBJ08CA,自強段,1.32,都市：商
RPQOMLNLKHMFFBJ28CA,自強段,27.45,都市：住
RPPOMLNLKHMFFBJ18CA,自強段,34.91,都市：住
RPSOMLLLKHMFFBJ28CA,豆子埔段,7.12,都市：商
RPVNMLLLKHMFFBJ48CA,台科段,20.23,都市：商
RPSSMLMLKHMFFBJ78CA,新溪段,72.80,非都市：特定農業區 ; 非都市編定：甲種建築用地
RPSQNLMLKHMFFBJ68CA,永興段,34.41,都市：住
RPSNMLLLKHMFFBJ18CA,永興段,24.21,都市：住
RPSNMLLLKHMFFBJ18CA,永興段,12.11,都市：住
RPPNMLQJLHMFFBJ28CA,錦山段,1019.00,非都市：山坡地保育區 ; 非都市編定：農牧用地
RPPNMLQJLHMFFBJ28CA,錦山段,391.00,非都市：山坡地保育區 ; 非都市編定：農牧用地
RPQNMLQJLHMFFBJ38CA,錦山段,571.00,非都市：山坡地保育區 ; 非都市編定：農牧用地
RPQNMLMJLHMFFBJ97CA,東豐段,7.39,非都市：山坡地保育區 ; 非都市編定：農牧用地
RPRNMLNLKHMFFBJ28CA,永興段,39.69,都市：住
RPTNMLMJLHMFFBJ28CA,大學段,13.66,都市：商
RPXOMLRJLHMFFBJ66CA,台科段,7.30,都市：住
RPQNMLMLKHMFFCJ18CA,赤柯坪段十四寮小段,1392.00,非都市：山坡地保育區 ; 非都市編定：林業用地
RPWOMLNJLHMFFBJ78CA,永興段,5.38,都市：商
RPTNMLSJLHMFFBJ88CA,隘興段,31.34,都市：商
RPTNMLNJLHMFFBJ38CA,站前段,15.18,都市：商
RPWNMLOKLHMFFBJ88CA,莊敬段,30.64,都市：住
RPWNMLOLKHMFFBJ88CA,福田段,173.05,都市：住
RPWNMLOLKHMFFBJ88CA,福田段,174.17,都市：住
RPRNMLOLKHMFFBJ38CA,自強段,22.68,都市：住
RPUOMLOLKHMFFBJ78CA,永興段,44.45,都市：住
RPXOMLRJLHMFFCJ76CA,放翁段,21.57,非都市：山坡地保育區 ; 非都市編定：農牧用地
RPXOMLRJLHMFFCJ76CA,放翁段,.39,非都市：山坡地保育區 ; 非都市編定：遊憩用地
RPXOMLRJLHMFFCJ76CA,放翁段,33.59,非都市：山坡地保育區 ; 非都市編定：丙種建築用地
RPXOMLRJLHMFFCJ76CA,放翁段,12.64,非都市：山坡地保育區 ; 非都市編定：丙種建築用地
RPXOMLRJLHMFFCJ76CA,放翁段,10.49,非都市：山坡地保育區 ; 非都市編定：丙種建築用地
RPXOMLRJLHMFFCJ76CA,放翁段,15.98,非都市：山坡地保育區 ; 非都市編定：丙種建築用地
RPXOMLRJLHMFFCJ76CA,放翁段,26.26,非都市：山坡地保育區 ; 非都市編定：丙種建築用地
RPXOMLRJLHMFFCJ76CA,放翁段,509.70,非都市：山坡地保育區 ; 非都市編定：丙種建築用地
RPSOMLOLKHMFFBJ58CA,新庄子段,106.00,非都市：鄉村區 ; 非都市編定：乙種建築用地
RPUNMLOLKHMFFCJ78CA,文昌段,7.63,都市：住
RPTNMLOLKHMFFCJ68CA,新城段新城小段,444.00,非都市：山坡地保育區 ; 非都市編定：交通用地
RPTNMLOLKHMFFCJ68CA,新城段新城小段,1825.00,非都市：山坡地保育區 ; 非都市編定：農牧用地
RPTNMLOLKHMFFCJ68CA,新城段新城小段,441.00,非都市：山坡地保育區 ; 非都市編定：丙種建築用地
RPTNMLOLKHMFFCJ68CA,新城段新城小段,1736.00,非都市：山坡地保育區 ; 非都市編定：農牧用地
RPTNMLOLKHMFFCJ68CA,新城段新城小段,821.00,非都市：山坡地保育區 ; 非都市編定：丙種建築用地
RPTNMLOLKHMFFCJ68CA,新城段新城小段,254.00,非都市：山坡地保育區 ; 非都市編定：農牧用地
RPTNMLOLKHMFFCJ68CA,新城段新城小段,603.00,非都市：山坡地保育區 ; 非都市編定：農牧用地
RPTNMLOLKHMFFCJ68CA,新城段新城小段,4193.00,非都市：山坡地保育區 ; 非都市編定：農牧用地
RPTNMLOLKHMFFCJ68CA,新城段新城小段,81.00,非都市：山坡地保育區 ; 非都市編定：農牧用地
RPTNMLOLKHMFFCJ68CA,新城段新城小段,85.00,非都市：山坡地保育區 ; 非都市編定：農牧用地
RPTNMLOLKHMFFCJ68CA,新城段新城小段,100.00,非都市：山坡地保育區 ; 非都市編定：交通用地
RPXOMLMLKHMFFCJ98CA,藤坪段藤坪小段,5345.00,非都市：山坡地保育區 ; 非都市編定：林業用地
RPXOMLMLKHMFFCJ98CA,藤坪段藤坪小段,7465.00,非都市：山坡地保育區 ; 非都市編定：林業用地
RPQNMLTJLHMFFCJ78CA,明湖段,29.07,都市：住
RPSNMLTJLHMFFCJ98CA,明湖段,29.07,都市：住
RPUNMLTJLHMFFCJ56CA,明湖段,29.07,都市：住
RPVPMLKKLHMFFCJ68CA,明湖段,28.36,都市：住
RPWNMLMLLHMFFBJ78CA,照門段石門小段,509.00,非都市：山坡地保育區 ; 非都市編定：農牧用地
RPWNMLMLLHMFFBJ78CA,照門段石門小段,1571.00,非都市：山坡地保育區 ; 非都市編定：農牧用地
RPWNMLMLLHMFFBJ78CA,照門段石門小段,776.00,非都市：山坡地保育區 ; 非都市編定：農牧用地
RPWNMLMLLHMFFBJ78CA,照門段石門小段,358.00,非都市：山坡地保育區 ; 非都市編定：丙種建築用地
RPWNMLMLLHMFFBJ78CA,照門段石門小段,5802.00,非都市：山坡地保育區 ; 非都市編定：農牧用地
RPURMLKKLHMFFCJ78CA,明湖段,28.52,都市：住
RPOSMLKKLHMFFCJ28CA,明湖段,28.52,都市：住
RPWRMLKKLHMFFCJ98CA,明湖段,28.52,都市：住
RPTNMLOKLHMFFCJ68CA,富興段西河排小段,107.00,非都市： ; 非都市編定：
RPQNMLOKLHMFFCJ38CA,竹東段竹東小段,46.51,都市：住
RPUNMLRJLHMFFCJ98CA,東寧段,37.80,都市：住
RPXNMLTJLHMFFCJ86CA,明湖段,29.07,都市：住
RPXPMLKKLHMFFCJ88CA,明湖段,28.36,都市：住
RPVQMLKKLHMFFCJ78CA,明湖段,42.27,都市：住
RPXQMLKKLHMFFCJ98CA,明湖段,41.56,都市：住
RPRQMLKKLHMFFCJ38CA,明湖段,42.27,都市：住
RPPQMLKKLHMFFCJ18CA,明湖段,42.27,都市：住
RPUOMLTJLHMFFCJ66CA,明湖段,39.90,都市：住
RPSOMLTJLHMFFCJ09CA,明湖段,38.24,都市：住
RPQOMLTJLHMFFCJ88CA,明湖段,38.24,都市：住
RPWOMLTJLHMFFCJ86CA,明湖段,39.90,都市：住
RPSPMLTJLHMFFCJ56CA,明湖段,39.98,都市：住
RPQPMLTJLHMFFCJ98CA,明湖段,39.98,都市：住
RPOQMLTJLHMFFCJ88CA,明湖段,38.87,都市：住
RPVQMLTJLHMFFCJ96CA,明湖段,38.87,都市：住
RPQQMLTJLHMFFCJ09CA,明湖段,38.87,都市：住
RPOPMLTJLHMFFCJ78CA,明湖段,39.90,都市：住
RPUPMLTJLHMFFCJ76CA,明湖段,39.98,都市：住
RPXQMLTJLHMFFCJ17CA,明湖段,38.87,都市：住
RPWPMLTJLHMFFCJ96CA,明湖段,38.87,都市：住
RPSQMLTJLHMFFCJ66CA,明湖段,38.87,都市：住
RPQSMLTJLHMFFCJ66CA,明湖段,39.98,都市：住
RPOSMLTJLHMFFCJ09CA,明湖段,40.21,都市：住
RPSSMLTJLHMFFCJ86CA,明湖段,39.98,都市：住
RPRRMLTJLHMFFCJ66CA,明湖段,38.87,都市：住
RPWSMLTJLHMFFCJ27CA,明湖段,39.98,都市：住
RPWRMLTJLHMFFCJ17CA,明湖段,38.87,都市：住
RPPRMLTJLHMFFCJ09CA,明湖段,38.87,都市：住
RPTRMLTJLHMFFCJ86CA,明湖段,38.87,都市：住
RPUSMLTJLHMFFCJ07CA,明湖段,39.98,都市：住
RPOTMLTJLHMFFCJ56CA,明湖段,39.90,都市：住
RPVOMLQJLHMFFBJ09DA,下寮段,241.30,非都市：山坡地保育區 ; 非都市編定：丙種建築用地
RPVOMLQJLHMFFBJ09DA,下寮段,4.83,非都市：山坡地保育區 ; 非都市編定：丙種建築用地
RPVOMLQJLHMFFBJ09DA,下寮段,20.39,非都市：山坡地保育區 ; 非都市編定：丙種建築用地
RPVOMLQJLHMFFBJ09DA,下寮段,24.06,非都市：山坡地保育區 ; 非都市編定：丙種建築用地
RPVOMLQJLHMFFBJ09DA,下寮段,.35,非都市：山坡地保育區 ; 非都市編定：丙種建築用地
RPSNMLQJLHMFFDJ78CA,吉祥段,100.10,非都市：一般農業區 ; 非都市編定：甲種建築用地
RPTOMLSJLHMFFDJ56CA,建興段鳳凰小段,12.42,非都市：工業區 ; 非都市編定：丁種建築用地
RPVNMLSJLHMFFDJ66CA,坪頂段,31.64,非都市：一般農業區 ; 非都市編定：甲種建築用地
RPVNMLSJLHMFFDJ66CA,坪頂段,7.35,非都市：一般農業區 ; 非都市編定：丁種建築用地
RPRNMLTJLHMFFDJ98CA,員興段,67.87,非都市：鄉村區 ; 非都市編定：乙種建築用地
RPTNMLNJLHMFFDJ58CA,中美段,43.74,都市：其他
RPSNMLTJLHMFFDJ09CA,錦安段,.15,都市：住
RPSNMLTJLHMFFDJ09CA,文昌段,19.91,都市：住
RPSNMLTJLHMFFDJ09CA,文昌段,5.95,都市：住
RPSNMLTJLHMFFDJ09CA,文昌段,36.58,都市：其他
RPSNMLTJLHMFFDJ09CA,文昌段,150.55,都市：其他
RPSNMLNJLHMFFDJ48CA,中美段,70.31,都市：其他
RPSNMLNJLHMFFDJ48CA,中美段,20.81,都市：其他
RPSNMLNJLHMFFDJ48CA,中美段,645.00,都市：住
RPSNMLNJLHMFFDJ48CA,中美段,314.24,都市：住
RPSNMLNJLHMFFDJ48CA,中美段,491.00,都市：住
RPSNMLNJLHMFFDJ48CA,中美段,3602.89,都市：住
RPWNMLMJLHMFFDJ78CA,後湖段坡子頭小段,12.63,非都市：特定農業區 ; 非都市編定：甲種建築用地
RPVNMLMJLHMFFDJ68CA,坪頂段,68.57,都市：農
RPVNMLMJLHMFFDJ68CA,坪頂段,109.73,都市：農
RPSTMLTJLHMFFCJ96CA,明湖段,38.24,都市：住
RPQTMLTJLHMFFCJ76CA,明湖段,39.90,都市：住
RPOOMLMJLHMFFDJ08CA,員興段,63.55,非都市：鄉村區 ; 非都市編定：乙種建築用地
RPVNMLNLKHMFFDJ88CA,坑子口段,1833.00,非都市：特定農業區 ; 非都市編定：農牧用地
RPVNMLNLKHMFFDJ88CA,坑子口段,1832.00,非都市：特定農業區 ; 非都市編定：農牧用地
RPUNMLOLKHMFFDJ88CA,湖南段,1090.00,非都市：特定農業區 ; 非都市編定：農牧用地
RPTNMLLJLHMFFDJ48DA,員興段,32.18,非都市：一般農業區 ; 非都市編定：交通用地
RPSNMLMLKHMFFDJ58DA,力行段,54.00,都市：住
RPRNMLMLKHMFFDJ38CA,興湖段,84.46,都市：住
RPPNMLNKLHMFFDJ28CA,永寧段,15.20,都市：商
RPPNMLNKLHMFFDJ28CA,永寧段,13.36,都市：商
RPWNMLNJLHMFFDJ98DA,福興段員山子小段,1970.00,非都市：特定農業區 ; 非都市編定：農牧用地
RPWNMLNJLHMFFDJ98DA,福興段員山子小段,1970.00,非都市：特定農業區 ; 非都市編定：農牧用地
RPWNMLNJLHMFFDJ98DA,福興段員山子小段,1970.00,非都市：特定農業區 ; 非都市編定：農牧用地
RPPOMLNLLHMFFCJ38CA,田洋段,1510.33,非都市：特定農業區 ; 非都市編定：農牧用地
RPWNMLSJLHMFFBJ66DA,仰德段,139.80,非都市：特定農業區 ; 非都市編定：水利用地
RPVNMLOKLHMFFBJ78CA,莊敬段,30.61,都市：住
RPWOMLKKLHMFFDJ78CA,中義段,126.08,都市：住
RPPOMLMLLHMFFCJ28CA,東寧段,55.00,都市：住
RPPOMLMLLHMFFCJ28CA,東寧段,21.68,都市：住
RPTPMLPKLHMFFBJ88CA,永興段,39.44,都市：住
RPUNMLRJLHMFFBJ88CA,縣愛段,125.01,都市：住
RPXNMLQJLHMFFBJ09CA,北山段,125.94,都市：住
RPOOMLKLLHMFFDJ08CA,中興段中興小段,107.20,非都市：工業區 ; 非都市編定：丁種建築用地
RPXQMLSJLHMFFBJ96CA,隘興段,19.82,都市：住
RPWNMLLJLHMFFBJ48CA,莊敬段,8.68,都市：商
RPROMLNLKHMFFBJ38CA,自強段,32.72,都市：住
RPSOMLLJLHMFFBJ18CA,自強段,24.74,都市：住
RPRNMLRKLHMFFDJ88CA,長嶺段,23.01,非都市：特定農業區 ; 非都市編定：甲種建築用地
RPRNMLRKLHMFFDJ88CA,長嶺段,2.78,非都市：特定農業區 ; 非都市編定：甲種建築用地
RPRNMLNJLHMFFBJ18CA,莊敬段,20.52,都市：住
RPWNMLQJLHMFFBJ98CA,家興段,42.89,都市：住
RPWNMLNJLHMFFBJ68CA,東華段,22.58,都市：住
RPVNMLRJLHMFFBJ98CA,國義段,22.72,都市：住
RPXOMLQKLHMFFBJ66CA,永興段,20.43,都市：商
RPOPMLNJLHMFFBJ08CA,文化段,12.64,都市：住
RPUPMLRJLHMFFBJ09CA,大學段,11.10,都市：商
RPVPMLQKLHMFFBJ56CA,北山段,232.43,非都市：特定農業區 ; 非都市編定：交通用地
RPTOMLOLKHMFFBJ68CA,隘興段,10.38,都市：住
RPOOMLOLKHMFFBJ18CA,家興段,39.96,都市：住
RPQNMLRJLHMFFBJ48CA,麻園段,76.00,非都市：特定農業區 ; 非都市編定：甲種建築用地
RPQNMLRJLHMFFBJ48CA,麻園段,11.00,非都市：特定農業區 ; 非都市編定：甲種建築用地
RPPNMLMKLHMFFBJ97CA,永興段,65.43,都市：住
RPQOMLTJLHMFFBJ78CA,關農段,33.59,都市：住
RPPNMLSJLHMFFBJ48CA,家興段,54.92,都市：住
RPQNMLSJLHMFFBJ58CA,家興段,47.02,都市：住
RPRNMLNKLHMFFBJ28CA,莊敬段,30.61,都市：住
RPSNMLNKLHMFFBJ38CA,莊敬段,30.61,都市：住
RPUNMLOKLHMFFCJ78CA,桃山段,6120.00,非都市：山坡地保育區 ; 非都市編定：農牧用地
RPUNMLOKLHMFFCJ78CA,桃山段,2806.00,非都市：山坡地保育區 ; 非都市編定：農牧用地
RPUNMLOKLHMFFCJ78CA,桃山段,485.50,非都市：山坡地保育區 ; 非都市編定：農牧用地
RPUNMLOKLHMFFCJ78CA,桃山段,7.50,非都市：山坡地保育區 ; 非都市編定：農牧用地
RPVNMLLJLHMFFCJ48CA,橫華段,350.63,都市：其他
RPXNMLOKLHMFFCJ09CA,新樂段水田小段,155.00,非都市：山坡地保育區 ; 非都市編定：丙種建築用地
RPXNMLOKLHMFFCJ09CA,新樂段水田小段,875.00,非都市：山坡地保育區 ; 非都市編定：農牧用地
RPXNMLOKLHMFFCJ09CA,新樂段水田小段,242.00,非都市：山坡地保育區 ; 非都市編定：農牧用地
RPXNMLOKLHMFFCJ09CA,新樂段水田小段,378.00,非都市：山坡地保育區 ; 非都市編定：農牧用地
RPXNMLOKLHMFFCJ09CA,新樂段水田小段,190.00,非都市：山坡地保育區 ; 非都市編定：林業用地
RPPNMLMJLHMFFCJ97CA,竹東段番社子小段,16.07,都市：住
RPVNMLOKLHMFFCJ88CA,花園段,11610.00,非都市：山坡地保育區 ; 非都市編定：農牧用地
RPUQMLRJLHMFFBJ56CA,莊敬段,14.83,都市：商
RPQQMLRJLHMFFBJ78CA,莊敬段,19.28,都市：商
RPPNMLLJLHMFFCJ87CA,楓橋段,980.31,非都市：山坡地保育區 ; 非都市編定：農牧用地
RPPNMLLJLHMFFCJ87CA,楓橋段,1136.57,非都市：山坡地保育區 ; 非都市編定：農牧用地
RPTQMLKKLHMFFCJ58CA,明湖段,42.27,都市：住
RPSNMLRKLHMFFDJ98CA,長嶺段,23.01,非都市：特定農業區 ; 非都市編定：甲種建築用地
RPSNMLRKLHMFFDJ98CA,長嶺段,2.78,非都市：特定農業區 ; 非都市編定：甲種建築用地
RPTPMLKLLHMFFBJ48CA,光明段,87.14,都市：住
RPRNMLNJLHMFFDJ38CA,湖南段,1897.00,非都市：特定農業區 ; 非都市編定：農牧用地
RPVNMLNJLHMFFDJ88DA,湖新段,78.00,非都市：特定農業區 ; 非都市編定：甲種建築用地
RPVNMLNJLHMFFDJ88DA,湖新段,9.00,非都市：特定農業區 ; 非都市編定：甲種建築用地
RPVNMLNJLHMFFDJ88DA,湖新段,755.95,非都市：特定農業區 ; 非都市編定：農牧用地
RPOOMLOLKHMFFCJ48EA,鄉所段,60.31,都市：住
RPPRMLKKLHMFFCJ28CA,明湖段,30.18,都市：住
RPPNMLPJLHMFFCJ28CA,下員段,19.36,非都市：特定農業區 ; 非都市編定：甲種建築用地
RPPNMLPJLHMFFCJ28CA,下員段,2.88,非都市：特定農業區 ; 非都市編定：甲種建築用地
RPPNMLPJLHMFFCJ28CA,下員段,55.53,非都市：特定農業區 ; 非都市編定：甲種建築用地
RPPNMLPJLHMFFCJ28CA,下員段,1.24,非都市：特定農業區 ; 非都市編定：甲種建築用地
RPRRMLKKLHMFFCJ48CA,明湖段,30.18,都市：住
RPSNMLOLKHMFFCJ58CA,明星段,28.01,都市：住
RPSNMLOLKHMFFCJ58CA,明星段,1.86,都市：農
RPUOMLOKLHMFFCJ09EA,金福段,160.05,非都市：山坡地保育區 ; 非都市編定：丙種建築用地
RPROMLMLLHMFFCJ48CA,竹東段竹東小段,2.58,都市：住
RPROMLMLLHMFFCJ48CA,竹東段竹東小段,17.43,都市：住
RPROMLMLLHMFFCJ48CA,竹東段竹東小段,8.95,都市：住
RPVNMLTJLHMFFDJ76CA,竹九段,3.51,非都市：一般農業區 ; 非都市編定：甲種建築用地
RPROMLTLLHMFFDJ66CA,錦安段,53.53,都市：其他
RPROMLTLLHMFFDJ66CA,錦安段,66.21,都市：其他
RPROMLTLLHMFFDJ66CA,錦安段,.98,都市：其他
RPROMLTLLHMFFDJ66CA,錦安段,3.34,都市：其他
RPROMLTLLHMFFDJ66CA,錦安段,8.93,都市：其他
RPTNMLRJLHMFFDJ98CA,青埔子段,1511.00,非都市：特定農業區 ; 非都市編定：農牧用地
RPOOMLMLLHMFFCJ18CA,上山壹段,4.03,非都市：山坡地保育區 ; 非都市編定：丙種建築用地
RPOOMLMLLHMFFCJ18CA,上山壹段,23.80,非都市：山坡地保育區 ; 非都市編定：丙種建築用地
RPWRMLPKLHMFFCJ86CA,資源段,85.00,都市：住
RPPOMLRKLHMFFCJ68CA,倒別牛段倒別牛小段,432.00,非都市：山坡地保育區 ; 非都市編定：水利用地
RPPOMLRKLHMFFCJ68CA,倒別牛段倒別牛小段,12618.00,非都市：山坡地保育區 ; 非都市編定：農牧用地
RPQNMLLLLHMFFCJ18CA,花園段,636.00,非都市：山坡地保育區 ; 非都市編定：農牧用地
RPPOMLLLLHMFFCJ18CA,八十分段馬福小段,2500.00,非都市：山坡地保育區 ; 非都市編定：農牧用地
RPQOMLRKLHMFFCJ78CA,竹中段,8.21,都市：住
RPTNMLSJLHMFFDJ09CA,池和段,254.00,非都市：特定農業區 ; 非都市編定：丁種建築用地
RPTNMLSJLHMFFDJ09CA,池和段,12.47,非都市：特定農業區 ; 非都市編定：丁種建築用地
RPSNMLKKLHMFFDJ38DA,光華段,647.79,都市：住
RPPNMLLJLHMFFBJ87DA,大同壹段,86.23,非都市：山坡地保育區 ; 非都市編定：農牧用地
RPTOMLMJLHMFFDJ58CA,湖新段,171.00,非都市：特定農業區 ; 非都市編定：甲種建築用地
RPROMLLLLHMFFCJ38CA,竹東段竹東小段,15.09,都市：住
RPXNMLPKLHMFFDJ66CA,中義段,79.51,都市：住
RPXNMLPKLHMFFDJ66CA,中義段,16.16,都市：住
RPSOMLKLLHMFFDJ48CA,竹九段,16.20,非都市：鄉村區 ; 非都市編定：乙種建築用地
RPSOMLKLLHMFFDJ48CA,竹九段,72.85,非都市：鄉村區 ; 非都市編定：乙種建築用地
RPQOMLKLLHMFFDJ28CA,竹九段,13.84,非都市：鄉村區 ; 非都市編定：乙種建築用地
RPQOMLKLLHMFFDJ28CA,竹九段,66.72,非都市：鄉村區 ; 非都市編定：乙種建築用地
RPPNMLLJLHMFFDJ97CA,中義段,65.22,都市：住
RPPNMLLJLHMFFDJ97CA,中義段,26.36,都市：住
RPVOMLKKLHMFFDJ68CA,八德段,4321.50,非都市：山坡地保育區 ; 非都市編定：農牧用地
RPVOMLKKLHMFFDJ68CA,八德段,4028.28,非都市：山坡地保育區 ; 非都市編定：農牧用地
RPTOMLOLKHMFFCJ78CA,石壁潭段,101.00,非都市：山坡地保育區 ; 非都市編定：丙種建築用地
RPSOMLOLKHMFFCJ68CA,富興段水流東小段,3385.00,非都市：山坡地保育區 ; 非都市編定：農牧用地
RPSOMLOLKHMFFCJ68CA,富興段水流東小段,579.00,非都市：山坡地保育區 ; 非都市編定：農牧用地
RPSOMLOLKHMFFCJ68CA,富興段水流東小段,1979.00,非都市：山坡地保育區 ; 非都市編定：農牧用地
RPUOMLOLKHMFFCJ88CA,石壁潭段,18.19,非都市：山坡地保育區 ; 非都市編定：丙種建築用地
RPUOMLOLKHMFFCJ88CA,石壁潭段,138.00,非都市：山坡地保育區 ; 非都市編定：丙種建築用地
RPQOMLOLKHMFFCJ48CA,東寧段,87.00,都市：住
RPPOMLOLKHMFFCJ38CA,敦睦段,70.40,都市：住
RPUNMLLJLHMFFCJ38CA,放翁段,4.86,非都市：山坡地保育區 ; 非都市編定：丙種建築用地
RPUNMLLJLHMFFCJ38CA,放翁段,7.24,非都市：山坡地保育區 ; 非都市編定：農牧用地
RPUNMLLJLHMFFCJ38CA,放翁段,.20,非都市：山坡地保育區 ; 非都市編定：遊憩用地
RPUNMLLJLHMFFCJ38CA,放翁段,13.26,非都市：山坡地保育區 ; 非都市編定：遊憩用地
RPUNMLLJLHMFFCJ38CA,二重埔段,3.61,非都市：山坡地保育區 ; 非都市編定：農牧用地
RPUNMLLJLHMFFCJ38CA,放翁段,1.49,非都市：山坡地保育區 ; 非都市編定：特定目的事業用地
RPUNMLLJLHMFFCJ38CA,放翁段,2.05,非都市：山坡地保育區 ; 非都市編定：特定目的事業用地
RPUNMLLJLHMFFCJ38CA,放翁段,.37,非都市：山坡地保育區 ; 非都市編定：特定目的事業用地
RPUNMLLJLHMFFCJ38CA,放翁段,4.86,非都市：山坡地保育區 ; 非都市編定：丙種建築用地
RPUNMLLJLHMFFCJ38CA,放翁段,78.78,非都市：山坡地保育區 ; 非都市編定：丙種建築用地
RPSOMLSJLHMFFBJ88CA,莊敬段,9.38,都市：商
RPROMLSJLHMFFBJ78CA,莊敬段,12.19,都市：商
RPXOMLSJLHMFFBJ76CA,莊敬段,12.10,都市：商
RPVOMLSJLHMFFBJ56CA,莊敬段,12.10,都市：商
RPPPMLSJLHMFFBJ68CA,莊敬段,10.70,都市：商
RPOPMLSJLHMFFBJ58CA,莊敬段,8.68,都市：商
RPRRMLSJLHMFFBJ09CA,隘興段,24.89,都市：住
RPRRMLSJLHMFFBJ09CA,隘興段,58.54,都市：住
RPROMLKKLHMFFDJ28CA,中美段,70.33,都市：農
RPOQMLQKLHMFFBJ58CA,北山段,93.85,非都市：特定農業區 ; 非都市編定：交通用地
RPQOMLKKLHMFFDJ18CA,中美段,2.17,非都市：特定農業區 ; 非都市編定：甲種建築用地
RPQOMLKKLHMFFDJ18CA,中美段,67.63,都市：農
RPOOMLKKLHMFFDJ97CA,中美段,61.03,都市：農
RPOOMLKKLHMFFDJ97CA,中美段,7.54,非都市：特定農業區 ; 非都市編定：甲種建築用地
RPSNMLOKLHMFFDJ68CA,中興段中興小段,87.00,非都市：工業區 ; 非都市編定：丁種建築用地
RPTOMLPKLHMFFBJ78CA,東豐段,2525.92,非都市：山坡地保育區 ; 非都市編定：農牧用地
RPTOMLPKLHMFFBJ78CA,東豐段,825.69,非都市：山坡地保育區 ; 非都市編定：農牧用地
RPTOMLPKLHMFFBJ78CA,東豐段,2532.53,非都市：山坡地保育區 ; 非都市編定：農牧用地
RPRNMLMJLHMFFBJ08CA,站前段,101.33,都市：其他
RPUNMLLJLHMFFBJ28CA,鹿鳴坑段,2696.18,非都市：山坡地保育區 ; 非都市編定：農牧用地
RPTOMLQJLHMFFBJ78CA,自強段,47.10,都市：住
RPUNMLNJLHMFFBJ48CA,水瀧段,15.66,都市：住
RPQPMLLJLHMFFBJ08CA,縣福段,116.44,都市：住
RPTOMLLJLHMFFBJ28CA,公園段,9.95,都市：住
RPROMLNJLHMFFBJ28CA,興崙段,134.58,都市：住
RPSNMLNJLHMFFBJ28CA,自強段,46.95,都市：住
RPOPMLRJLHMFFBJ48CA,溝貝段,1814.00,非都市：特定農業區 ; 非都市編定：農牧用地
RPVNMLMJLHMFFBJ48CA,竹仁段,2.62,都市：住
RPVNMLMJLHMFFBJ48CA,竹仁段,67.00,都市：住
RPSOMLQJLHMFFBJ68CA,翰林段,30.32,都市：住
RPPNMLNJLHMFFBJ97CA,自強段,35.45,都市：住
RPPNMLTKLHMFFBJ68CA,台科段,22.66,都市：商
RPQNMLTKLHMFFBJ78CA,台科段,23.16,都市：商
RPPNMLPJLHMFFBJ18CA,東華段,18.20,都市：住
RPRPMLSJLHMFFBJ88CA,莊敬段,10.70,都市：商
RPUPMLSJLHMFFBJ56CA,莊敬段,17.71,都市：商
RPOQMLSJLHMFFBJ68CA,莊敬段,10.87,都市：商
RPVPMLSJLHMFFBJ66CA,莊敬段,9.38,都市：商
RPXPMLSJLHMFFBJ86CA,莊敬段,8.68,都市：商
RPPQMLSJLHMFFBJ78CA,莊敬段,9.38,都市：商
RPSQMLRJLHMFFBJ98CA,台元段,24.41,都市：住
RPUQMLSJLHMFFBJ66CA,莊敬段,12.01,都市：商
RPQQMLSJLHMFFBJ88CA,莊敬段,9.38,都市：商
RPRQMLSJLHMFFBJ98CA,莊敬段,10.70,都市：商
RPQPMLLMLHMFFBJ38CA,莊敬段,9.38,都市：商
RPRPMLLMLHMFFBJ48CA,莊敬段,9.38,都市：商
RPRNMLRLLHMFFBJ78CA,內思段,50.20,都市：農
RPRNMLRLLHMFFBJ78CA,內思段,1.53,都市：農
RPRNMLRLLHMFFBJ78CA,內思段,.81,都市：農
RPRNMLRLLHMFFBJ78CA,內思段,46.90,非都市：特定農業區 ; 非都市編定：農牧用地
RPRNMLRLLHMFFBJ78CA,內思段,312.92,都市：農
RPRNMLRLLHMFFBJ78CA,內思段,4.00,都市：農
RPOPMLLMLHMFFBJ18CA,莊敬段,10.70,都市：商
RPQNMLNKLHMFFDJ38CA,泰安段,29.05,都市：住
RPXNMLKLLHMFFDJ88CA,力行段,43.23,都市：其他
RPXNMLKLLHMFFDJ88CA,力行段,36.08,都市：其他
RPXNMLKLLHMFFDJ88CA,力行段,8.31,都市：其他
RPPNMLKLLHMFFDJ08CA,光華段,348.69,都市：其他
RPPNMLKLLHMFFDJ08CA,光華段,201.89,都市：其他
RPTNMLNJLHMFFCJ48CA,華安段,14.72,非都市：山坡地保育區 ; 非都市編定：國土保安用地
RPQOMLNJLHMFFCJ28CA,華安段,153.79,非都市：山坡地保育區 ; 非都市編定：農牧用地
RPQOMLNJLHMFFCJ28CA,華安段,62.60,非都市：山坡地保育區 ; 非都市編定：農牧用地
RPXNMLNJLHMFFCJ88CA,華安段,23.49,非都市：山坡地保育區 ; 非都市編定：國土保安用地
RPWNMLNJLHMFFCJ78CA,華安段,4.68,非都市：山坡地保育區 ; 非都市編定：國土保安用地
RPWNMLNJLHMFFCJ78CA,華安段,70.17,非都市：山坡地保育區 ; 非都市編定：農牧用地
RPWNMLNJLHMFFCJ78CA,華安段,49.00,非都市：山坡地保育區 ; 非都市編定：國土保安用地
RPWNMLNJLHMFFCJ78CA,華安段,13.14,非都市：山坡地保育區 ; 非都市編定：國土保安用地
RPUNMLNJLHMFFCJ58CA,華安段,1.34,非都市：山坡地保育區 ; 非都市編定：國土保安用地
RPUNMLNJLHMFFCJ58CA,華安段,2.02,非都市：山坡地保育區 ; 非都市編定：國土保安用地
RPSNMLNJLHMFFCJ38CA,華安段,39.56,非都市：山坡地保育區 ; 非都市編定：國土保安用地
RPSNMLNJLHMFFCJ38CA,華安段,7.41,非都市：山坡地保育區 ; 非都市編定：國土保安用地
RPSNMLNJLHMFFCJ38CA,華安段,24.64,非都市：山坡地保育區 ; 非都市編定：國土保安用地
RPVNMLNJLHMFFCJ68CA,華安段,.97,非都市：山坡地保育區 ; 非都市編定：國土保安用地
RPVNMLNJLHMFFCJ68CA,華安段,5.60,非都市：山坡地保育區 ; 非都市編定：國土保安用地
RPQNMLSLLHMFFDJ98CA,光華段,33.12,都市：住
RPUNMLSLLHMFFDJ76CA,光華段,25.01,都市：住
RPSNMLSLLHMFFDJ56CA,光華段,25.01,都市：住
RPWNMLKKLHMFFDJ68CA,德興段,2.75,都市：住
RPWNMLKKLHMFFDJ68CA,德興段,24.63,都市：住
RPSOMLQKLHMFFCJ88CA,明湖段,29.58,都市：住
RPOOMLSLLHMFFDJ88CA,光華段,25.01,都市：住
RPPOMLMJLHMFFDJ18CA,大埔段,49.45,都市：住
RPPOMLMJLHMFFDJ18CA,大埔段,58.07,都市：住
RPPOMLMJLHMFFDJ18CA,大埔段,22.32,都市：住
RPRNMLOJLHMFFDJ48CA,長嶺段,176.39,非都市：特定農業區 ; 非都市編定：甲種建築用地
RPRNMLOJLHMFFDJ48CA,長嶺段,176.39,非都市：特定農業區 ; 非都市編定：甲種建築用地
RPRNMLOJLHMFFDJ48CA,長嶺段,176.39,非都市：特定農業區 ; 非都市編定：甲種建築用地
RPWNMLSLLHMFFDJ96CA,光華段,25.01,都市：住
RPXNMLNJLHMFFBJ88DA,竹義段,8.50,都市：其他
RPUOMLQKLHMFFCJ09CA,明湖段,31.59,都市：住
RPPNMLQJLHMFFDJ48CA,興湖段,81.00,都市：住
RPPNMLQJLHMFFDJ48CA,興湖段,81.00,都市：住
RPRNMLQJLHMFFDJ68CA,綠園段,50.13,非都市：特定農業區 ; 非都市編定：甲種建築用地
RPXNMLNJLHMFFDJ09DA,明新段,156.34,都市：住
RPWQMLTJLHMFFCJ27EA,富貴段,103.42,都市：商
RPPNMLNJLHMFFCJ28EA,九讚頭段,9706.97,非都市：山坡地保育區 ; 非都市編定：農牧用地
RPPNMLNJLHMFFCJ28EA,九讚頭段,10972.67,非都市：山坡地保育區 ; 非都市編定：農牧用地
RPRNMLNJLHMFFCJ28CA,竹東段竹東小段,.40,都市：住
RPRNMLNJLHMFFCJ28CA,竹東段竹東小段,.16,都市：住
RPRNMLNJLHMFFCJ28CA,竹東段竹東小段,.06,都市：住
RPRNMLNJLHMFFCJ28CA,竹東段竹東小段,6.50,都市：住
RPSOMLMJLHMFFDJ58DA,建興段建興小段,1740.00,非都市：工業區 ; 非都市編定：丁種建築用地
RPSOMLMJLHMFFDJ58DA,建興段建興小段,1740.00,非都市：工業區 ; 非都市編定：丁種建築用地
RPSOMLMJLHMFFDJ58DA,建興段建興小段,1740.00,非都市：工業區 ; 非都市編定：丁種建築用地
RPROMLNJLHMFFCJ38CA,赤柯坪段赤柯坪小段,44.83,非都市：山坡地保育區 ; 非都市編定：農牧用地
RPROMLNJLHMFFCJ38CA,赤柯坪段赤柯坪小段,2614.00,非都市：山坡地保育區 ; 非都市編定：農牧用地
RPWNMLKLLHMFFDJ78CA,員興段,129.83,非都市：山坡地保育區 ; 非都市編定：丙種建築用地
RPOOMLPJLHMFFBJ18CA,縣福段,6.18,都市：商
RPOOMLPJLHMFFBJ18CA,縣福段,12.83,都市：商
RPOOMLPJLHMFFBJ18CA,縣福段,8.54,都市：商
RPROMLQJLHMFFBJ58CA,自強段,31.41,都市：住
RPVPMLRJLHMFFBJ56CA,大學段,13.73,都市：商
RPQNMLTJLHMFFBJ68CA,下旱坑段,417.11,非都市：山坡地保育區 ; 非都市編定：丙種建築用地
RPQNMLTJLHMFFBJ68CA,下旱坑段,312.62,非都市：山坡地保育區 ; 非都市編定：農牧用地
RPQNMLTJLHMFFBJ68CA,下旱坑段,33.32,非都市：山坡地保育區 ; 非都市編定：農牧用地
RPQNMLTJLHMFFBJ68CA,下旱坑段,4.33,非都市：山坡地保育區 ; 非都市編定：交通用地
RPQNMLTJLHMFFBJ68CA,下旱坑段,50.63,非都市：山坡地保育區 ; 非都市編定：交通用地
RPQNMLTJLHMFFBJ68CA,下旱坑段,7.36,非都市：特定農業區 ; 非都市編定：交通用地
RPQNMLTJLHMFFBJ68CA,下旱坑段,18.03,非都市：山坡地保育區 ; 非都市編定：交通用地
RPQNMLNJLHMFFBJ08CA,自強段,27.96,都市：住
RPVOMLNJLHMFFBJ68CA,站前段,60.80,都市：其他
RPQOMLNJLHMFFBJ18CA,站前段,26.00,都市：其他
RPRNMLMLLHMFFBJ28CA,東豐段,19.61,非都市：山坡地保育區 ; 非都市編定：丙種建築用地
RPPPMLQJLHMFFBJ48CA,大旱坑段南坑小段,43.50,非都市：山坡地保育區 ; 非都市編定：丙種建築用地
RPTOMLNJLHMFFBJ48CA,大學段,13.43,都市：商
RPSOMLNJLHMFFBJ38CA,台元段,88.36,都市：工
RPPOMLSJLHMFFBJ58CA,隘興段,12.88,都市：住
RPSOMLRJLHMFFBJ78CA,豆子埔段,26.44,都市：住
RPPOMLTJLHMFFBJ68CA,公園段,30.52,都市：住
RPQSMLNKLHMFFBJ68CA,台科段,18.01,都市：住
RPUSMLNKLHMFFBJ09CA,永興段,57.65,都市：住
RPPNMLTJLHMFFBJ58CA,社北段,117.66,都市：住
RPXPMLQKLHMFFBJ76CA,台科段,72.14,都市：住
RPTTMLSJLHMFFCJ96CA,明湖段,148.07,非都市：山坡地保育區 ; 非都市編定：丙種建築用地
RPWNMLTKLHMFFBJ76CA,莊敬段,9.58,都市：商
RPXNMLTKLHMFFBJ86CA,莊敬段,9.58,都市：商
RPVNMLTKLHMFFBJ66CA,莊敬段,10.10,都市：商
RPUNMLTKLHMFFBJ56CA,莊敬段,13.08,都市：商
RPSNMLTKLHMFFBJ98CA,莊敬段,13.08,都市：商
RPUTMLSJLHMFFCJ07CA,中山段,76.00,都市：住
RPPNMLQJLHMFFCJ38CA,煤源段,18020.00,非都市：山坡地保育區 ; 非都市編定：林業用地
RPVNMLQJLHMFFCJ98CA,東寧段,33.90,都市：住
RPQNMLQJLHMFFDJ68DA,中美段,95.00,都市：住
RPRNMLQJLHMFFCJ58CA,竹東段竹東小段,12.97,都市：住
RPRNMLKKLHMFFBJ97CA,永興段,39.00,都市：商
RPQNMLSJLHMFFDJ78CA,坪頂段,23.34,非都市：鄉村區 ; 非都市編定：乙種建築用地
RPQNMLSJLHMFFDJ78CA,坪頂段,78.98,非都市：鄉村區 ; 非都市編定：乙種建築用地
RPQNMLSJLHMFFDJ78CA,坪頂段,5.29,非都市：鄉村區 ; 非都市編定：乙種建築用地
RPQNMLSJLHMFFDJ78CA,坪頂段,6.46,非都市：鄉村區 ; 非都市編定：乙種建築用地
RPQNMLSJLHMFFDJ78CA,坪頂段,3.50,非都市：鄉村區 ; 非都市編定：乙種建築用地
RPUNMLRJLHMFFDJ09CA,坪頂段,40.62,非都市：鄉村區 ; 非都市編定：乙種建築用地
RPUNMLRJLHMFFDJ09CA,坪頂段,11.21,非都市：鄉村區 ; 非都市編定：乙種建築用地
RPUNMLRJLHMFFDJ09CA,坪頂段,87.33,非都市：鄉村區 ; 非都市編定：乙種建築用地
RPPNMLOJLHMFFDJ28CA,吉祥段,38.09,非都市：鄉村區 ; 非都市編定：乙種建築用地
RPQNMLOJLHMFFDJ38CA,信勢段,98.51,都市：住
RPRNMLRJLHMFFDJ78CA,吉祥段,33.45,非都市：鄉村區 ; 非都市編定：乙種建築用地
RPRNMLRJLHMFFDJ78CA,吉祥段,81.32,非都市：一般農業區 ; 非都市編定：甲種建築用地
RPRNMLRJLHMFFDJ78CA,吉祥段,136.05,非都市：一般農業區 ; 非都市編定：甲種建築用地
RPQNMLNKLHMFFCJ28CA,資源段,3.74,都市：住
RPQNMLNKLHMFFCJ28CA,資源段,7.53,都市：住
RPOOMLLLLHMFFCJ08CA,竹東段番社子小段,16.30,都市：住
RPPNMLRJLHMFFDJ58CA,福興段十一股小段,1552.00,非都市：特定農業區 ; 非都市編定：農牧用地
RPPNMLRJLHMFFDJ58CA,福興段十一股小段,2089.00,非都市：特定農業區 ; 非都市編定：農牧用地
RPSNMLRJLHMFFDJ88CA,東湖段,127.00,都市：農
RPWNMLRJLHMFFDJ66CA,永安段,30.80,非都市：鄉村區 ; 非都市編定：乙種建築用地
RPWNMLRJLHMFFDJ66CA,永安段,.58,非都市：鄉村區 ; 非都市編定：乙種建築用地
RPXNMLSJLHMFFDJ86CA,明新段,107.35,都市：住
RPSOMLKKLHMFFDJ38CA,中義段,288.67,都市：住
RPXNMLRJLHMFFDJ76CA,北湖段,30.32,都市：農
RPPNMLSJLHMFFDJ68CA,泰豐段,9.60,都市：住
RPTNMLQJLHMFFDJ88CA,後湖段埔頂小段,2223.00,非都市：特定農業區 ; 非都市編定：農牧用地
RPTNMLQJLHMFFBJ78DA,大旱坑段小東坑小段,2560.00,非都市：山坡地保育區 ; 非都市編定：農牧用地
RPRNMLLLLHMFFCJ28CA,華山段,80.82,非都市：鄉村區 ; 非都市編定：乙種建築用地
RPUNMLKLLHMFFDJ58CA,員興段,1900.75,非都市：山坡地保育區 ; 非都市編定：農牧用地
RPVNMLKLLHMFFDJ68CA,員興段,661.13,非都市：山坡地保育區 ; 非都市編定：農牧用地
RPTNMLKLLHMFFDJ48CA,員興段,1156.91,非都市：山坡地保育區 ; 非都市編定：農牧用地
RPPNMLRJLHMFFBJ48DA,東興段,14.65,都市：住
RPPNMLRJLHMFFBJ48DA,東興段,5.12,都市：住
RPQNMLRKLHMFFCJ68CA,濫子段薯園小段,5587.00,非都市：山坡地保育區 ; 非都市編定：林業用地
RPQNMLMLLHMFFCJ28CA,濫子段尖筆窩小段,26.00,非都市：山坡地保育區 ; 非都市編定：農牧用地
RPQNMLMLLHMFFCJ28CA,濫子段尖筆窩小段,77.67,非都市：山坡地保育區 ; 非都市編定：農牧用地
RPQNMLMLLHMFFCJ28CA,濫子段尖筆窩小段,22.67,非都市：山坡地保育區 ; 非都市編定：農牧用地
RPQNMLMLLHMFFCJ28CA,濫子段尖筆窩小段,806.67,非都市：山坡地保育區 ; 非都市編定：農牧用地
RPQNMLMLLHMFFCJ28CA,濫子段尖筆窩小段,48.33,非都市：山坡地保育區 ; 非都市編定：農牧用地
RPQNMLMLLHMFFCJ28CA,濫子段尖筆窩小段,444.67,非都市：山坡地保育區 ; 非都市編定：農牧用地
RPQNMLMLLHMFFCJ28CA,濫子段尖筆窩小段,50.00,非都市：山坡地保育區 ; 非都市編定：農牧用地
RPTNMLRKLHMFFDJ09CA,建興段鳳凰小段,5.55,非都市：工業區 ; 非都市編定：丁種建築用地
RPOOMLPKLHMFFDJ48CA,文昌段,24.23,都市：住
RPXNMLRJLHMFFCJ66CA,芎林段高頭小段,16.83,非都市：山坡地保育區 ; 非都市編定：農牧用地
RPUOMLRJLHMFFCJ56DA,柯子湖段,396.73,都市：工
RPOOMLRJLHMFFCJ48CA,芎林段高頭小段,16.83,非都市：山坡地保育區 ; 非都市編定：農牧用地
RPUNMLOKLHMFFDJ88CA,文昌段,24.23,都市：住
RPUNMLQJLHMFFCJ88CA,中正段,11.25,都市：住
RPUNMLQJLHMFFCJ88CA,中正段,101.92,都市：住
RPPNMLLMLHMFFCJ18CA,資源段,21.63,都市：住
RPXNMLOKLHMFFDJ56CA,文昌段,24.23,都市：住
RPXQMLRJLHMFFBJ86CA,文化段,210.78,都市：住
RPQOMLPKLHMFFBJ48CA,南平段,7547.50,非都市：山坡地保育區 ; 非都市編定：農牧用地
RPOOMLOKLHMFFDJ38CA,文昌段,24.23,都市：住
RPWNMLOKLHMFFDJ09CA,文昌段,24.23,都市：住
RPOQMLRJLHMFFBJ58CA,莊敬段,26.79,都市：住
RPSNMLTLLHMFFDJ66CA,中興段復興小段,16.00,非都市：工業區 ; 非都市編定：丁種建築用地
RPXNMLOKLHMFFBJ98CA,莊敬段,15.25,都市：商
RPPNMLLKLHMFFBJ87CA,家興段,57.83,都市：住
RPTOMLSJLHMFFBJ98CA,台科段,42.81,都市：住
RPSNMLKLLHMFFBJ18CA,公園段,31.21,都市：住
RPPOMLKLLHMFFBJ97CA,公園段,39.55,都市：住
RPUNMLTJLHMFFBJ09CA,永興段,2.12,都市：住
RPUNMLTJLHMFFBJ09CA,永興段,2.12,都市：住
RPUNMLTJLHMFFBJ09CA,永興段,1.58,都市：住
RPUNMLTJLHMFFBJ09CA,永興段,1.58,都市：住
RPUNMLTJLHMFFBJ09CA,永興段,23.68,都市：住
RPUNMLTJLHMFFBJ09CA,永興段,23.68,都市：住
RPUNMLTJLHMFFBJ09CA,永興段,15.48,都市：住
RPUNMLTJLHMFFBJ09CA,永興段,15.48,都市：住
RPVTMLSJLHMFFCJ17CA,藤坪段六寮小段,1552.00,非都市：山坡地保育區 ; 非都市編定：農牧用地
RPVTMLSJLHMFFCJ17CA,藤坪段六寮小段,820.00,非都市：山坡地保育區 ; 非都市編定：農牧用地
RPTNMLMLLHMFFBJ48CA,台科段,10.83,都市：商
RPVNMLMLLHMFFBJ68CA,隘興段,21.77,都市：商
RPROMLRKLHMFFBJ78CA,翰林段,29.19,都市：住
RPTNMLRKLHMFFBJ88CA,東華段,22.10,都市：住
RPOOMLRKLHMFFBJ48CA,三聖段,1259.73,非都市：山坡地保育區 ; 非都市編定：農牧用地
RPWNMLNKLHMFFBJ78CA,永興段,46.31,都市：商
RPPNMLLMLHMFFDJ28CA,泰豐段,29.02,都市：住
RPTPMLPKLHMFFCJ98CA,杞林段,26.68,都市：住
RPXOMLPKLHMFFCJ66CA,杞林段,29.89,都市：住
RPQPMLPKLHMFFCJ68CA,杞林段,29.89,都市：住
SPTPMLPKLHMFFCJ09CA,杞林段,29.89,都市：住
RPOPMLPKLHMFFCJ48CA,杞林段,29.89,都市：住
RPPPMLPKLHMFFCJ58CA,杞林段,29.89,都市：住
RPUPMLPKLHMFFCJ09CA,杞林段,29.89,都市：住
RPSPMLPKLHMFFCJ88CA,杞林段,29.89,都市：住
RPRPMLPKLHMFFCJ78CA,杞林段,29.89,都市：住
RPVPMLPKLHMFFCJ56CA,杞林段,29.89,都市：住
RPSNMLPKLHMFFDJ78CA,坪頂段,1.64,非都市：鄉村區 ; 非都市編定：乙種建築用地
RPSNMLPKLHMFFDJ78CA,坪頂段,73.51,非都市：鄉村區 ; 非都市編定：乙種建築用地
RPSNMLPKLHMFFDJ78CA,坪頂段,1.36,非都市：鄉村區 ; 非都市編定：乙種建築用地
RPVNMLPKLHMFFDJ09CA,建興段鳳凰小段,10.83,非都市：工業區 ; 非都市編定：丁種建築用地
RPSQMLPKLHMFFCJ98CA,杞林段,29.89,都市：住
RPTQMLPKLHMFFCJ09CA,杞林段,29.89,都市：住
RPPQMLPKLHMFFCJ68CA,杞林段,29.89,都市：住
RPXPMLPKLHMFFCJ76CA,杞林段,29.89,都市：住
RPQQMLPKLHMFFCJ78CA,杞林段,29.89,都市：住
RPVQMLPKLHMFFCJ66CA,杞林段,29.89,都市：住
RPWQMLPKLHMFFCJ76CA,杞林段,29.89,都市：住
RPQNMLRKLHMFFDJ78CA,員興段,74.35,非都市：一般農業區 ; 非都市編定：甲種建築用地
RPPOMLKKLHMFFDJ18DA,永安段,3.56,非都市：鄉村區 ; 非都市編定：乙種建築用地
RPQNMLTJLHMFFDJ88CA,成功段,173.41,非都市：特定農業區 ; 非都市編定：丁種建築用地
RPQNMLTJLHMFFDJ88CA,成功段,250.24,非都市：特定農業區 ; 非都市編定：甲種建築用地
RPQNMLOKLHMFFDJ58DA,東湖段,138.00,都市：住
RPQNMLOKLHMFFDJ58DA,東湖段,21.00,都市：住
RPQNMLOKLHMFFDJ58DA,東湖段,158.00,都市：住
RPWNMLSJLHMFFDJ86DA,永安段,20.97,非都市：鄉村區 ; 非都市編定：乙種建築用地
RPOOMLSJLHMFFDJ68CA,德盛段,925.00,非都市：特定農業區 ; 非都市編定：農牧用地
RPPOMLSJLHMFFDJ78CA,長威段,75.74,非都市：特定農業區 ; 非都市編定：甲種建築用地
RPSOMLSJLHMFFDJ09CA,中興段中興小段,35.00,非都市：工業區 ; 非都市編定：丁種建築用地
RPVNMLKLLHMFFCJ58CA,赤柯寮段,5104.48,非都市：山坡地保育區 ; 非都市編定：農牧用地
RPUNMLSJLHMFFDJ56CA,中興段中興小段,24.81,非都市：工業區 ; 非都市編定：丁種建築用地
RPQOMLLLLHMFFCJ28CA,仁愛段,20.51,都市：住
RPVNMLKKLHMFFDJ58CA,南湖段,244.46,都市：住
RPRPMLOKLHMFFCJ68CA,雞油凸段三叉凸小段,232.00,非都市：山坡地保育區 ; 非都市編定：丙種建築用地
RPSOMLKLLHMFFCJ38CA,杞林段,33.69,都市：住
RPUOMLKLLHMFFCJ58CA,杞林段,44.52,都市：住
RPROMLKLLHMFFCJ28CA,杞林段,35.54,都市：住
RPTOMLKLLHMFFCJ48CA,杞林段,35.22,都市：住
RPRNMLSLLHMFFBJ88CA,台科段,26.85,都市：住
RPSNMLKMLHMFFCJ38CA,煤源段,315.00,非都市：山坡地保育區 ; 非都市編定：農牧用地
RPTNMLKMLHMFFCJ48CA,新樂段水田小段,20091.00,非都市：山坡地保育區 ; 非都市編定：林業用地
RPTNMLKMLHMFFCJ48CA,新樂段水田小段,1290.00,非都市：山坡地保育區 ; 非都市編定：林業用地
RPQNMLQLLHMFFCJ68CA,大雅段,295.64,非都市：山坡地保育區 ; 非都市編定：丙種建築用地
RPPNMLQKLHMFFCJ48CA,杞林段,26.68,都市：住
RPQNMLQKLHMFFCJ58CA,杞林段,26.68,都市：住
RPRNMLQKLHMFFCJ68CA,杞林段,26.68,都市：住
RPQRMLPKLHMFFCJ88CA,杞林段,26.68,都市：住
RPURMLPKLHMFFCJ66CA,杞林段,26.68,都市：住
RPORMLPKLHMFFCJ68CA,杞林段,26.68,都市：住
RPSNMLQKLHMFFCJ78CA,杞林段,26.68,都市：住
RPRRMLPKLHMFFCJ98CA,杞林段,26.68,都市：住
RPTNMLQKLHMFFCJ88CA,杞林段,26.68,都市：住
RPTRMLPKLHMFFCJ56CA,杞林段,26.68,都市：住
RPVRMLPKLHMFFCJ76CA,杞林段,26.68,都市：住
RPPRMLPKLHMFFCJ78CA,杞林段,26.68,都市：住
RPSRMLPKLHMFFCJ09CA,杞林段,26.68,都市：住
RPPNMLKKLHMFFDJ08DA,中湖段,4.16,都市：住
RPUNMLPKLHMFFDJ98CA,中美段,28.75,都市：其他
RPQNMLPLLHMFFBJ48CA,台科段,31.39,都市：商
RPRNMLPLLHMFFBJ58CA,台科段,43.70,都市：商
RPPOMLOKLHMFFDJ48CA,員興段,1.94,非都市：山坡地保育區 ; 非都市編定：丙種建築用地
RPPOMLOKLHMFFDJ48CA,員興段,109.16,非都市：山坡地保育區 ; 非都市編定：丙種建築用地
RPRNMLTJLHMFFBJ88DA,正興段,109.53,都市：其他
RPUNMLKKLHMFFBJ38DA,隘興段,56.25,都市：住
RPUNMLKKLHMFFBJ38DA,隘興段,11.93,都市：住
RPPNMLRKLHMFFDJ68CA,振興段,1.13,都市：住
RPPNMLRKLHMFFDJ68CA,振興段,.33,都市：住
RPPNMLRKLHMFFDJ68CA,振興段,22.02,都市：住
RPPNMLRKLHMFFDJ68CA,振興段,.29,都市：住
RPVNMLTJLHMFFBJ56CA,站前段,70.93,都市：其他
RPVNMLKLLHMFFBJ48CA,大旱坑段大東坑小段,695.50,非都市：山坡地保育區 ; 非都市編定：農牧用地
RPVQMLSJLHMFFBJ76CA,永興段,4.92,都市：其他
RPXNMLTJLHMFFBJ76CA,莊敬段,7.86,都市：商
RPWNMLTJLHMFFBJ66CA,莊敬段,13.00,都市：商
RPPNMLNKLHMFFBJ08CA,隘興段,27.47,都市：住
RPPNMLKKLHMFFBJ77CA,華興段,28.54,都市：住
RPPNMLKKLHMFFBJ77CA,華興段,1.95,都市：住
RPPNMLKKLHMFFBJ77CA,華興段,.25,都市：住
RPPNMLKKLHMFFBJ77CA,華興段,.82,都市：住
RPPNMLKKLHMFFBJ77CA,華興段,.44,都市：住
RPQNMLNKLHMFFBJ18CA,自強段,134.58,都市：住
RPQNMLNKLHMFFBJ18CA,自強段,103.29,都市：住
RPQNMLNKLHMFFBJ18CA,自強段,114.29,都市：住
RPXOMLTLLHMFFDJ27CA,長威段,114.97,非都市：鄉村區 ; 非都市編定：乙種建築用地
RPQNMLRJMHMFFBJ58CA,西安段,91.41,都市：住
RPWNMLKLLHMFFBJ58CA,大旱坑段大東坑小段,2086.50,非都市：山坡地保育區 ; 非都市編定：農牧用地
RPRNMLOKLHMFFCJ48CA,富林段,216.75,非都市：鄉村區 ; 非都市編定：乙種建築用地
RPOOMLNKLHMFFCJ18CA,志學段,24.86,都市：其他
RPOOMLNKLHMFFCJ18CA,志學段,.19,都市：其他
RPOOMLNKLHMFFCJ18CA,志學段,.01,都市：其他
RPOPMLKMLHMFFBJ08CA,義民段,22.67,非都市：鄉村區 ; 非都市編定：乙種建築用地
RPOPMLKMLHMFFBJ08CA,義民段,55.00,非都市：鄉村區 ; 非都市編定：乙種建築用地
RPWQMLSJLHMFFBJ86CA,隘興段,22.12,都市：住
RPPNMLKKLHMFFCJ87CA,義興段義興小段,60370.00,非都市：山坡地保育區 ; 非都市編定：林業用地
RPRNMLRKLHMFFBJ68CA,隘興段,63.30,都市：住
RPRNMLRKLHMFFBJ68CA,隘興段,17.58,都市：住
RPRNMLRKLHMFFBJ68CA,隘興段,17.97,都市：住
RPPNMLMKLHMFFDJ18CA,長威段,30.63,非都市：鄉村區 ; 非都市編定：乙種建築用地
RPPNMLMKLHMFFDJ18CA,長威段,147.79,非都市：鄉村區 ; 非都市編定：乙種建築用地
RPPNMLMKLHMFFDJ18CA,長威段,152.82,非都市：鄉村區 ; 非都市編定：乙種建築用地
RPPNMLMKLHMFFDJ18CA,長威段,76.53,非都市：鄉村區 ; 非都市編定：乙種建築用地
RPRNMLQKLHMFFDJ78CA,建興段鳳凰小段,78.00,非都市：工業區 ; 非都市編定：丁種建築用地
RPQNMLKKLHMFFDJ18DA,中湖段,179.20,都市：住
RPPNMLOLLHMFFDJ48CA,德興段,41.44,都市：其他
RPTQMLTJLHMFFCJ76CA,新頭分林段,1529.55,非都市：山坡地保育區 ; 非都市編定：農牧用地
RPTQMLTJLHMFFCJ76CA,新頭分林段,1529.55,非都市：山坡地保育區 ; 非都市編定：農牧用地
RPSOMLLLLHMFFBJ38CA,麻園段,14.52,非都市：特定農業區 ; 非都市編定：甲種建築用地
RPSOMLLLLHMFFBJ38CA,麻園段,60.00,非都市：特定農業區 ; 非都市編定：甲種建築用地
RPQPMLLLLHMFFBJ28CA,家興段,15.88,都市：商
RPPNMLLLLHMFFBJ97CA,台元段,85.25,都市：工
RPXNMLNKLHMFFBJ88CA,台科段,21.29,都市：商
RPUNMLKMLHMFFCJ58CA,嘉樂段,701.00,非都市：山坡地保育區 ; 非都市編定：農牧用地
RPUNMLQKLHMFFCJ98CA,杞林段,26.68,都市：住
RPVNMLQKLHMFFCJ09CA,杞林段,26.68,都市：住
RPQOMLTLLHMFFCJ09CA,富興段西河排小段,446.28,非都市：山坡地保育區 ; 非都市編定：農牧用地
RPUOMLPKLHMFFCJ98CA,梅花段,2855.00,非都市：山坡地保育區 ; 非都市編定：農牧用地
RPUNMLPJMHMFFDJ09DA,長威段,165.28,非都市：鄉村區 ; 非都市編定：乙種建築用地
RPTNMLPJMHMFFDJ98DA,長威段,501.83,非都市：鄉村區 ; 非都市編定：乙種建築用地
RPTNMLPJMHMFFDJ98DA,長威段,158.38,非都市：鄉村區 ; 非都市編定：乙種建築用地
RPTNMLPJMHMFFDJ98DA,長威段,28.26,非都市：特定農業區 ; 非都市編定：甲種建築用地
RPTNMLKKLHMFFDJ38CA,北安段,5.59,非都市：一般農業區 ; 非都市編定：交通用地
RPTNMLKKLHMFFDJ38CA,北安段,145.01,非都市：一般農業區 ; 非都市編定：水利用地
RPWNMLKLLHMFFCJ68CA,沙坑壹段,383.35,非都市：山坡地保育區 ; 非都市編定：交通用地
RPQNMLKMLHMFFCJ18CA,梅林段,4830.00,非都市：山坡地保育區 ; 非都市編定：林業用地
RPRNMLKMLHMFFCJ28CA,梅花段,4783.00,非都市：山坡地保育區 ; 非都市編定：農牧用地
RPQOMLKLLHMFFCJ18CA,杞林段,17.78,都市：住
RPQOMLKLLHMFFCJ18CA,杞林段,8.89,都市：住
RPOOMLPKLHMFFBJ28CA,永興段,40.46,都市：住
RPTNMLTJLHMFFDJ56CA,德盛段,2200.00,非都市：特定農業區 ; 非都市編定：農牧用地
RPTNMLKLLHMFFCJ38CA,華安段,721.61,非都市：山坡地保育區 ; 非都市編定：國土保安用地
RPTNMLKLLHMFFCJ38CA,華安段,258.03,非都市：山坡地保育區 ; 非都市編定：國土保安用地
RPSNMLOLLHMFFDJ78CA,泰豐段,40.04,都市：住
RPRNMLPKLHMFFCJ58CA,北興段,48.03,都市：住
RPRNMLOKLHMFFDJ58CA,泰豐段,11.91,都市：住
RPVOMLPJMHMFFCJ09CA,九莊段,67.18,都市：住
RPQNMLPKLHMFFDJ58CA,東湖段,140.00,都市：住
RPRNMLPKLHMFFDJ68CA,坪頂段,83.57,非都市：鄉村區 ; 非都市編定：乙種建築用地
RPRNMLPKLHMFFDJ68CA,坪頂段,86.59,非都市：鄉村區 ; 非都市編定：乙種建築用地
RPSOMLNLLHMFFCJ68CA,梅花段,7250.00,非都市：山坡地保育區 ; 非都市編定：林業用地
RPPNMLSLLHMFFCJ78CA,仁愛段,163.00,都市：住
RPPNMLSLLHMFFCJ78CA,仁愛段,163.00,都市：住
RPRNMLSLLHMFFCJ98CA,明湖段,28.98,都市：住
RPOOMLNLLHMFFCJ28CA,明湖段,29.15,都市：住
RPUPMLKKLHMFFCJ58CA,竹東段竹東小段,81.00,都市：商
RPSOMLNKLHMFFCJ58CA,仁愛段,21.50,都市：住
RPSOMLNKLHMFFCJ58CA,仁愛段,87.00,都市：住
RPSOMLNKLHMFFCJ58CA,仁愛段,4.50,都市：住
RPPNMLNKLHMFFCJ18CA,梅花段,185.00,非都市： ; 非都市編定：
RPSNMLOLLHMFFCJ68CA,旭光段,.52,都市：其他
RPSNMLOLLHMFFCJ68CA,旭光段,31.45,都市：其他
RPQNMLOLLHMFFCJ48CA,旭光段,.48,都市：其他
RPQNMLOLLHMFFCJ48CA,旭光段,29.28,都市：其他
RPRNMLQJMHMFFDJ78CA,竹九段,116.02,非都市：一般農業區 ; 非都市編定：甲種建築用地
RPOPMLLLLHMFFBJ08CA,自強段,42.73,都市：住
RPXNMLRLLHMFFBJ76CA,自強段,20.11,都市：住
RPQOMLRLLHMFFBJ78CA,中興段,17.26,都市：住
RPOOMLRLLHMFFBJ58CA,自強段,21.40,都市：住
RPVNMLSLLHMFFBJ66CA,台科段,56.12,都市：住
RPPQMLQKLHMFFBJ68CA,莊敬段,17.36,都市：住
RPRNMLTKLHMFFBJ88CA,台科段,33.35,都市：住
RPQOMLRKLHMFFBJ68CA,隘興段,31.73,都市：住
RPQOMLRKLHMFFBJ68CA,隘興段,57.36,都市：住
RPTNMLKLLHMFFBJ28CA,家興段,56.51,都市：住
RPTNMLKLLHMFFBJ28CA,家興段,20.09,都市：住
RPQNMLRJMHMFFDJ78CA,和興段,60.00,非都市：特定農業區 ; 非都市編定：甲種建築用地
RPSRMLNKLHMFFBJ78CA,自強段,50.04,都市：商
RPTNMLPKLHMFFBJ68CA,大學段,13.27,都市：商
RPWNMLKKLHMFFBJ48CA,中山段,1200.66,都市：農
RPVRMLNKLHMFFBJ09CA,家興段,51.72,都市：住
RPURMLNKLHMFFBJ98CA,家興段,40.63,都市：住
RPTRMLNKLHMFFBJ88CA,家興段,9.62,都市：住
RPXNMLKKLHMFFBJ58CA,東華段,23.16,都市：住
RPWNMLLKMHMFFCJ78CA,新庄段,453.35,非都市：特定農業區 ; 非都市編定：農牧用地
RPSNMLRKLHMFFBJ78CA,水車頭段,2311.19,非都市：山坡地保育區 ; 非都市編定：農牧用地
RPOSMLNKLHMFFBJ48CA,莊敬段,28.74,都市：住
RPVNMLNKLHMFFBJ68CA,莊敬段,28.74,都市：住
RPTNMLNKLHMFFBJ48CA,中興段,23.87,都市：商
RPTNMLNKLHMFFBJ48CA,中興段,.61,都市：商
RPUNMLNKLHMFFBJ58CA,莊敬段,138.66,都市：住
RPPNMLQKLHMFFBJ38CA,自強段,23.35,都市：商
RPQNMLQKLHMFFBJ48CA,自強段,25.68,都市：商
RPWPMLQKLHMFFBJ66CA,莊敬段,22.38,都市：商
RPQPMLQKLHMFFBJ68CA,家興段,23.03,都市：住
RPPPMLQKLHMFFBJ58CA,家興段,23.03,都市：住
RPWRMLNKLHMFFBJ56CA,中興段,35.85,都市：住
RPROMLSLLHMFFDJ56CA,瑞興段,1197.00,非都市：特定農業區 ; 非都市編定：農牧用地
RPROMLSLLHMFFDJ56CA,瑞興段,990.00,非都市：特定農業區 ; 非都市編定：農牧用地
RPWNMLSLLHMFFBJ76CA,公園段,39.97,都市：住
RPXNMLKMLHMFFBJ78CA,隘興段,2.10,都市：住
RPPNMLOKLHMFFDJ38CA,後湖段埔和小段,2141.00,非都市：特定農業區 ; 非都市編定：農牧用地
RPQNMLOKLHMFFBJ28CA,豆子埔段,8.79,都市：商
RPWNMLPKLHMFFDJ56CA,後湖段埔頂小段,2573.00,非都市：特定農業區 ; 非都市編定：農牧用地
RPWNMLPKLHMFFDJ56CA,後湖段埔頂小段,184.00,非都市：特定農業區 ; 非都市編定：交通用地
RPRNMLNKLHMFFDJ48CA,中義段,83.65,都市：住
RPQNMLQKLHMFFDJ68CA,中義段,73.20,都市：住
RPQNMLQKLHMFFDJ68CA,中義段,25.04,都市：住
RPPNMLPKLHMFFBJ28CA,舊港段漁寮小段,6.00,非都市： ; 非都市編定：
RPPNMLPKLHMFFBJ28CA,舊港段漁寮小段,26.00,非都市： ; 非都市編定：
RPRNMLOLLHMFFDJ68CA,鳳坑段,132.00,非都市：山坡地保育區 ; 非都市編定：農牧用地
RPUNMLRKLHMFFDJ56CA,文昌段,24.23,都市：住
RPSOMLPJMHMFFBJ68CA,莊敬段,10.10,都市：商
RPTOMLPJMHMFFBJ78CA,莊敬段,13.15,都市：商
RPTNMLTLLHMFFDJ76CA,崁頭段,31.64,非都市：特定農業區 ; 非都市編定：甲種建築用地
RPXNMLLKMHMFFCJ88CA,新庄段,78.55,非都市：特定農業區 ; 非都市編定：農牧用地
RPTNMLLLLHMFFDJ58CA,興湖段,161.00,都市：商
RPWNMLKMLHMFFDJ88CA,泰豐段,65.06,都市：住
RPROMLNLLHMFFCJ58CA,明湖段,30.42,都市：住
RPTNMLOLLHMFFCJ78CA,旭光段,.53,都市：其他
RPTNMLOLLHMFFCJ78CA,旭光段,32.22,都市：其他
RPRNMLOLLHMFFCJ58CA,旭光段,.39,都市：其他
RPRNMLOLLHMFFCJ58CA,旭光段,23.86,都市：其他
RPPOMLRJMHMFFCJ78DA,資源段,75.00,都市：住
RPPPMLKLLHMFFCJ18CA,東寧段,21.01,都市：住
RPTOMLQKLHMFFCJ56EA,內灣段,17.86,非都市：山坡地保育區 ; 非都市編定：丙種建築用地
RPPOMLKKMHMFFDJ18CA,池和段,144.16,非都市：特定農業區 ; 非都市編定：甲種建築用地
RPUNMLSLLHMFFCJ66CA,矺子段,1340.62,非都市：特定農業區 ; 非都市編定：農牧用地
RPTNMLSLLHMFFCJ56CA,矺子段,1600.44,非都市：特定農業區 ; 非都市編定：農牧用地
RPPNMLQLLHMFFCJ58CA,明湖段,118.08,非都市：山坡地保育區 ; 非都市編定：丙種建築用地
RPPNMLTLLHMFFCJ88CA,油林段,54.00,都市：住
RPUNMLOLLHMFFCJ88CA,旭光段,.53,都市：其他
RPUNMLOLLHMFFCJ88CA,旭光段,31.91,都市：其他
RPPOMLKLLHMFFCJ08CA,公園段,6.31,都市：其他
RPPOMLKLLHMFFCJ08CA,公園段,1.96,都市：其他
RPVNMLOLLHMFFCJ98CA,旭光段,.40,都市：其他
RPVNMLOLLHMFFCJ98CA,旭光段,24.01,都市：其他
RPSNMLLMLHMFFCJ48CA,王爺坑段,150.00,非都市：山坡地保育區 ; 非都市編定：丙種建築用地
RPWNMLOLLHMFFCJ09CA,旭光段,.48,都市：其他
RPWNMLOLLHMFFCJ09CA,旭光段,28.97,都市：其他
RPQOMLOLLHMFFCJ58CA,四重段,35.45,非都市：特定農業區 ; 非都市編定：甲種建築用地
RPVOMLPKLHMFFCJ09CA,重光段,315.68,都市：住
RPXOMLLLLHMFFCJ98CA,竹中段,8.79,都市：住
RPWOMLMLLHMFFCJ98CA,油林段,32.00,都市：住
RPWOMLMLLHMFFCJ98CA,油林段,18.00,都市：住
RPQPMLOKLHMFFCJ58CA,新城段新城小段,34.00,非都市：山坡地保育區 ; 非都市編定：農牧用地
RPPPMLOKLHMFFCJ48CA,新城段新城小段,2513.00,非都市：山坡地保育區 ; 非都市編定：農牧用地
RPSNMLLLLHMFFDJ48CA,福陽段,59.11,非都市：鄉村區 ; 非都市編定：乙種建築用地
RPSNMLLLLHMFFDJ48CA,福陽段,.05,非都市：鄉村區 ; 非都市編定：乙種建築用地
RPSNMLLLLHMFFDJ48CA,福陽段,1.72,非都市：鄉村區 ; 非都市編定：乙種建築用地
RPRNMLKKMHMFFCJ18CA,金獅段,56.17,非都市：特定農業區 ; 非都市編定：甲種建築用地
RPUNMLNLLHMFFBJ78DA,國義段,22.17,都市：住
RPPNMLRLLHMFFDJ78CA,文昌段,24.23,都市：住
RPQNMLPKLHMFFCJ48CA,赤柯寮段,86.31,非都市：山坡地保育區 ; 非都市編定：丙種建築用地
RPVNMLRKLHMFFDJ66CA,文昌段,48.47,都市：住
RPVNMLRKLHMFFDJ66CA,文昌段,4.04,都市：其他
RPWNMLPKLHMFFCJ09CA,沙坑貳段,400.07,非都市：鄉村區 ; 非都市編定：乙種建築用地
RPTOMLPKLHMFFCJ88CA,旭光段,65.32,都市：住
RPTOMLPKLHMFFCJ88CA,旭光段,78.71,都市：住
RPTOMLPKLHMFFCJ88CA,旭光段,82.46,都市：住
RPWNMLRKLHMFFDJ76CA,文昌段,24.23,都市：住
RPPOMLRKLHMFFDJ78CA,文昌段,24.23,都市：住
RPQOMLRKLHMFFDJ88CA,文昌段,24.23,都市：住
RPSOMLRKLHMFFDJ09CA,文昌段,24.23,都市：住
RPROMLRKLHMFFDJ98CA,文昌段,24.23,都市：住
RPOOMLRKLHMFFDJ68CA,文昌段,24.23,都市：住
RPTNMLMLLHMFFDJ68CA,振興段,24.68,都市：住
RPTNMLOKLHMFFDJ78CA,錦安段,33.10,都市：住
RPTNMLOKLHMFFDJ78CA,錦安段,111.14,都市：住
RPXNMLRKLHMFFBJ66CA,公園段,58.07,都市：住
RPXQMLPKLHMFFCJ86CA,明星段,138.42,都市：其他
RPXOMLRKLHMFFDJ96CA,文昌段,24.23,都市：住
RPVOMLRKLHMFFDJ76CA,文昌段,24.23,都市：住
RPUOMLRKLHMFFDJ66CA,文昌段,24.23,都市：住
RPTOMLRKLHMFFDJ56CA,文昌段,24.23,都市：住
RPPNMLOKLHMFFBJ18CA,國義段,22.19,都市：住
RPWOMLOKLHMFFBJ98CA,隘興段,7.50,都市：住
RPTNMLTKLHMFFBJ09CA,新國段,28.94,都市：住
RPQOMLQKLHMFFBJ58CA,隘興段,2.66,都市：住
RPQNMLKLLHMFFBJ97CA,遠東段,1061.79,非都市：特定農業區 ; 非都市編定：農牧用地
RPQNMLKLLHMFFBJ97CA,遠東段,561.71,非都市：特定農業區 ; 非都市編定：農牧用地
RPQNMLKLLHMFFBJ97CA,遠東段,1269.84,非都市：特定農業區 ; 非都市編定：農牧用地
RPVPMLOKLHMFFBJ98CA,東華段,25.75,都市：住
RPVPMLOKLHMFFBJ98CA,東華段,.40,都市：住
RPVPMLOKLHMFFBJ98CA,東華段,.12,都市：住
RPPOMLRKLHMFFBJ58CA,照鏡段,101.40,非都市：山坡地保育區 ; 非都市編定：農牧用地
RPSPMLQKLHMFFBJ88CA,縣華段,57.25,都市：住
RPOPMLQKLHMFFBJ48CA,公園段,142.73,都市：住
RPPOMLKLLHMFFDJ18CA,建興段鳳凰小段,99.00,非都市：工業區 ; 非都市編定：丁種建築用地
RPRNMLMLLHMFFDJ48CA,泰豐段,28.81,都市：住
RPSOMLKLLHMFFBJ28CA,豆子埔段,102.00,都市：住
RPWOMLKLLHMFFBJ68CA,華興段,24.47,都市：住
RPOTMLQJMHMFFBJ88CA,莊敬段,18.29,都市：商
RPPNMLQLLHMFFBJ48CA,社北段,15.80,都市：住
RPUPMLPKLHMFFBJ98CA,自強段,36.77,都市：住
RPRNMLLMLHMFFBJ28CA,水瀧段,13.67,都市：商
RPRNMLRKLHMFFCJ78CA,重光段,330.59,都市：農
RPQNMLTLLHMFFCJ98CA,軟橋段,21.13,非都市：鄉村區 ; 非都市編定：乙種建築用地
RPQNMLTLLHMFFCJ98CA,軟橋段,88.62,非都市：鄉村區 ; 非都市編定：乙種建築用地
RPQNMLTLLHMFFCJ98CA,軟橋段,31.72,非都市：鄉村區 ; 非都市編定：乙種建築用地
RPVOMLLLLHMFFCJ78CA,沙坑貳段,5410.30,非都市：山坡地保育區 ; 非都市編定：農牧用地
RPVOMLLLLHMFFCJ78CA,沙坑貳段,2644.63,非都市：山坡地保育區 ; 非都市編定：農牧用地
RPSOMLMLLHMFFCJ58CA,煤源段,3100.00,非都市：山坡地保育區 ; 非都市編定：林業用地
RPWOMLLLLHMFFCJ88CA,富興段富興小段,51.67,非都市：鄉村區 ; 非都市編定：乙種建築用地
RPWOMLLLLHMFFCJ88CA,富興段富興小段,80.67,非都市：鄉村區 ; 非都市編定：乙種建築用地
RPVNMLOLLHMFFBJ88CA,縣華段,135.83,都市：住
RPOPMLQJMHMFFCJ58CA,雙高段,90.35,非都市：山坡地保育區 ; 非都市編定：丙種建築用地
RPOPMLQJMHMFFCJ58CA,雙高段,90.35,非都市：山坡地保育區 ; 非都市編定：丙種建築用地
RPVSMLRJMHMFFBJ96CA,隘興段,27.34,都市：住
RPPNMLRKLHMFFCJ58CA,明湖段,221.07,非都市：山坡地保育區 ; 非都市編定：丙種建築用地
RPWNMLNLLHMFFCJ98CA,竹東段竹東小段,46.28,都市：住
RPSNMLKLLHMFFCJ28CA,資源段,60.50,都市：住
RPPNMLKLLHMFFCJ97CA,下員段,19.36,非都市：特定農業區 ; 非都市編定：甲種建築用地
RPPNMLKLLHMFFCJ97CA,下員段,2.88,非都市：特定農業區 ; 非都市編定：甲種建築用地
RPPNMLKLLHMFFCJ97CA,下員段,54.00,非都市：特定農業區 ; 非都市編定：甲種建築用地
RPPNMLKLLHMFFCJ97CA,下員段,1.24,非都市：特定農業區 ; 非都市編定：甲種建築用地
RPSOMLLLLHMFFCJ48CA,竹東段竹東小段,69.00,都市：住
RPSNMLRLLHMFFCJ98CA,東寧段,18.97,都市：住
RPQOMLPJMHMFFCJ58CA,明星段,22.00,都市：其他
RPQOMLPJMHMFFCJ58CA,明星段,23.52,都市：住
RPQOMLPJMHMFFCJ58CA,明星段,28.44,都市：住
RPQOMLPJMHMFFCJ58CA,明星段,11.61,都市：住
RPQOMLPJMHMFFCJ58CA,明星段,10.95,都市：其他
RPVNMLRKLHMFFCJ56CA,國王段,131.83,非都市：特定農業區 ; 非都市編定：農牧用地
RPUNMLRLLHMFFDJ66CA,泰豐段,14.51,都市：住
RPPNMLPLLHMFFDJ58CA,東湖段,61.00,都市：住
RPOPMLKLLHMFFCJ08CA,竹東段番社子小段,16.25,都市：住
RPXNMLRKLHMFFCJ76CA,明星段,25.73,都市：住
RPTNMLRKLHMFFCJ98CA,仁愛段,24.96,都市：商
RPTNMLMLLHMFFCJ58CA,竹東段竹東小段,5.24,都市：住
RPTNMLMLLHMFFCJ58CA,竹東段竹東小段,8.64,都市：商
RPUNMLQJMHMFFDJ09CA,泰安段,81.88,都市：住
RPQOMLQKLHMFFCJ88EA,上段,94.00,非都市：山坡地保育區 ; 非都市編定：林業用地
RPQOMLQKLHMFFCJ88EA,上段,387.77,非都市：山坡地保育區 ; 非都市編定：丙種建築用地
RPQOMLQKLHMFFCJ88EA,上段,49.22,非都市：山坡地保育區 ; 非都市編定：林業用地
RPRNMLOKMHMFFCJ58CA,鹿寮坑段,291.00,非都市：山坡地保育區 ; 非都市編定：丙種建築用地
RPRNMLOKMHMFFCJ58CA,鹿寮坑段,9.00,非都市：山坡地保育區 ; 非都市編定：丙種建築用地
RPUNMLLLLHMFFDJ78DA,後湖段埔和小段,142.00,非都市：特定農業區 ; 非都市編定：甲種建築用地
RPUNMLLLLHMFFDJ78DA,後湖段埔和小段,129.00,非都市：特定農業區 ; 非都市編定：甲種建築用地
RPUNMLLLLHMFFDJ78DA,後湖段埔和小段,125.00,非都市：特定農業區 ; 非都市編定：甲種建築用地
RPUNMLLLLHMFFDJ78DA,後湖段埔和小段,134.00,非都市：特定農業區 ; 非都市編定：甲種建築用地
RPUNMLLLLHMFFDJ78DA,後湖段埔和小段,135.00,非都市：特定農業區 ; 非都市編定：甲種建築用地
RPPNMLPLLHMFFBJ38CA,台科段,18.37,都市：商
RPQOMLTLLHMFFDJ56CA,後湖段坡子頭小段,1386.00,非都市：特定農業區 ; 非都市編定：農牧用地
RPQOMLTLLHMFFDJ56CA,後湖段坡子頭小段,1400.00,非都市：特定農業區 ; 非都市編定：農牧用地
RPRNMLLLLHMFFDJ38CA,長威段,12.67,非都市：特定農業區 ; 非都市編定：甲種建築用地
RPRNMLLLLHMFFDJ38CA,長威段,39.70,非都市：特定農業區 ; 非都市編定：甲種建築用地
RPRNMLLLLHMFFDJ38CA,長威段,8.74,非都市：特定農業區 ; 非都市編定：甲種建築用地
RPRNMLLLLHMFFDJ38CA,長威段,7.82,非都市：特定農業區 ; 非都市編定：甲種建築用地
RPRNMLLLLHMFFDJ38CA,長威段,6.34,非都市：特定農業區 ; 非都市編定：甲種建築用地
RPRNMLLLLHMFFDJ38CA,長威段,5.95,非都市：特定農業區 ; 非都市編定：甲種建築用地
RPRNMLLLLHMFFDJ38CA,長威段,38.76,非都市：特定農業區 ; 非都市編定：甲種建築用地
RPRNMLLLLHMFFDJ38CA,長威段,38.22,非都市：特定農業區 ; 非都市編定：甲種建築用地
RPRNMLLLLHMFFDJ38CA,長威段,38.22,非都市：特定農業區 ; 非都市編定：甲種建築用地
RPRNMLLLLHMFFDJ38CA,長威段,48.00,非都市：特定農業區 ; 非都市編定：甲種建築用地
RPRNMLLLLHMFFDJ38CA,長威段,52.16,非都市：特定農業區 ; 非都市編定：甲種建築用地
RPRNMLLLLHMFFDJ38CA,長威段,40.00,非都市：特定農業區 ; 非都市編定：甲種建築用地
RPRNMLLLLHMFFDJ38CA,長威段,42.08,非都市：特定農業區 ; 非都市編定：甲種建築用地
RPRNMLLLLHMFFDJ38CA,長威段,363.56,非都市：特定農業區 ; 非都市編定：甲種建築用地
RPRNMLLLLHMFFDJ38CA,長威段,19.31,非都市：特定農業區 ; 非都市編定：甲種建築用地
RPRNMLLLLHMFFDJ38CA,長威段,16.73,非都市：特定農業區 ; 非都市編定：甲種建築用地
RPRNMLLLLHMFFDJ38CA,長威段,13.03,非都市：特定農業區 ; 非都市編定：甲種建築用地
RPRNMLLLLHMFFDJ38CA,長威段,245.99,非都市：特定農業區 ; 非都市編定：甲種建築用地
RPRNMLLLLHMFFDJ38CA,長威段,246.35,非都市：特定農業區 ; 非都市編定：甲種建築用地
RPRNMLLLLHMFFDJ38CA,長威段,249.60,非都市：特定農業區 ; 非都市編定：甲種建築用地
RPRNMLLLLHMFFDJ38CA,長威段,313.70,非都市：特定農業區 ; 非都市編定：甲種建築用地
RPPNMLKLLHMFFBJ97DA,十六張段暗潭小段,289.00,非都市：山坡地保育區 ; 非都市編定：交通用地
RPVNMLTLLHMFFDJ96CA,建興段鳳凰小段,25.90,非都市：工業區 ; 非都市編定：丁種建築用地
SPVNMLTLLHMFFDJ07CA,建興段鳳凰小段,25.90,非都市：工業區 ; 非都市編定：丁種建築用地
RPWNMLRKLHMFFBJ56CA,東興段,20.71,都市：住
RPXNMLQJMHMFFBJ56CA,縣福段,28.84,都市：住
RPROMLQKLHMFFBJ68CA,中興段,13.68,都市：住
RPVPMLQJMHMFFBJ56CA,家興段,63.98,都市：商
RPTOMLKLLHMFFBJ38CA,自強段,30.80,都市：住
RPUOMLKLLHMFFBJ48CA,自強段,29.35,都市：住
RPPNMLLMLHMFFBJ08CA,國義段,31.26,都市：住
RPPPMLKLLHMFFBJ08CA,福田段,239.56,都市：住
RPWNMLPJMHMFFBJ98CA,台科段,80.78,都市：住
RPOPMLKLLHMFFBJ97CA,大學段,18.11,都市：商
RPVOMLLLLHMFFBJ68CA,中興段,48.93,都市：住
RPVOMLLLLHMFFBJ68CA,中興段,99.05,都市：住
RPVOMLLLLHMFFBJ68CA,中興段,15.00,都市：住
RPSNMLRLLHMFFBJ88CA,自強段,27.40,都市：住
RPROMLLLLHMFFBJ28CA,永興段,22.49,都市：住
RPWRMLQJMHMFFBJ86CA,家興段,9.92,都市：住
RPOVMLQJMHMFFBJ09CA,公園段,36.33,都市：住
RPRPMLLLLHMFFBJ38CA,東華段,396.70,非都市：鄉村區 ; 非都市編定：乙種建築用地
RPOOMLLLLHMFFBJ97CA,公園段,26.56,都市：住
RPTNMLKKMHMFFCJ58EA,志學段,1.66,都市：住
RPTNMLKKMHMFFCJ58EA,志學段,.01,都市：住
RPTNMLKKMHMFFCJ58EA,志學段,.01,都市：住
RPTNMLKKMHMFFCJ58EA,志學段,.01,都市：住
RPQOMLMLLHMFFBJ28CA,莊敬段,9.38,都市：商
RPROMLMLLHMFFBJ38CA,莊敬段,9.38,都市：商
RPTOMLLLLHMFFCJ68DA,柯子湖段,472.58,都市：工
RPSNMLMLLHMFFCJ68EA,志學段,3.33,都市：住
RPSNMLMLLHMFFCJ68EA,志學段,.02,都市：住
RPSNMLMLLHMFFCJ68EA,志學段,.03,都市：住
RPSNMLMLLHMFFCJ68EA,志學段,.01,都市：住
RPPNMLTLLHMFFBJ78CA,溪洲段,75.00,非都市：特定農業區 ; 非都市編定：甲種建築用地
RPPNMLTLLHMFFBJ78CA,溪洲段,15.00,非都市：特定農業區 ; 非都市編定：甲種建築用地
RPSNMLKKMHMFFBJ18CA,永興段,43.70,都市：住
RPSOMLSLLHMFFDJ66CA,泰豐段,86.32,都市：住
RPXOMLQJMHMFFCJ76CA,莒光段,33.06,非都市：山坡地保育區 ; 非都市編定：林業用地
RPRNMLNLLHMFFDJ58CA,綠園段,46.49,非都市：鄉村區 ; 非都市編定：乙種建築用地
RPVNMLPJMHMFFDJ09CA,建興段鳳凰小段,49.00,非都市：工業區 ; 非都市編定：丁種建築用地
RPSNMLNKMHMFFDJ78DA,吉祥段,2.94,非都市：鄉村區 ; 非都市編定：交通用地
RPSNMLLLLHMFFCJ38CA,埔興段,63.06,都市：商
RPSNMLLLLHMFFCJ38CA,埔興段,64.38,都市：商
RPSNMLLLLHMFFCJ38CA,埔興段,4.37,都市：商
RPVNMLLLLHMFFCJ68CA,枋子坑段,1627.16,非都市： ; 非都市編定：
RPOOMLKLLHMFFCJ97CA,中山段,42.30,都市：住
RPWNMLRJMHMFFDJ76CA,湖南段,8.86,非都市：特定農業區 ; 非都市編定：甲種建築用地
RPWNMLRJMHMFFDJ76CA,湖南段,.00,非都市：特定農業區 ; 非都市編定：甲種建築用地
RPPNMLMLLHMFFCJ18CA,寶斗仁段崎林小段,60.00,非都市：山坡地保育區 ; 非都市編定：農牧用地
RPQPMLKLLHMFFCJ28CA,油羅段,2910.00,非都市：山坡地保育區 ; 非都市編定：農牧用地
RPXOMLMLLHMFFCJ09CA,志學段,22.20,都市：其他
RPXOMLMLLHMFFCJ09CA,志學段,.17,都市：其他
RPXOMLMLLHMFFCJ09CA,志學段,.01,都市：其他
RPRNMLTLLHMFFCJ09CA,軟橋段,26.61,非都市：鄉村區 ; 非都市編定：乙種建築用地
RPRNMLTLLHMFFCJ09CA,軟橋段,109.91,非都市：鄉村區 ; 非都市編定：乙種建築用地
RPSNMLTLLHMFFCJ56CA,軟橋段,26.61,非都市：鄉村區 ; 非都市編定：乙種建築用地
RPSNMLTLLHMFFCJ56CA,軟橋段,75.23,非都市：鄉村區 ; 非都市編定：乙種建築用地
RPOOMLKKMHMFFCJ97CA,濫子段薯園小段,9195.00,非都市：山坡地保育區 ; 非都市編定：林業用地
RPQOMLKKMHMFFCJ18CA,濫子段薯園小段,2134.00,非都市：山坡地保育區 ; 非都市編定：林業用地
RPXNMLKKMHMFFCJ78CA,濫子段尖筆窩小段,4904.00,非都市：山坡地保育區 ; 非都市編定：農牧用地
RPXNMLKKMHMFFCJ78CA,濫子段尖筆窩小段,191.00,非都市：山坡地保育區 ; 非都市編定：農牧用地
RPPOMLKKMHMFFCJ08CA,濫子段薯園小段,1522.00,非都市：山坡地保育區 ; 非都市編定：林業用地
RPRNMLLKMHMFFCJ28CA,竹東段竹東小段,30.50,都市：住
RPRNMLLKMHMFFCJ28CA,竹東段竹東小段,86.00,都市：住
RPVOMLQJMHMFFCJ56CA,莒光段,858.37,非都市：山坡地保育區 ; 非都市編定：農牧用地
RPVOMLQJMHMFFCJ56CA,莒光段,1018.19,非都市：山坡地保育區 ; 非都市編定：農牧用地
RPWOMLQJMHMFFCJ66CA,莒光段,46.59,非都市：山坡地保育區 ; 非都市編定：農牧用地
RPROMLQJMHMFFCJ78CA,資源段,29.18,都市：住
RPROMLQJMHMFFCJ78CA,資源段,58.00,都市：住
RPROMLQJMHMFFCJ78CA,資源段,7.35,都市：住
RPSNMLMLLHMFFDJ58CA,中義段,39.24,都市：住
RPSNMLMLLHMFFDJ58CA,中義段,57.45,都市：住
RPSNMLRKLHMFFCJ88CA,水坑貳段,4463.57,非都市：山坡地保育區 ; 非都市編定：農牧用地
RPSNMLRKLHMFFCJ88CA,水坑貳段,532.87,非都市：山坡地保育區 ; 非都市編定：林業用地
RPPNMLLLLHMFFDJ18CA,鳳坑段,504.00,非都市：山坡地保育區 ; 非都市編定：農牧用地
RPQPMLQJMHMFFCJ78CA,莒光段,535.47,非都市：山坡地保育區 ; 非都市編定：農牧用地
RPQPMLQJMHMFFCJ78CA,莒光段,937.02,非都市：山坡地保育區 ; 非都市編定：農牧用地
RPPNMLMLLHMFFBJ08CA,巨埔段,141.04,非都市：山坡地保育區 ; 非都市編定：農牧用地
RPPNMLMLLHMFFBJ08CA,巨埔段,2500.01,非都市：山坡地保育區 ; 非都市編定：農牧用地
RPSNMLOLLHMFFBJ58CA,永興段,22.94,都市：住
RPPNMLRJMHMFFCJ58CA,竹東段竹東小段,.40,都市：住
RPPNMLRJMHMFFCJ58CA,竹東段竹東小段,.16,都市：住
RPPNMLRJMHMFFCJ58CA,竹東段竹東小段,.06,都市：住
RPPNMLRJMHMFFCJ58CA,竹東段竹東小段,6.55,都市：住
RPROMLRLLHMFFBJ88CA,馬麟厝段,13.40,非都市：特定農業區 ; 非都市編定：甲種建築用地
RPSOMLNLLHMFFBJ58CA,莊敬段,27.02,都市：住
RPPNMLQJMHMFFDJ58CA,忠信段,18.71,都市：住
RPWOMLTLLHMFFDJ17CA,振興段,20.13,都市：住
RPQPMLKMLHMFFBJ28CA,縣華段,198.95,都市：住
RPXNMLKMLHMFFDJ98CA,振興段,21.45,都市：住
RPRPMLKLLHMFFBJ28CA,站前段,19.46,都市：其他
RPRPMLKLLHMFFBJ28CA,站前段,11.48,都市：其他
RPXRMLQJMHMFFBJ96CA,國義段,22.30,都市：住
RPTOMLLLLHMFFBJ48CA,台元段,50.50,都市：其他
RPUOMLLLLHMFFBJ58CA,府前段,21.70,都市：其他
RPSPMLKLLHMFFBJ38CA,豆子埔段,25.62,都市：住
RPOOMLPJMHMFFBJ28CA,自強段,32.75,都市：商
RPRNMLOKMHMFFDJ68CA,中興段復興小段,22.99,非都市：工業區 ; 非都市編定：丁種建築用地
RPUNMLKLLHMFFBJ38CA,家興段,32.28,都市：住
RPVNMLLLLHMFFBJ58CA,莊敬段,8.41,都市：商
RPTNMLLLLHMFFBJ38CA,莊敬段,10.21,都市：商
RPXOMLOKMHMFFDJ76CA,建興段鳳凰小段,10.98,非都市：工業區 ; 非都市編定：丁種建築用地
RPOPMLOKMHMFFDJ58CA,建興段鳳凰小段,14.64,非都市：工業區 ; 非都市編定：丁種建築用地
RPVOMLKLLHMFFBJ58CA,中興段,38.74,都市：住
RPRNMLSJMHMFFBJ78CA,家興段,74.41,都市：住
RPQNMLKKMHMFFBJ97CA,莊敬段,31.57,都市：住
RPRNMLLKMHMFFBJ18CA,自強段,32.09,都市：住
RPRNMLRJMHMFFBJ68CA,莊敬段,36.45,都市：住
RPTNMLRJMHMFFBJ88CA,莊敬段,38.53,都市：住
RPXPMLRJMHMFFBJ86CA,莊敬段,32.17,都市：住
RPWPMLRJMHMFFBJ76CA,莊敬段,31.84,都市：住
RPPQMLRJMHMFFBJ78CA,莊敬段,34.31,都市：住
RPVPMLRJMHMFFBJ66CA,莊敬段,32.17,都市：住
RPQQMLRJMHMFFBJ88CA,莊敬段,29.27,都市：住
RPUNMLRJMHMFFBJ98CA,莊敬段,38.53,都市：住
RPWNMLRJMHMFFBJ56CA,莊敬段,36.78,都市：住
RPVNMLRJMHMFFBJ09CA,莊敬段,35.79,都市：住
RPXNMLRJMHMFFBJ66CA,莊敬段,34.90,都市：住
RPROMLLMLHMFFBJ38CA,家興段,637.50,都市：住
RPTNMLKMLHMFFBJ38CA,公園段,112.06,都市：住
RPVOMLRJMHMFFBJ56CA,莊敬段,31.84,都市：住
RPROMLRJMHMFFBJ78CA,莊敬段,34.90,都市：住
RPUOMLRJMHMFFBJ09CA,莊敬段,29.43,都市：住
RPTOMLRJMHMFFBJ98CA,莊敬段,32.89,都市：住
RPQPMLRJMHMFFBJ78CA,莊敬段,31.84,都市：住
RPTPMLRJMHMFFBJ09CA,莊敬段,32.17,都市：住
RPOPMLRJMHMFFBJ58CA,莊敬段,31.57,都市：住
RPXOMLRJMHMFFBJ76CA,莊敬段,31.84,都市：住
RPWOMLRJMHMFFBJ66CA,莊敬段,31.84,都市：住
RPSPMLLLLHMFFBJ48CA,豆子埔段,101.00,都市：住
RPROMLNLLHMFFBJ48CA,溪洲段,27.04,非都市：特定農業區 ; 非都市編定：甲種建築用地
RPROMLNLLHMFFBJ48CA,溪洲段,54.00,非都市：特定農業區 ; 非都市編定：甲種建築用地
RPTNMLOLLHMFFBJ68CA,興崙段,16.17,都市：商
RPWNMLLLLHMFFDJ88CA,文昌段,24.23,都市：住
RPSNMLNLLHMFFDJ68CA,中美段,81.24,非都市：特定農業區 ; 非都市編定：甲種建築用地
RPSNMLNLLHMFFDJ68CA,中美段,14.38,非都市：特定農業區 ; 非都市編定：甲種建築用地
RPPNMLMLLHMFFDJ28CA,文昌段,24.23,都市：住
RPQNMLMLLHMFFDJ38CA,文昌段,24.23,都市：住
RPSNMLRJMHMFFDJ98CA,員山段,36.73,非都市：特定農業區 ; 非都市編定：農牧用地
RPSNMLRJMHMFFDJ98CA,員山段,1.30,非都市：特定農業區 ; 非都市編定：甲種建築用地
RPSNMLRJMHMFFDJ98CA,員山段,59.00,非都市：特定農業區 ; 非都市編定：甲種建築用地
RPSNMLRJMHMFFDJ98CA,員山段,4.30,非都市：特定農業區 ; 非都市編定：甲種建築用地
RPQNMLTLLHMFFDJ09CA,興安段,45.05,非都市：特定農業區 ; 非都市編定：農牧用地
RPQNMLOLLHMFFDJ58CA,長威段,83.49,非都市：鄉村區 ; 非都市編定：乙種建築用地
RPWOMLPJMHMFFCJ56CA,綠獅段,14.41,非都市：鄉村區 ; 非都市編定：乙種建築用地
RPWOMLPJMHMFFCJ56CA,綠獅段,55.90,非都市：鄉村區 ; 非都市編定：乙種建築用地
RPXOMLPJMHMFFCJ66CA,綠獅段,14.41,非都市：鄉村區 ; 非都市編定：乙種建築用地
RPXOMLPJMHMFFCJ66CA,綠獅段,55.80,非都市：鄉村區 ; 非都市編定：乙種建築用地
RPUOMLMLLHMFFCJ78CA,湖尾段,738.87,非都市：山坡地保育區 ; 非都市編定：交通用地
RPXNMLQJMHMFFCJ66CA,竹東段竹東小段,139.00,都市：住
RPROMLPJMHMFFCJ68CA,綠獅段,14.41,非都市：鄉村區 ; 非都市編定：乙種建築用地
RPROMLPJMHMFFCJ68CA,綠獅段,63.64,非都市：鄉村區 ; 非都市編定：乙種建築用地
RPOQMLRJMHMFFBJ78DA,社北段,28.53,都市：住
RPVNMLLKMHMFFCJ68CA,寶中段,25.61,都市：住
RPVNMLLKMHMFFCJ68CA,寶中段,.13,都市：住
RPSOMLRJMHMFFCJ98CA,重光段,9.51,都市：住
RPSOMLRJMHMFFCJ98CA,重光段,5.96,都市：商
RPXNMLRJMHMFFCJ76CA,油林段,7.11,都市：商
RPXNMLRJMHMFFCJ76CA,油林段,10.02,都市：住
RPXNMLRJMHMFFCJ76CA,油林段,.42,都市：其他
RPUOMLPJMHMFFCJ98CA,綠獅段,14.41,非都市：鄉村區 ; 非都市編定：乙種建築用地
RPUOMLPJMHMFFCJ98CA,綠獅段,65.31,非都市：鄉村區 ; 非都市編定：乙種建築用地
RPSOMLPJMHMFFCJ78CA,綠獅段,14.41,非都市：鄉村區 ; 非都市編定：乙種建築用地
RPSOMLPJMHMFFCJ78CA,綠獅段,63.20,非都市：鄉村區 ; 非都市編定：乙種建築用地
RPTNMLLKMHMFFCJ48CA,資源段,21.63,都市：住
RPTNMLTLLHMFFCJ66CA,軟橋段,26.61,非都市：鄉村區 ; 非都市編定：乙種建築用地
RPTNMLTLLHMFFCJ66CA,軟橋段,82.40,非都市：鄉村區 ; 非都市編定：乙種建築用地
RPSNMLSLLHMFFCJ09CA,志學段,26.28,都市：其他
RPSNMLSLLHMFFCJ09CA,志學段,.21,都市：其他
RPSNMLSLLHMFFCJ09CA,志學段,.01,都市：其他
RPTNMLNLLHMFFCJ68CA,杞林段,29.89,都市：住
RPXNMLNLLHMFFCJ09CA,杞林段,26.68,都市：住
RPVNMLNLLHMFFCJ88CA,杞林段,29.89,都市：住
RPUNMLNLLHMFFCJ78CA,杞林段,13.34,都市：住
RPUNMLNLLHMFFCJ78CA,杞林段,13.34,都市：住
RPPNMLOLLHMFFBJ38DA,內立段,495.00,非都市：山坡地保育區 ; 非都市編定：農牧用地
RPPNMLOLLHMFFBJ38DA,內立段,533.00,非都市：山坡地保育區 ; 非都市編定：農牧用地
RPPNMLOLLHMFFBJ38DA,內立段,616.00,非都市：山坡地保育區 ; 非都市編定：林業用地
RPPNMLOLLHMFFBJ38DA,內立段,2168.00,非都市：山坡地保育區 ; 非都市編定：農牧用地
RPPNMLOLLHMFFBJ38DA,內立段,1765.00,非都市：山坡地保育區 ; 非都市編定：農牧用地
RPOPMLRKMHMFFCJ78CA,東寧段,18.31,都市：其他
RPOPMLRKMHMFFCJ78CA,東寧段,.82,都市：住
RPOPMLRKMHMFFCJ78CA,東寧段,1.24,都市：住
RPOPMLRKMHMFFCJ78CA,東寧段,21.00,都市：住
RPOPMLRKMHMFFCJ78CA,東寧段,143.00,都市：住
RPOPMLRKMHMFFCJ78CA,東寧段,10.75,都市：住
RPOPMLRKMHMFFCJ78CA,東寧段,1.43,都市：其他
RPOPMLRKMHMFFCJ78CA,東寧段,.01,都市：住
RPOPMLRKMHMFFCJ78CA,東寧段,1.01,都市：住
RPUNMLOLLHMFFDJ98CA,重興段,68.86,都市：商
RPTNMLOLLHMFFDJ88CA,濱海段,550.02,非都市：一般農業區 ; 非都市編定：農牧用地
RPOOMLTLLHMFFDJ98CA,坪頂段,1.61,非都市：鄉村區 ; 非都市編定：乙種建築用地
RPOOMLTLLHMFFDJ98CA,坪頂段,52.87,非都市：鄉村區 ; 非都市編定：乙種建築用地
RPOOMLTLLHMFFDJ98CA,坪頂段,17.63,非都市：鄉村區 ; 非都市編定：乙種建築用地
RPPNMLNLLHMFFDJ48DA,汶山段,101.52,非都市：鄉村區 ; 非都市編定：乙種建築用地
RPPNMLNLLHMFFDJ48DA,汶山段,3.36,非都市：鄉村區 ; 非都市編定：乙種建築用地
RPVNMLRLLHMFFDJ76CA,勝利段,55.66,非都市：鄉村區 ; 非都市編定：乙種建築用地
RPVNMLRLLHMFFDJ76CA,勝利段,24.75,非都市：鄉村區 ; 非都市編定：乙種建築用地
RPUNMLNLLHMFFDJ88CA,信勢段,51.86,都市：住
RPUNMLKMLHMFFDJ68CA,信勢段,248.00,都市：其他
RPSNMLOLMHMFFCJ78CA,竹東段番社子小段,15.90,都市：住
RPXNMLPJMHMFFDJ66CA,中興段中興小段,11.24,非都市：工業區 ; 非都市編定：丁種建築用地
RPTNMLLKMHMFFDJ58CA,長嶺段,4.21,非都市：特定農業區 ; 非都市編定：甲種建築用地
RPTNMLLKMHMFFDJ58CA,長嶺段,4.21,非都市：特定農業區 ; 非都市編定：甲種建築用地
RPTNMLLKMHMFFDJ58CA,長嶺段,33.00,非都市：特定農業區 ; 非都市編定：甲種建築用地
RPTNMLLKMHMFFDJ58CA,長嶺段,33.00,非都市：特定農業區 ; 非都市編定：甲種建築用地
RPVNMLRKMHMFFDJ76CA,北湖段,52.00,都市：住
RPVNMLRKMHMFFDJ76CA,北湖段,23.00,都市：住
RPUNMLRKMHMFFDJ66CA,泰豐段,76.52,都市：住
RPUNMLRKMHMFFDJ66CA,泰豐段,4.07,都市：住
RPUNMLRKMHMFFDJ66CA,泰豐段,24.42,都市：住
RPWNMLLKMHMFFDJ88CA,中興段新興小段,6386.00,非都市：工業區 ; 非都市編定：丁種建築用地
RPXNMLNLLHMFFBJ98CA,家興段,1281.87,都市：住
RPPOMLNLLHMFFBJ28CA,公園段,62.21,都市：住
RPPOMLNLLHMFFBJ28CA,公園段,6.35,都市：住
RPUNMLTKMHMFFBJ76DA,燒炭窩段,150.73,非都市：山坡地保育區 ; 非都市編定：丙種建築用地
RPQOMLNLLHMFFBJ38CA,翰林段,14.83,都市：商
RPQOMLNLLHMFFBJ38CA,翰林段,.45,都市：商
RPXNMLQJMHMFFDJ76CA,長威段,3245.27,非都市：特定農業區 ; 非都市編定：甲種建築用地
RPWNMLRLLHMFFBJ66CA,社北段,24.44,都市：住
RPQNMLKMLHMFFBJ08CA,國義段,29.09,都市：住
RPPNMLQJMHMFFBJ38CA,台科段,21.05,都市：住
RPPNMLQJMHMFFBJ38CA,台科段,68.58,都市：住
RPRQMLRJMHMFFBJ98CA,莊敬段,30.35,都市：住
RPSQMLRJMHMFFBJ09CA,莊敬段,30.35,都市：住
RPTQMLRJMHMFFBJ56CA,莊敬段,30.35,都市：住
RPUQMLRJMHMFFBJ66CA,莊敬段,30.35,都市：住
RPVQMLRJMHMFFBJ76CA,莊敬段,30.35,都市：住
RPXQMLRJMHMFFBJ96CA,莊敬段,30.35,都市：住
RPORMLRJMHMFFBJ78CA,莊敬段,29.27,都市：住
RPPRMLRJMHMFFBJ88CA,莊敬段,30.35,都市：住
RPTOMLOLLHMFFBJ78CA,站後段,17.72,都市：商
RPQRMLRJMHMFFBJ98CA,莊敬段,30.68,都市：住
RPUNMLOLLHMFFBJ78CA,永興段,38.39,都市：住
RPOOMLTLLHMFFBJ78CA,翰林段,18.54,都市：住
RPRNMLTLLHMFFBJ98CA,水瀧段,13.92,都市：商
RPSNMLPLLHMFFBJ68CA,泰陽段,66.20,都市：住
RPTOMLKMLHMFFBJ48CA,大學段,15.95,都市：住
RPSNMLSJMHMFFBJ88CA,省道段,76.44,都市：住
RPSNMLSJMHMFFBJ88CA,省道段,5.39,都市：住
RPSNMLSJMHMFFBJ88CA,省道段,10.38,都市：住
RPSNMLLKMHMFFBJ28CA,九芎湖段,3210.73,非都市：山坡地保育區 ; 非都市編定：特定目的事業用地
RPSNMLLKMHMFFBJ28CA,九芎湖段,1561.36,非都市：山坡地保育區 ; 非都市編定：特定目的事業用地
RPSNMLLKMHMFFBJ28CA,九芎湖段,1887.30,非都市：山坡地保育區 ; 非都市編定：特定目的事業用地
RPSNMLLKMHMFFBJ28CA,九芎湖段,4504.64,非都市：山坡地保育區 ; 非都市編定：特定目的事業用地
RPSNMLLKMHMFFBJ28CA,九芎湖段,515.66,非都市：山坡地保育區 ; 非都市編定：特定目的事業用地
RPSNMLLKMHMFFBJ28CA,九芎湖段,4181.84,非都市：山坡地保育區 ; 非都市編定：特定目的事業用地
RPSNMLLKMHMFFBJ28CA,九芎湖段,952.00,非都市：山坡地保育區 ; 非都市編定：特定目的事業用地
RPSNMLLKMHMFFBJ28CA,九芎湖段,2438.52,非都市：山坡地保育區 ; 非都市編定：特定目的事業用地
RPSNMLLKMHMFFBJ28CA,九芎湖段,69.20,非都市：山坡地保育區 ; 非都市編定：特定目的事業用地
RPPOMLLKMHMFFBJ08CA,莊敬段,15.82,都市：商
RPUNMLSLLHMFFBJ56CA,湖肚段,737.00,都市：農
RPXNMLRKMHMFFBJ76CA,台元段,4779.89,都市：工
RPXNMLRKMHMFFBJ76CA,台元段,5106.90,都市：工
RPXNMLRKMHMFFBJ76CA,台元段,1142.18,都市：工
RPXNMLRKMHMFFBJ76CA,台元段,898.43,都市：工
RPXNMLSLLHMFFBJ86CA,家興段,15.88,都市：商
RPPNMLLKMHMFFDJ18CA,長嶺段,21.12,非都市：特定農業區 ; 非都市編定：甲種建築用地
RPPNMLLKMHMFFDJ18CA,長嶺段,49.00,非都市：特定農業區 ; 非都市編定：甲種建築用地
RPTNMLNLLHMFFDJ78CA,振興段,16.30,都市：住
RPRNMLTLLHMFFDJ56CA,新盛段,55.30,非都市：鄉村區 ; 非都市編定：乙種建築用地
RPRNMLTLLHMFFDJ56CA,新盛段,7.29,非都市：鄉村區 ; 非都市編定：乙種建築用地
RPQNMLKKMHMFFDJ18CA,福陽段,70.53,非都市：鄉村區 ; 非都市編定：乙種建築用地
RPQNMLKKMHMFFDJ18CA,福陽段,.29,非都市：鄉村區 ; 非都市編定：乙種建築用地
RPXNMLOLLHMFFCJ56CA,柯子湖段,554.00,都市：工
RPPNMLRLLHMFFBJ68DA,燥坑段,953.40,非都市：山坡地保育區 ; 非都市編定：林業用地
RPPNMLRLLHMFFBJ68DA,燥坑段,1435.50,非都市：山坡地保育區 ; 非都市編定：農牧用地
RPPNMLSKNHMFFDJ98CA,勝利段,59.41,非都市：鄉村區 ; 非都市編定：乙種建築用地
RPQNMLNLLHMFFDJ48CA,後湖段埔和小段,2864.00,非都市：特定農業區 ; 非都市編定：農牧用地
RPQNMLNLLHMFFDJ48CA,後湖段埔和小段,1100.00,非都市：特定農業區 ; 非都市編定：農牧用地
RPTNMLKKMHMFFDJ48CA,福陽段,48.18,非都市：鄉村區 ; 非都市編定：乙種建築用地
RPTNMLKKMHMFFDJ48CA,福陽段,16.88,非都市：鄉村區 ; 非都市編定：乙種建築用地
RPRNMLKKMHMFFDJ28CA,福陽段,79.65,非都市：鄉村區 ; 非都市編定：乙種建築用地
RPRNMLKKMHMFFDJ28CA,福陽段,16.88,非都市：鄉村區 ; 非都市編定：乙種建築用地
RPQPMLRKMHMFFBJ88CA,華興段,64.01,都市：住
RPSNMLKKMHMFFDJ38CA,福陽段,49.40,非都市：鄉村區 ; 非都市編定：乙種建築用地
RPSNMLKKMHMFFDJ38CA,福陽段,16.88,非都市：鄉村區 ; 非都市編定：乙種建築用地
RPVNMLSLLHMFFCJ76CA,九讚頭段,1021.87,非都市：山坡地保育區 ; 非都市編定：農牧用地
RPVNMLSLLHMFFCJ76CA,九讚頭段,1005.12,非都市：山坡地保育區 ; 非都市編定：林業用地
RPVNMLSLLHMFFCJ76CA,九讚頭段,1573.99,非都市：山坡地保育區 ; 非都市編定：農牧用地
RPVNMLSLLHMFFCJ76CA,九讚頭段,252.51,非都市：山坡地保育區 ; 非都市編定：丙種建築用地
RPVNMLSLLHMFFCJ76CA,九讚頭段,295.49,非都市：山坡地保育區 ; 非都市編定：丙種建築用地
RPVOMLNLLHMFFCJ98CA,明湖段,132.92,非都市：山坡地保育區 ; 非都市編定：丙種建築用地
RPROMLOLLHMFFBJ68DA,隘興段,31.73,都市：住
RPROMLOLLHMFFBJ68DA,隘興段,68.94,都市：住
RPWQMLRKMHMFFCJ07CA,明湖段,29.07,都市：住
RPQRMLRKMHMFFCJ56CA,明湖段,39.98,都市：住
RPORMLRKMHMFFCJ98CA,明湖段,38.87,都市：住
RPSQMLRKMHMFFCJ66CA,明湖段,37.29,都市：住
RPSRMLRKMHMFFCJ76CA,明湖段,39.90,都市：住
RPQQMLRKMHMFFCJ09CA,明湖段,28.44,都市：住
RPUQMLRKMHMFFCJ86CA,明湖段,37.45,都市：住
RPOOMLRJMHMFFCJ58CA,二坪段,335.65,非都市：山坡地保育區 ; 非都市編定：水利用地
RPUNMLSKMHMFFCJ66CA,明湖段,29.07,都市：住
RPSNMLSKMHMFFCJ09CA,明湖段,29.07,都市：住
RPWNMLSKMHMFFCJ86CA,明湖段,37.45,都市：住
RPTNMLRJMHMFFCJ98CA,大坪段內大坪小段,175.00,非都市：山坡地保育區 ; 非都市編定：農牧用地
RPTOMLKMLHMFFCJ58CA,國王段,57.75,非都市：特定農業區 ; 非都市編定：丁種建築用地
RPTOMLKMLHMFFCJ58CA,國王段,7.31,非都市：特定農業區 ; 非都市編定：甲種建築用地
RPTOMLKMLHMFFCJ58CA,國王段,2.09,非都市：特定農業區 ; 非都市編定：丁種建築用地
RPSOMLKMLHMFFCJ48CA,國王段,2.04,非都市：特定農業區 ; 非都市編定：丁種建築用地
RPSOMLKMLHMFFCJ48CA,國王段,7.31,非都市：特定農業區 ; 非都市編定：甲種建築用地
RPSOMLKMLHMFFCJ48CA,國王段,56.52,非都市：特定農業區 ; 非都市編定：丁種建築用地
RPUOMLOKMHMFFCJ98CA,竹東段竹東小段,33.08,都市：住
RPUOMLOKMHMFFCJ98CA,竹東段竹東小段,7.27,都市：住
RPUOMLOKMHMFFCJ98CA,竹東段竹東小段,1.14,都市：住
RPUOMLOKMHMFFCJ98CA,竹東段竹東小段,1.00,都市：住
RPPNMLOKMHMFFCJ38CA,東寧段,17.86,都市：住
RPPNMLOKMHMFFCJ38CA,東寧段,64.00,都市：住
RPSOMLOKMHMFFCJ78CA,竹東段竹東小段,38.38,都市：住
RPSOMLOKMHMFFCJ78CA,竹東段竹東小段,7.27,都市：住
RPSOMLOKMHMFFCJ78CA,竹東段竹東小段,1.14,都市：住
RPSOMLOKMHMFFCJ78CA,竹東段竹東小段,1.00,都市：住
RPPPMLSKMHMFFCJ98CA,明湖段,37.53,都市：住
RPRPMLSKMHMFFCJ56CA,明湖段,30.18,都市：住
RPTPMLSKMHMFFCJ76CA,明湖段,30.18,都市：住
RPVPMLSKMHMFFCJ96CA,明湖段,28.52,都市：住
RPPNMLQKMHMFFCJ58CA,華安段,13.00,非都市：山坡地保育區 ; 非都市編定：國土保安用地
RPPNMLQKMHMFFCJ58CA,華安段,331.24,非都市：山坡地保育區 ; 非都市編定：丙種建築用地
RPQNMLSKMHMFFCJ88CA,明湖段,38.24,都市：住
RPSPMLQJMHMFFCJ98CA,竹中段,10.14,都市：住
RPROMLKMLHMFFCJ38CA,石井段石井小段,45.69,非都市：山坡地保育區 ; 非都市編定：交通用地
RPOOMLOLLHMFFCJ38CA,竹東段竹東小段,6.99,都市：住
RPOOMLOLLHMFFCJ38CA,竹東段竹東小段,2.01,都市：住
RPOOMLOLLHMFFCJ38CA,竹東段竹東小段,13.61,都市：住
RPPNMLRLLHMFFCJ68CA,花園段,632.00,非都市：山坡地保育區 ; 非都市編定：林業用地
RPUNMLRKMHMFFCJ56CA,竹東段竹東小段,33.08,都市：住
RPUNMLRKMHMFFCJ56CA,竹東段竹東小段,7.27,都市：住
RPUNMLRKMHMFFCJ56CA,竹東段竹東小段,1.14,都市：住
RPUNMLRKMHMFFCJ56CA,竹東段竹東小段,1.00,都市：住
RPPNMLPLLHMFFCJ48CA,竹林段,77.30,非都市：山坡地保育區 ; 非都市編定：丙種建築用地
RPUNMLKKMHMFFCJ68EA,藤坪段藤坪小段,42.50,非都市：山坡地保育區 ; 非都市編定：交通用地
RPUNMLKKMHMFFCJ68EA,藤坪段藤坪小段,280.50,非都市：山坡地保育區 ; 非都市編定：交通用地
RPUNMLKKMHMFFCJ68EA,藤坪段藤坪小段,187.00,非都市：山坡地保育區 ; 非都市編定：交通用地
RPUNMLKKMHMFFCJ68EA,藤坪段藤坪小段,29.75,非都市：山坡地保育區 ; 非都市編定：交通用地
RPUNMLKKMHMFFCJ68EA,藤坪段藤坪小段,260.10,非都市：山坡地保育區 ; 非都市編定：交通用地
RPUNMLKKMHMFFCJ68EA,藤坪段藤坪小段,45.05,非都市：山坡地保育區 ; 非都市編定：交通用地
RPUNMLKKMHMFFCJ68EA,藤坪段藤坪小段,433.50,非都市：山坡地保育區 ; 非都市編定：交通用地
RPUNMLKKMHMFFCJ68EA,藤坪段藤坪小段,59.50,非都市：山坡地保育區 ; 非都市編定：交通用地
RPOOMLRLLHMFFCJ68CA,寶中段,19.15,都市：住
RPOOMLRLLHMFFCJ68CA,寶中段,.10,都市：住
RPTNMLRLLHMFFCJ09CA,資源段,4.78,都市：住
RPTNMLRLLHMFFCJ09CA,資源段,9.62,都市：住
RPPOMLRLLHMFFCJ78CA,寶中段,25.00,都市：住
RPPOMLRLLHMFFCJ78CA,寶中段,.13,都市：住
RPUNMLLLMHMFFCJ68CA,錦屏段,1900.00,非都市：山坡地保育區 ; 非都市編定：林業用地
RPTNMLLLMHMFFCJ58CA,那羅段,520.00,非都市：山坡地保育區 ; 非都市編定：林業用地
RPTOMLQJMHMFFCJ09DA,田埔段,2560.00,非都市：山坡地保育區 ; 非都市編定：農牧用地
RPQNMLRLLHMFFDJ88CA,湖南段,96.00,非都市：特定農業區 ; 非都市編定：農牧用地
RPQNMLRLLHMFFDJ88CA,湖南段,261.00,非都市：特定農業區 ; 非都市編定：甲種建築用地
RPQNMLRLLHMFFDJ88CA,湖南段,61.00,非都市：特定農業區 ; 非都市編定：農牧用地
RPXNMLRLLHMFFCJ07EA,藤坪段藤坪小段,54278.00,非都市：山坡地保育區 ; 非都市編定：林業用地
RPXNMLRLLHMFFCJ07EA,藤坪段藤坪小段,33911.00,非都市：山坡地保育區 ; 非都市編定：林業用地
RPXNMLRLLHMFFCJ07EA,藤坪段藤坪小段,30.00,非都市：山坡地保育區 ; 非都市編定：林業用地
RPXNMLRLLHMFFCJ07EA,藤坪段藤坪小段,3293.00,非都市：山坡地保育區 ; 非都市編定：林業用地
RPXNMLRLLHMFFCJ07EA,藤坪段藤坪小段,393.00,非都市：山坡地保育區 ; 非都市編定：丙種建築用地
RPXNMLRLLHMFFCJ07EA,藤坪段藤坪小段,563.00,非都市：山坡地保育區 ; 非都市編定：丙種建築用地
RPXNMLRLLHMFFCJ07EA,藤坪段藤坪小段,1164.00,非都市：山坡地保育區 ; 非都市編定：丙種建築用地
RPXNMLRLLHMFFCJ07EA,藤坪段藤坪小段,1324.00,非都市：山坡地保育區 ; 非都市編定：林業用地
RPXNMLRLLHMFFCJ07EA,藤坪段藤坪小段,25915.00,非都市：山坡地保育區 ; 非都市編定：林業用地
RPXNMLRLLHMFFCJ07EA,藤坪段藤坪小段,776.00,非都市：山坡地保育區 ; 非都市編定：林業用地
RPXNMLRLLHMFFCJ07EA,藤坪段藤坪小段,2134.00,非都市：山坡地保育區 ; 非都市編定：林業用地
RPRNMLPJMHMFFDJ68CA,崁頭段,79.00,非都市：特定農業區 ; 非都市編定：甲種建築用地
RPRNMLPJMHMFFDJ68CA,崁頭段,18.00,非都市：特定農業區 ; 非都市編定：甲種建築用地
RPQNMLLKMHMFFDJ28CA,中興段復興小段,14.49,非都市：工業區 ; 非都市編定：丁種建築用地
RPRNMLRLLHMFFDJ98CA,綠園段,9.11,非都市：鄉村區 ; 非都市編定：乙種建築用地
RPQNMLSLLHMFFCJ09EA,中山段,14.00,都市：住
RPSNMLQJMHMFFDJ88CA,崁頭段,1800.00,非都市：特定農業區 ; 非都市編定：農牧用地
RPSNMLQJMHMFFDJ88CA,崁頭段,1276.00,非都市：特定農業區 ; 非都市編定：農牧用地
RPPOMLSLLHMFFDJ98CA,建興段鳳凰小段,11.90,非都市：工業區 ; 非都市編定：丁種建築用地
RPTNMLRLLHMFFBJ98CA,世興段,24.90,都市：商
RPVNMLRLLHMFFBJ56CA,社南段,134.83,都市：住
RPTOMLRLLHMFFBJ09CA,縣福段,5.10,都市：商
RPQNMLRLLHMFFBJ68CA,內思段,12.26,都市：住
RPQNMLRLLHMFFBJ68CA,內思段,12.26,都市：住
RPRNMLRKMHMFFDJ98CA,長嶺段,36.50,非都市：特定農業區 ; 非都市編定：甲種建築用地
RPRNMLRKMHMFFDJ98CA,長嶺段,78.00,非都市：特定農業區 ; 非都市編定：甲種建築用地
RPRNMLRKMHMFFDJ98CA,長嶺段,4.88,非都市：特定農業區 ; 非都市編定：甲種建築用地
RPTNMLRKMHMFFDJ56CA,中興段中興小段,25.02,非都市：工業區 ; 非都市編定：丁種建築用地
RPTNMLRKMHMFFDJ56CA,中興段中興小段,6.54,非都市：工業區 ; 非都市編定：丁種建築用地
RPRNMLQJMHMFFBJ58CA,台元段,328.31,都市：工
RPUOMLPJMHMFFBJ88CA,莊敬段,9.00,都市：商
RPVOMLPJMHMFFBJ98CA,莊敬段,10.10,都市：商
RPXOMLKMLHMFFBJ88CA,莊敬段,18.46,都市：商
RPOPMLPJMHMFFBJ38CA,莊敬段,13.33,都市：商
RPUOMLRLLHMFFBJ56CA,社南段,.17,都市：住
RPUOMLRLLHMFFBJ56CA,國義段,.13,都市：住
RPUOMLRLLHMFFBJ56CA,國義段,.02,都市：住
RPUOMLRLLHMFFBJ56CA,國義段,.16,都市：住
RPUOMLRLLHMFFBJ56CA,國義段,51.29,都市：住
RPWOMLPJMHMFFBJ09CA,莊敬段,9.55,都市：商
RPOQMLLMLHMFFBJ28CA,舊港段漁寮小段,448.00,非都市： ; 非都市編定：
RPPPMLRKMHMFFBJ78CA,家興段,29.21,都市：住
RPOOMLLMLHMFFBJ08CA,縣福段,5.63,都市：商
RPWOMLRKMHMFFDJ96CA,青埔子段,188.00,非都市：特定農業區 ; 非都市編定：甲種建築用地
RPWOMLRKMHMFFDJ96CA,青埔子段,28.57,非都市：特定農業區 ; 非都市編定：甲種建築用地
RPQNMLSKMHMFFDJ98CA,長嶺段,30.95,非都市：特定農業區 ; 非都市編定：甲種建築用地
RPQNMLSKMHMFFDJ98CA,長嶺段,3.69,非都市：特定農業區 ; 非都市編定：甲種建築用地
RPROMLOKMHMFFDJ78CA,竹九段,16.20,非都市：鄉村區 ; 非都市編定：乙種建築用地
RPROMLOKMHMFFDJ78CA,竹九段,72.85,非都市：鄉村區 ; 非都市編定：乙種建築用地
RPPNMLMLMHMFFDJ38CA,竹九段,68.21,非都市：一般農業區 ; 非都市編定：甲種建築用地
RPRNMLKKMHMFFBJ08CA,自強段,42.95,都市：住
RPQPMLPJMHMFFBJ58CA,莊敬段,13.08,都市：商
RPUOMLLMLHMFFBJ68CA,莊敬段,26.77,都市：住
RPTNMLKKMHMFFBJ28CA,竹仁段,.32,都市：住
RPTNMLKKMHMFFBJ28CA,竹仁段,20.32,都市：住
RPTNMLKKMHMFFBJ28CA,竹仁段,1.97,都市：住
RPTNMLKKMHMFFBJ28CA,竹仁段,1.97,都市：住
RPTNMLKKMHMFFBJ28CA,豆子埔段,1.55,都市：住
RPTNMLKKMHMFFBJ28CA,豆子埔段,.39,都市：住
RPTNMLKKMHMFFBJ28CA,豆子埔段,.39,都市：住
RPTNMLKKMHMFFBJ28CA,豆子埔段,.41,都市：住
RPUNMLQJMHMFFBJ88CA,縣福段,6.23,都市：商
RPUPMLRKMHMFFBJ66CA,隘興段,53.48,都市：住
RPRNMLKMLHMFFBJ18CA,站前段,5.52,都市：商
RPWRMLRJMHMFFBJ96CA,莊敬段,19.89,都市：住
RPWNMLPJMHMFFDJ56CA,長威段,15.87,非都市：特定農業區 ; 非都市編定：甲種建築用地
RPWNMLPJMHMFFDJ56CA,長威段,61.32,非都市：特定農業區 ; 非都市編定：甲種建築用地
RPQOMLSLLHMFFDJ09CA,坪頂段,68.27,非都市：鄉村區 ; 非都市編定：乙種建築用地
RPTNMLSLLHMFFBJ56DA,巨埔段,61.08,非都市：山坡地保育區 ; 非都市編定：暫未編定
RPTNMLSLLHMFFBJ56DA,巨埔段,41.74,非都市：山坡地保育區 ; 非都市編定：暫未編定
RPVNMLKMLHMFFCJ68CA,竹美段,19.04,都市：住
RPXOMLRKMHMFFCJ96CA,仁愛段,28.00,都市：住
RPSNMLSLLHMFFBJ09DA,巨埔段,30.54,非都市：山坡地保育區 ; 非都市編定：暫未編定
RPSNMLSLLHMFFBJ09DA,巨埔段,324.93,非都市：山坡地保育區 ; 非都市編定：農牧用地
RPSNMLSLLHMFFBJ09DA,巨埔段,20.87,非都市：山坡地保育區 ; 非都市編定：暫未編定
RPQPMLLLMHMFFCJ48CA,竹東段竹東小段,28.59,都市：住
RPROMLKKMHMFFCJ28CA,放翁段,175.78,非都市：山坡地保育區 ; 非都市編定：丙種建築用地
RPROMLKKMHMFFCJ28CA,放翁段,8.13,非都市：山坡地保育區 ; 非都市編定：丙種建築用地
RPROMLKKMHMFFCJ28CA,放翁段,8.64,非都市：山坡地保育區 ; 非都市編定：丙種建築用地
RPROMLKKMHMFFCJ28CA,放翁段,8.59,非都市：山坡地保育區 ; 非都市編定：丙種建築用地
RPROMLKKMHMFFCJ28CA,放翁段,17.24,非都市：山坡地保育區 ; 非都市編定：農牧用地
RPROMLKKMHMFFCJ28CA,放翁段,.31,非都市：山坡地保育區 ; 非都市編定：遊憩用地
RPRPMLQJMHMFFCJ88CA,重光段,6.78,都市：住
RPRNMLRJMHMFFCJ78CA,志學段,29.17,都市：住
RPRNMLRJMHMFFCJ78CA,志學段,4.84,都市：住
RPPPMLRKMHMFFCJ88CA,竹東段番社子小段,5.96,都市：住
RPTPMLLLMHMFFCJ78CA,竹東段竹東小段,28.79,都市：住
RPTOMLOKMHMFFBJ78CA,北山段,187.86,都市：住
RPTOMLOKMHMFFBJ78CA,北山段,158.17,都市：農
RPTOMLOKMHMFFBJ78CA,北山段,1617.28,都市：住
RPQOMLOKMHMFFBJ48CA,永興段,37.34,都市：商
RPOPMLPLMHMFFCJ68CA,石鹿段,10600.00,非都市：山坡地保育區 ; 非都市編定：農牧用地
RPSNMLOKMHMFFCJ68CA,東寧段,21.83,都市：商
RPPPMLOKMHMFFCJ58CA,金福段,101.31,非都市：山坡地保育區 ; 非都市編定：丙種建築用地
RPUPMLRKMHMFFCJ76CA,竹東段番社子小段,5.96,都市：住
RPXNMLTLLHMFFBJ07DA,下橫坑段,410.00,非都市： ; 非都市編定：
RPVPMLLLMHMFFCJ98CA,竹東段竹東小段,33.18,都市：住
RPPQMLLLMHMFFCJ48CA,竹東段竹東小段,26.79,都市：住
RPXPMLLLMHMFFCJ56CA,竹東段竹東小段,26.79,都市：住
RPVNMLSKMHMFFBJ66CA,自強段,35.31,都市：住
RPXNMLTLLHMFFDJ17CA,中義段,83.04,都市：住
RPUOMLTLLHMFFDJ96CA,豐褔段,1594.57,非都市：特定農業區 ; 非都市編定：農牧用地
RPVOMLTLLHMFFDJ07CA,中興段復興小段,20.97,非都市：工業區 ; 非都市編定：丁種建築用地
RPSNMLLMLHMFFDJ58CA,建興段鳳凰小段,13.20,非都市：工業區 ; 非都市編定：丁種建築用地
RPTOMLTLLHMFFDJ86CA,豐褔段,1275.66,非都市：特定農業區 ; 非都市編定：農牧用地
RPPOMLTLLHMFFDJ09CA,中義段,83.65,都市：住
RPSOMLTLLHMFFDJ76CA,中興段復興小段,28.33,非都市：工業區 ; 非都市編定：丁種建築用地
RPUNMLRJMHMFFDJ56CA,光華段,49.75,都市：住
RPUNMLRJMHMFFDJ56CA,光華段,95.44,都市：住
RPUNMLRJMHMFFDJ56CA,光華段,26.07,都市：住
RPSNMLLKMHMFFDJ48CA,建興段鳳凰小段,18.16,非都市：工業區 ; 非都市編定：丁種建築用地
RPSNMLTLLHMFFBJ09CA,台科段,64.05,都市：住
RPTOMLSLLHMFFBJ56CA,隘興段,21.90,都市：住
RPUNMLTLLHMFFBJ66CA,東興段,52.76,都市：其他
RPTNMLTLLHMFFBJ56CA,台科段,62.88,都市：住
RPRNMLRJMHMFFDJ88CA,湖南段,41.56,非都市：鄉村區 ; 非都市編定：乙種建築用地
RPRNMLPJMHMFFBJ48CA,下寮段,29.05,非都市：山坡地保育區 ; 非都市編定：林業用地
RPUNMLLMLHMFFBJ58CA,自強段,49.71,都市：住
RPVNMLLMLHMFFBJ68CA,自強段,66.57,都市：住
RPOOMLOKMHMFFBJ28CA,華城段,110.05,非都市：山坡地保育區 ; 非都市編定：農牧用地
RPXNMLOKMHMFFBJ09CA,華城段,110.05,非都市：山坡地保育區 ; 非都市編定：農牧用地
RPPNMLKMLHMFFDJ18CA,瑞興段,613.00,非都市：特定農業區 ; 非都市編定：農牧用地
RPPNMLKMLHMFFDJ18CA,瑞興段,439.00,非都市：特定農業區 ; 非都市編定：農牧用地
RPVNMLRJMHMFFDJ66CA,光華段,931.10,都市：住
RPVNMLRJMHMFFDJ66CA,光華段,1123.99,都市：住
RPVNMLRJMHMFFDJ66CA,光華段,2652.08,都市：住
RPQNMLKMLHMFFDJ28CA,振興段,26.18,都市：其他
RPQNMLKMLHMFFDJ28CA,振興段,8.50,都市：住
RPQNMLKMLHMFFDJ28CA,振興段,7.13,都市：住
RPQNMLKMLHMFFDJ28CA,振興段,.78,都市：住
RPQNMLKMLHMFFDJ28CA,振興段,80.78,都市：住
RPPNMLLLMHMFFBJ08CA,老社寮段,29.17,非都市：特定農業區 ; 非都市編定：農牧用地
RPPNMLLLMHMFFBJ08CA,老社寮段,3.17,非都市：特定農業區 ; 非都市編定：農牧用地
RPPNMLLLMHMFFBJ08CA,老社寮段,47.62,非都市：特定農業區 ; 非都市編定：農牧用地
RPPNMLLLMHMFFBJ08CA,老社寮段,4772.00,非都市：特定農業區 ; 非都市編定：農牧用地
RPPNMLLLMHMFFBJ08CA,老社寮段,12.75,非都市：特定農業區 ; 非都市編定：農牧用地
RPPNMLLLMHMFFBJ08CA,老社寮段,213.00,非都市：特定農業區 ; 非都市編定：農牧用地
RPPNMLLLMHMFFBJ08CA,老社寮段,177.78,非都市：特定農業區 ; 非都市編定：農牧用地
RPPNMLLLMHMFFBJ08CA,老社寮段,1.08,非都市：特定農業區 ; 非都市編定：農牧用地
RPPNMLLLMHMFFBJ08CA,老社寮段,398.00,非都市：特定農業區 ; 非都市編定：農牧用地
RPPNMLLLMHMFFBJ08CA,老社寮段,6.61,非都市：特定農業區 ; 非都市編定：農牧用地
RPTNMLLMLHMFFDJ68CA,建興段鳳凰小段,12.95,非都市：工業區 ; 非都市編定：丁種建築用地
RPUNMLLMLHMFFDJ78CA,建興段鳳凰小段,12.95,非都市：工業區 ; 非都市編定：丁種建築用地
RPQNMLSJMHMFFBJ68CA,家興段,81.33,都市：住
RPPNMLNKMHMFFBJ18CA,隘興段,27.09,都市：住
RPWNMLLKMHMFFBJ68CA,內思段,508.17,都市：住
RPWNMLTLLHMFFBJ86CA,永興段,12.50,都市：住
RPUPMLRJMHMFFBJ56CA,自強段,21.84,都市：住
RPWPMLLMLHMFFBJ98CA,隘興段,.32,都市：住
RPOOMLRJMHMFFBJ48CA,府前段,178.69,都市：住
RPPNMLKMLHMFFBJ97CA,遠東段,2512.00,非都市：特定農業區 ; 非都市編定：農牧用地
RPUNMLKMLHMFFBJ48CA,隘興段,28.65,都市：住
RPQNMLLMLHMFFBJ18CA,竹北段,2350.00,非都市：特定農業區 ; 非都市編定：農牧用地
RPWSMLRJMHMFFBJ07CA,下旱坑段,2629.75,非都市：山坡地保育區 ; 非都市編定：農牧用地
RPWSMLRJMHMFFBJ07CA,下旱坑段,131.81,非都市：山坡地保育區 ; 非都市編定：農牧用地
RPWSMLRJMHMFFBJ07CA,下旱坑段,4.20,非都市：山坡地保育區 ; 非都市編定：農牧用地
RPXOMLSKMHMFFBJ96CA,華興段,11.01,都市：住
RPXOMLSKMHMFFBJ96CA,華興段,.75,都市：住
RPXOMLSKMHMFFBJ96CA,華興段,.10,都市：住
RPXOMLSKMHMFFBJ96CA,華興段,.32,都市：住
RPXOMLSKMHMFFBJ96CA,華興段,.17,都市：住
RPOOMLKMLHMFFBJ97CA,東安段,82.76,都市：住
RPVOMLKMLHMFFBJ68CA,公園段,74.59,都市：住
RPVOMLKMLHMFFBJ68CA,公園段,2.72,都市：住
RPVOMLKMLHMFFBJ68CA,公園段,12.76,都市：住
RPRNMLLKMHMFFDJ38CA,中興段中興小段,31.17,非都市：工業區 ; 非都市編定：丁種建築用地
RPPNMLSJMHMFFDJ78CA,中興段中興小段,31.76,非都市：工業區 ; 非都市編定：丁種建築用地
RPOOMLRJMHMFFDJ68CA,重興段,73.10,都市：住
RPOOMLRJMHMFFDJ68CA,重興段,14.73,都市：住
RPVNMLQJMHMFFDJ56CA,長威段,273.00,非都市：特定農業區 ; 非都市編定：農牧用地
RPSNMLPJMHMFFDJ78CA,湖新段,196.00,非都市：特定農業區 ; 非都市編定：農牧用地
RPQOMLKMLHMFFBJ18CA,縣福段,18.41,都市：住
RPSOMLKMLHMFFBJ38CA,水瀧段,14.48,都市：住
RPXOMLOLMHMFFBJ66CA,縣福段,15.74,都市：住
RPXOMLOLMHMFFBJ66CA,縣福段,.93,都市：住
RPXOMLOLMHMFFBJ66CA,縣福段,109.60,都市：住
RPTNMLOKMHMFFCJ78CA,竹東段竹東小段,60.00,都市：住
RPTNMLOKMHMFFCJ78CA,竹東段竹東小段,60.00,都市：住
RPTNMLOKMHMFFCJ78CA,竹東段竹東小段,105.00,都市：住
RPTNMLOKMHMFFCJ78CA,竹東段竹東小段,60.00,都市：住
RPTNMLOKMHMFFCJ78CA,竹東段竹東小段,60.00,都市：住
RPTNMLOKMHMFFCJ78CA,竹東段竹東小段,400.00,都市：住
RPTNMLOKMHMFFCJ78CA,竹東段竹東小段,60.00,都市：住
RPTNMLOKMHMFFCJ78CA,竹東段竹東小段,60.00,都市：住
RPTNMLOKMHMFFCJ78CA,竹東段竹東小段,60.00,都市：住
RPTNMLOKMHMFFCJ78CA,竹東段竹東小段,173.00,都市：住
RPTNMLOKMHMFFCJ78CA,竹東段竹東小段,62.00,都市：住
RPTNMLOKMHMFFCJ78CA,竹東段竹東小段,146.00,都市：住
RPTNMLOKMHMFFCJ78CA,竹東段竹東小段,108.00,都市：住
RPTNMLOKMHMFFCJ78CA,竹東段竹東小段,129.00,都市：住
RPQNMLOKMHMFFCJ48CA,重光段,9.17,都市：住
RPVNMLOLMHMFFDJ56CA,西湖段,92.51,都市：住
RPVNMLOLMHMFFDJ56CA,西湖段,.12,都市：住
RPVNMLOLMHMFFDJ56CA,西湖段,35.73,都市：住
RPVNMLOLMHMFFDJ56CA,西湖段,.00,都市：住
RPOPMLOLMHMFFBJ48CA,縣福段,109.60,都市：住
RPQNMLOLMHMFFBJ48CA,台科段,80.02,都市：住
RPQNMLSLLHMFFCJ56CD,杞林段,29.89,都市：住
RPQNMLRKMHMFFCJ78CA,溝背段,662.20,非都市：山坡地保育區 ; 非都市編定：林業用地
RPQNMLRKMHMFFCJ78CA,溝背段,247.37,非都市：山坡地保育區 ; 非都市編定：林業用地
RPQNMLRKMHMFFCJ78CA,溝背段,562.54,非都市：山坡地保育區 ; 非都市編定：林業用地
RPQNMLRKMHMFFCJ78CA,溝背段,33.62,非都市：山坡地保育區 ; 非都市編定：林業用地
RPPOMLPJMHMFFCJ48CA,東寧段,61.00,都市：住
RPPOMLPJMHMFFCJ48CA,東寧段,15.36,都市：住
RPXNMLKMLHMFFCJ88CA,大雅段,3.16,都市：其他
RPXNMLKMLHMFFCJ88CA,大雅段,795.47,都市：其他
RPVNMLOKMHMFFDJ09CA,建興段鳳凰小段,19.60,非都市：工業區 ; 非都市編定：丁種建築用地
RPWNMLTLLHMFFCJ96CA,東寧段,61.00,都市：住
RPWNMLTLLHMFFCJ96CA,東寧段,15.36,都市：住
RPOOMLNKMHMFFCJ28CA,東寧段,97.00,都市：住
RPTNMLMKMHMFFDJ68CA,忠信段,18.71,都市：住
RPPNMLQLMHMFFCJ68CA,溝背段,335.37,非都市：山坡地保育區 ; 非都市編定：農牧用地
RPXPMLRKMHMFFCJ07CA,竹東段番社子小段,5.96,都市：住
RPTNMLLMLHMFFCJ58CA,東寧段,24.27,都市：住
RPPNMLQJMHMFFCJ48CA,東寧段,29.00,都市：住
RPVNMLMJNHMFFCJ78CA,溝背段,283.49,非都市：山坡地保育區 ; 非都市編定：丙種建築用地
RPWOMLOKMHMFFCJ56CA,竹東段番社子小段,9.81,都市：住
RPPPMLQJMHMFFCJ68CA,莒光段,63.65,非都市：山坡地保育區 ; 非都市編定：林業用地
RPUOMLRKMHMFFCJ66CA,矺子段,322.60,非都市：山坡地保育區 ; 非都市編定：林業用地
RPSOMLRKMHMFFCJ09CA,矺子段,82.64,非都市：山坡地保育區 ; 非都市編定：林業用地
RPTPMLRKMHMFFCJ66CA,竹東段番社子小段,5.96,都市：住
RPRPMLRKMHMFFCJ09CA,竹東段番社子小段,5.96,都市：住
RPWOMLRKMHMFFCJ86CA,矺子段,44.12,非都市：山坡地保育區 ; 非都市編定：林業用地
RPVOMLRKMHMFFCJ76CA,矺子段,1534.11,非都市：山坡地保育區 ; 非都市編定：農牧用地
RPWNMLQLMHMFFCJ76CA,油林段,92.00,都市：住
RPWNMLQLMHMFFCJ76CA,油林段,2.00,都市：住
RPSNMLPJMHMFFCJ68CA,東寧段,65.00,都市：住
RPQNMLPJMHMFFCJ48CA,東寧段,64.00,都市：住
RPRNMLPJMHMFFCJ58CA,東寧段,64.00,都市：住
RPPNMLPJMHMFFCJ38CA,東寧段,87.00,都市：住
RPWNMLPLMHMFFCJ66CA,志學段,24.33,都市：其他
RPWNMLPLMHMFFCJ66CA,志學段,.19,都市：其他
RPWNMLPLMHMFFCJ66CA,志學段,.01,都市：其他
RPPOMLPLMHMFFCJ68CA,東寧段,5.00,都市：住
RPPOMLPLMHMFFCJ68CA,東寧段,74.00,都市：住
RPXOMLOLMHMFFCJ76CA,溝背段,6629.60,非都市：山坡地保育區 ; 非都市編定：殯葬用地
RPPOMLNKMHMFFDJ48CA,長嶺段,3.88,非都市：特定農業區 ; 非都市編定：甲種建築用地
RPVNMLLLMHMFFCJ78CA,梅林段,11400.00,非都市：山坡地保育區 ; 非都市編定：農牧用地
RPPNMLRJMHMFFDJ68CA,波羅段,20.21,非都市：山坡地保育區 ; 非都市編定：丙種建築用地
RPPNMLRJMHMFFDJ68CA,波羅段,37.82,非都市：山坡地保育區 ; 非都市編定：丙種建築用地
RPSNMLLLMHMFFCJ48CA,溝背段,3683.11,非都市：山坡地保育區 ; 非都市編定：殯葬用地
RPOOMLKKMHMFFDJ08CA,東湖段,97.81,非都市：特定農業區 ; 非都市編定：甲種建築用地
RPQNMLLMLHMFFDJ38CA,褔龍段,169.50,非都市：特定農業區 ; 非都市編定：農牧用地
RPQNMLLMLHMFFDJ38CA,褔龍段,169.50,非都市：特定農業區 ; 非都市編定：農牧用地
RPVOMLLMLHMFFBJ78CA,莊敬段,24.02,都市：住
RPPQMLLMLHMFFBJ38CA,自強段,.27,都市：住
RPXPMLLMLHMFFBJ09CA,站前段,9.82,都市：商
RPVPMLLMLHMFFBJ88CA,公園段,7.76,都市：住
RPPPMLLMLHMFFBJ28CA,國義段,37.90,都市：住
RPSNMLMKMHMFFBJ38CA,永興段,6.46,都市：商
RPROMLLKMHMFFBJ28CA,莊敬段,15.33,都市：商
RPTNMLPJMHMFFCJ78CA,下員段,2.88,非都市：特定農業區 ; 非都市編定：甲種建築用地
RPTNMLPJMHMFFCJ78CA,下員段,19.36,非都市：特定農業區 ; 非都市編定：甲種建築用地
RPTNMLPJMHMFFCJ78CA,下員段,61.09,非都市：特定農業區 ; 非都市編定：甲種建築用地
RPTNMLPJMHMFFCJ78CA,下員段,1.24,非都市：特定農業區 ; 非都市編定：甲種建築用地
RPUNMLPJMHMFFCJ88CA,下員段,19.36,非都市：特定農業區 ; 非都市編定：甲種建築用地
RPUNMLPJMHMFFCJ88CA,下員段,1.24,非都市：特定農業區 ; 非都市編定：甲種建築用地
RPUNMLPJMHMFFCJ88CA,下員段,56.48,非都市：特定農業區 ; 非都市編定：甲種建築用地
RPUNMLPJMHMFFCJ88CA,下員段,2.88,非都市：特定農業區 ; 非都市編定：甲種建築用地
RPUSMLRJMHMFFBJ86CA,家興段,23.03,都市：住
RPTSMLRJMHMFFBJ76CA,家興段,23.03,都市：住
RPQSMLRJMHMFFBJ09CA,家興段,29.56,都市：住
RPTNMLNKMHMFFBJ58CA,縣華段,2.10,都市：商
RPTNMLNKMHMFFBJ58CA,縣華段,1.49,都市：商
RPTNMLNKMHMFFBJ58CA,縣華段,.86,都市：商
RPWNMLRLMHMFFDJ96CA,綠園段,220.78,非都市：特定農業區 ; 非都市編定：農牧用地
RPVNMLRLMHMFFDJ86CA,綠園段,1296.32,非都市：特定農業區 ; 非都市編定：農牧用地
RPUOMLNKMHMFFBJ78CA,縣華段,79.47,都市：住
RPVRMLQJMHMFFBJ76CA,縣華段,7.69,都市：商
RPSNMLOLMHMFFBJ68CA,貓兒錠段山腳小段,1403.00,非都市：特定農業區 ; 非都市編定：農牧用地
RPSNMLOLMHMFFBJ68CA,貓兒錠段山腳小段,1816.00,非都市：特定農業區 ; 非都市編定：農牧用地
RPTNMLPJMHMFFBJ68CA,縣福段,5.53,都市：商
RPQNMLQJMHMFFBJ48CA,隘興段,26.93,都市：住
RPXOMLPJMHMFFBJ56CA,豆子埔段,34.08,都市：住
RPPNMLKKMHMFFBJ87CA,自強段,22.88,都市：商
RPPNMLPKMHMFFBJ38CA,自強段,39.64,都市：住
RPUTMLQJMHMFFBJ86CA,自強段,26.84,都市：商
RPXOMLLMLHMFFBJ98CA,台元段,156.94,都市：其他
RPWOMLLMLHMFFBJ88CA,府前段,14.36,都市：其他
RPWOMLLMLHMFFBJ88CA,府前段,70.02,都市：其他
RPVNMLLMLHMFFDJ88CA,竹九段,45.25,非都市：鄉村區 ; 非都市編定：乙種建築用地
RPVNMLLMLHMFFDJ88CA,竹九段,13.86,非都市：鄉村區 ; 非都市編定：乙種建築用地
RPQNMLPJMHMFFDJ58CA,崁頭段,2667.00,非都市：特定農業區 ; 非都市編定：農牧用地
RPTPMLLMLHMFFBJ78DA,台元段,50.50,都市：其他
RPTPMLLMLHMFFBJ78DA,府前段,21.70,都市：其他
RPRNMLNLMHMFFDJ68CA,中興段中興小段,26.69,非都市：工業區 ; 非都市編定：丁種建築用地
RPSNMLSLMHMFFCJ56CA,油羅段,359.00,非都市：山坡地保育區 ; 非都市編定：農牧用地
RPSNMLSLMHMFFCJ56CA,油羅段,2151.00,非都市：山坡地保育區 ; 非都市編定：農牧用地
RPUNMLNKMHMFFBJ78DA,東安段,71.25,都市：住
RPUNMLNKMHMFFBJ78DA,東安段,27.93,都市：住
RPQOMLRKMHMFFCJ88CA,重光段,12.93,都市：住
RPPNMLQLMHMFFDJ78CA,德興段,19.32,非都市：特定農業區 ; 非都市編定：丁種建築用地
RPPNMLQLMHMFFDJ78CA,德興段,90.48,非都市：特定農業區 ; 非都市編定：丁種建築用地
RPVNMLOKMHMFFBJ88CA,十寮段糞箕窩小段,3133.00,非都市：山坡地保育區 ; 非都市編定：農牧用地
RPVNMLOKMHMFFBJ88CA,文山段,93.79,非都市：山坡地保育區 ; 非都市編定：農牧用地
RPVNMLOKMHMFFBJ88CA,文山段,22.62,非都市：山坡地保育區 ; 非都市編定：農牧用地
RPVNMLOKMHMFFBJ88CA,文山段,3.55,非都市：山坡地保育區 ; 非都市編定：農牧用地
RPVNMLOKMHMFFBJ88CA,文山段,210.00,非都市：山坡地保育區 ; 非都市編定：農牧用地
RPUNMLRJMHMFFCJ09CA,十二寮段十寮坑小段,798.00,非都市：山坡地保育區 ; 非都市編定：丙種建築用地
RPXNMLLMLHMFFCJ98CA,富興段富興小段,51.00,非都市：鄉村區 ; 非都市編定：乙種建築用地
RPOOMLLLMHMFFCJ18CA,新光段,12058.00,非都市：山坡地保育區 ; 非都市編定：林業用地
RPXOMLLLMHMFFCJ09CA,石井段梯子桄小段,106.00,非都市： ; 非都市編定：
RPVOMLLLMHMFFCJ88CA,石井段梯子桄小段,1141.00,非都市：山坡地保育區 ; 非都市編定：農牧用地
RPPOMLLLMHMFFCJ28CA,新光段,2050.00,非都市：山坡地保育區 ; 非都市編定：農牧用地
RPPOMLLLMHMFFCJ28CA,新光段,2280.00,非都市：山坡地保育區 ; 非都市編定：農牧用地
RPPOMLLLMHMFFCJ28CA,新光段,11490.00,非都市：山坡地保育區 ; 非都市編定：農牧用地
RPRNMLMKMHMFFCJ38CA,志學段,35.74,都市：住
RPRNMLMKMHMFFCJ38CA,志學段,.37,都市：農
RPQOMLPJMHMFFBJ48CA,縣華段,19.48,都市：商
RPXUMLQJMHMFFBJ27CA,台科段,18.01,都市：住
RPSTMLQJMHMFFBJ66CA,莊敬段,9.38,都市：商
RPPNMLRKMHMFFBJ58CA,隘興段,9.28,都市：住
RPQOMLRJMHMFFBJ68CA,社北段,66.48,都市：住
RPPNMLSKMHMFFBJ68CA,文化段,14.68,都市：住
RPPSMLQJMHMFFBJ88CA,豆子埔段,6.06,都市：商
RPXSMLQJMHMFFBJ07CA,莊敬段,34.57,都市：住
RPWSMLQJMHMFFBJ96CA,莊敬段,37.74,都市：住
RPSOMLRKMHMFFBJ98CA,中正段,34.80,都市：住
RPUOMLRKMHMFFBJ56CA,中正段,36.81,都市：住
RPROMLRKMHMFFBJ88CA,中正段,36.71,都市：住
RPWOMLRKMHMFFBJ76CA,中正段,36.71,都市：住
RPVOMLRKMHMFFBJ66CA,中正段,31.24,都市：住
RPQNMLTJMHMFFBJ78CA,縣華段,5.93,都市：商
RPVOMLTKMHMFFBJ86CA,隘興段,43.69,都市：住
RPRSMLRJMHMFFBJ56CA,自強段,20.97,都市：住
RPVOMLKLMHMFFBJ68CA,中正段,36.71,都市：住
RPQNMLMKMHMFFBJ18CA,東華段,20.99,都市：住
RPTRMLRJMHMFFBJ66CA,隘興段,52.77,都市：住
RPRRMLRJMHMFFBJ09CA,縣華段,20.53,都市：住
RPRRMLRJMHMFFBJ09CA,縣華段,.18,都市：住
RPRRMLRJMHMFFBJ09CA,縣華段,43.97,都市：住
RPWQMLRJMHMFFBJ86CA,隘興段,12.88,都市：住
RPSRMLRJMHMFFBJ56CA,隘興段,52.77,都市：住
RPSSMLRJMHMFFBJ66CA,自強段,22.68,都市：住
RPOOMLKKMHMFFBJ87CA,台科段,26.50,都市：商
RPPSMLRJMHMFFBJ98CA,自強段,20.97,都市：住
RPXRMLRJMHMFFBJ07CA,自強段,20.11,都市：住
RPWOMLMJNHMFFBJ88CA,豆子埔段,36.12,都市：住
RPROMLNKMHMFFBJ48CA,永興段,22.90,都市：住
RPSOMLNKMHMFFBJ58CA,永興段,22.94,都市：住
RPTNMLKLMHMFFCJ48CA,旭光段,.52,都市：其他
RPTNMLKLMHMFFCJ48CA,旭光段,31.76,都市：其他
RPQNMLKLMHMFFCJ18CA,旭光段,.45,都市：其他
RPQNMLKLMHMFFCJ18CA,旭光段,27.42,都市：其他
RPOOMLKLMHMFFCJ08CA,旭光段,.38,都市：其他
RPOOMLKLMHMFFCJ08CA,旭光段,23.08,都市：其他
RPWNMLKLMHMFFCJ78CA,旭光段,.48,都市：其他
RPWNMLKLMHMFFCJ78CA,旭光段,29.28,都市：其他
RPXNMLKLMHMFFCJ88CA,旭光段,.45,都市：其他
RPXNMLKLMHMFFCJ88CA,旭光段,27.42,都市：其他
RPPOMLKLMHMFFCJ18CA,旭光段,.38,都市：其他
RPPOMLKLMHMFFCJ18CA,旭光段,22.93,都市：其他
RPUNMLKLMHMFFCJ58CA,旭光段,.43,都市：其他
RPUNMLKLMHMFFCJ58CA,旭光段,26.02,都市：其他
RPSNMLKLMHMFFCJ38CA,旭光段,.40,都市：其他
RPSNMLKLMHMFFCJ38CA,旭光段,24.01,都市：其他
RPVNMLKLMHMFFCJ68CA,旭光段,.53,都市：其他
RPVNMLKLMHMFFCJ68CA,旭光段,32.07,都市：其他
RPRNMLKLMHMFFCJ28CA,旭光段,.38,都市：其他
RPRNMLKLMHMFFCJ28CA,旭光段,23.08,都市：其他
RPXNMLLLMHMFFCJ98CA,新樂段水田小段,2988.00,非都市：山坡地保育區 ; 非都市編定：林業用地
RPQNMLKKMHMFFCJ28EA,志學段,3.33,都市：住
RPQNMLKKMHMFFCJ28EA,志學段,.02,都市：住
RPQNMLKKMHMFFCJ28EA,志學段,.03,都市：住
RPQNMLKKMHMFFCJ28EA,志學段,.01,都市：住
RPXNMLRJMHMFFDJ86CA,濱海段,573.23,非都市：一般農業區 ; 非都市編定：農牧用地
RPXNMLRJMHMFFDJ86CA,坑子口段,46.67,非都市：特定農業區 ; 非都市編定：農牧用地
RPXNMLRJMHMFFDJ86CA,坑子口段,146.67,非都市：特定農業區 ; 非都市編定：農牧用地
RPOOMLQJMHMFFDJ58CA,竹九段,1581.58,非都市：一般農業區 ; 非都市編定：農牧用地
RPOOMLQJMHMFFDJ58CA,竹九段,4066.92,非都市：一般農業區 ; 非都市編定：農牧用地
RPUNMLKKMHMFFDJ58CA,福陽段,49.31,非都市：鄉村區 ; 非都市編定：乙種建築用地
RPUNMLKKMHMFFDJ58CA,福陽段,16.88,非都市：鄉村區 ; 非都市編定：乙種建築用地
RPXNMLKKMHMFFDJ88CA,福陽段,73.71,非都市：鄉村區 ; 非都市編定：乙種建築用地
RPXNMLKKMHMFFDJ88CA,福陽段,1.14,非都市：鄉村區 ; 非都市編定：乙種建築用地
RPVNMLKKMHMFFDJ68CA,福陽段,78.52,非都市：鄉村區 ; 非都市編定：乙種建築用地
RPVNMLKKMHMFFDJ68CA,福陽段,16.88,非都市：鄉村區 ; 非都市編定：乙種建築用地
RPWNMLKKMHMFFDJ78CA,福陽段,48.17,非都市：鄉村區 ; 非都市編定：乙種建築用地
RPWNMLKKMHMFFDJ78CA,福陽段,16.88,非都市：鄉村區 ; 非都市編定：乙種建築用地
RPPNMLSKMHMFFDJ88CA,福陽段,101.16,非都市：鄉村區 ; 非都市編定：乙種建築用地
RPQNMLMKMHMFFDJ38CA,中興段復興小段,181.98,非都市：工業區 ; 非都市編定：丁種建築用地
RPSOMLKLMHMFFCJ48CA,文昌段,115.60,都市：住
RPSOMLKLMHMFFCJ48CA,文昌段,17.29,都市：住
RPXNMLNKMHMFFCJ56DA,煤源段,900.00,非都市：山坡地保育區 ; 非都市編定：丙種建築用地
RPQNMLQKMHMFFDJ78CA,光華段,2.37,都市：住
RPOPMLOLMHMFFCJ58CA,溝背段,3683.11,非都市：山坡地保育區 ; 非都市編定：殯葬用地
RPVOMLMJNHMFFCJ98DA,油林段,17.54,都市：住
RPUNMLQJMHMFFCJ56EA,湖中段,533.00,非都市：山坡地保育區 ; 非都市編定：農牧用地
RPSPMLOKMHMFFCJ88CA,九莊段,4.93,非都市：山坡地保育區 ; 非都市編定：丙種建築用地
RPSPMLOKMHMFFCJ88CA,九莊段,16.98,非都市：山坡地保育區 ; 非都市編定：丙種建築用地
RPSPMLOKMHMFFCJ88CA,九莊段,71.07,非都市：山坡地保育區 ; 非都市編定：丙種建築用地
RPSPMLOKMHMFFCJ88CA,九莊段,1.04,非都市：山坡地保育區 ; 非都市編定：丙種建築用地
RPSPMLOKMHMFFCJ88CA,九莊段,5.42,非都市：山坡地保育區 ; 非都市編定：丙種建築用地
RPSPMLOKMHMFFCJ88CA,九莊段,3.64,非都市：山坡地保育區 ; 非都市編定：丙種建築用地
RPQNMLQJMHMFFCJ58CA,煤源段,6000.00,非都市：山坡地保育區 ; 非都市編定：林業用地
RPQNMLQJMHMFFCJ58CA,煤源段,6550.00,非都市：山坡地保育區 ; 非都市編定：林業用地
RPOOMLRKMHMFFCJ68CA,竹東段竹東小段,8.77,都市：住
RPOOMLRKMHMFFCJ68CA,竹東段竹東小段,7.77,都市：住
RPOOMLRKMHMFFCJ68CA,竹東段竹東小段,1.08,都市：住
RPRNMLNJNHMFFCJ48CA,新樂段水田小段,4432.00,非都市：山坡地保育區 ; 非都市編定：農牧用地
RPWNMLOKMHMFFCJ09CA,柿山段,310.00,非都市：山坡地保育區 ; 非都市編定：農牧用地
RPSNMLMJNHMFFCJ48CA,油林段,134.00,都市：工
RPSNMLMJNHMFFCJ48CA,油林段,17.00,都市：工
RPSNMLMJNHMFFCJ48CA,油林段,6.00,都市：工
RPSNMLMJNHMFFCJ48CA,油林段,23.00,都市：工
RPSNMLMJNHMFFCJ48CA,油林段,371.00,都市：工
RPSNMLMJNHMFFCJ48CA,油林段,259.00,都市：工
RPWNMLNKMHMFFCJ98CA,重光段,19.16,都市：住
RPRQMLSKMHMFFCJ66CA,明湖段,28.76,都市：住
RPXPMLSKMHMFFCJ17CA,明湖段,39.27,都市：住
RPPQMLSKMHMFFCJ09CA,明湖段,39.98,都市：住
RPQNMLLKMHMFFBJ08CA,東海窟段東海窟小段,3306.00,非都市：特定農業區 ; 非都市編定：農牧用地
RPQNMLLKMHMFFCJ18CA,上德段,133.75,都市：住
RPWNMLKKMHMFFBJ58CA,莊敬段,26.07,都市：住
RPURMLRJMHMFFBJ76CA,縣華段,6.31,都市：商
RPRPMLNKMHMFFBJ58CA,莊敬段,18.80,都市：住
RPPNMLQKMHMFFBJ48CA,大學段,30.72,都市：住
RPQNMLQKMHMFFBJ58CA,永興段,28.06,都市：住
RPPTMLQJMHMFFBJ98CA,永興段,12.29,都市：住
RPQTMLQJMHMFFBJ09CA,莊敬段,34.57,都市：住
RPRTMLQJMHMFFBJ56CA,莊敬段,30.35,都市：住
RPTTMLQJMHMFFBJ76CA,大學段,5.10,都市：商
RPRPMLRJMHMFFBJ88CA,莊敬段,32.60,都市：住
RPTPMLLLMHMFFBJ68CA,文化段,74.83,都市：住
RPQPMLLLMHMFFBJ38CA,大學段,12.71,都市：商
RPOPMLLLMHMFFBJ18CA,家興段,27.72,都市：商
RPVOMLSLMHMFFBJ86CA,隘興段,9.28,都市：住
RPVNMLRKMHMFFBJ56CA,莊敬段,26.38,都市：住
RPTNMLSJNHMFFBJ09CA,照門段照鏡小段,327.00,非都市：山坡地保育區 ; 非都市編定：丙種建築用地
RPTNMLSJNHMFFBJ09CA,照門段照鏡小段,815.00,非都市：山坡地保育區 ; 非都市編定：丙種建築用地
RPTNMLSJNHMFFBJ09CA,照門段照鏡小段,184.00,非都市：山坡地保育區 ; 非都市編定：農牧用地
RPVNMLSJNHMFFBJ66CA,照門段照鏡小段,68.00,非都市：山坡地保育區 ; 非都市編定：農牧用地
RPVNMLSJNHMFFBJ66CA,照門段照鏡小段,553.00,非都市：山坡地保育區 ; 非都市編定：農牧用地
RPVNMLSJNHMFFBJ66CA,照門段照鏡小段,2876.00,非都市：山坡地保育區 ; 非都市編定：農牧用地
RPUOMLOKMHMFFBJ88CA,台科段,15.08,都市：住
RPXNMLLKMHMFFBJ78CA,南平段,510.18,非都市：山坡地保育區 ; 非都市編定：丙種建築用地
RPXNMLLKMHMFFBJ78CA,南平段,763.99,非都市：山坡地保育區 ; 非都市編定：農牧用地
RPROMLKKMHMFFBJ18CA,正興段,54.76,都市：其他
RPROMLKKMHMFFBJ18CA,和平段,264.73,都市：其他
RPSOMLLKMHMFFBJ38CA,家興段,37.11,都市：住
RPUOMLQKIIMFFBJ78CA,台科段,20.23,都市：商
RPVOMLOKMHMFFCJ09CA,竹東段竹東小段,14.86,都市：住
RPUOMLMJNHMFFBJ68CA,台科段,81.54,都市：住
RPWNMLKKMHMFFCJ68CA,興眉段,76.01,非都市：鄉村區 ; 非都市編定：乙種建築用地
RPVOMLLKMHMFFBJ68CA,自強段,30.01,都市：住
RPUOMLSKMHMFFBJ66CA,站後段,2.66,都市：住
RPUOMLSKMHMFFBJ66CA,站後段,3.49,都市：住
RPROMLMJNHMFFBJ38CA,公園段,233.31,都市：住
RPXOMLKKMHMFFCJ88CA,明星段,813.73,都市：農
RPOPMLNKMHMFFBJ28CA,大學段,13.43,都市：商
RPROMLLKMHMFFCJ38CA,廣福段,166.07,都市：住
RPOQMLRKMHMFFCJ88CA,九讚頭段,1239.52,非都市：山坡地保育區 ; 非都市編定：農牧用地
RPXNMLRKMHMFFCJ86CA,竹東段竹東小段,33.08,都市：住
RPXNMLRKMHMFFCJ86CA,竹東段竹東小段,7.27,都市：住
RPXNMLRKMHMFFCJ86CA,竹東段竹東小段,1.14,都市：住
RPXNMLRKMHMFFCJ86CA,竹東段竹東小段,1.00,都市：住
RPXNMLLKMHMFFDJ98CA,湖鏡段,23.66,都市：住
RPXNMLLKMHMFFDJ98CA,湖鏡段,51.01,都市：住
RPVNMLLKMHMFFDJ78CA,建興段鳳凰小段,33.14,非都市：工業區 ; 非都市編定：丁種建築用地
RPUNMLLKMHMFFCJ58CA,重光段,12.09,都市：住
RPQNMLNKMHMFFDJ48CA,建興段鳳凰小段,12.95,非都市：工業區 ; 非都市編定：丁種建築用地
RPPNMLNKMHMFFDJ38CA,建興段鳳凰小段,12.95,非都市：工業區 ; 非都市編定：丁種建築用地
RPOOMLLJNHMFFCJ08CA,新頭分林段,411.95,非都市：山坡地保育區 ; 非都市編定：農牧用地
RPRNMLNKMHMFFDJ58CA,建興段鳳凰小段,12.95,非都市：工業區 ; 非都市編定：丁種建築用地
RPRNMLRKMHMFFBJ78CA,隘興段,158.01,都市：住
RPTNMLNKMHMFFDJ78CA,綠園段,39.59,非都市：鄉村區 ; 非都市編定：乙種建築用地
RPPNMLMKMHMFFDJ28CA,明新段,18.78,都市：住
RPUNMLNKMHMFFDJ88CA,波羅段,79.28,非都市：山坡地保育區 ; 非都市編定：丙種建築用地
RPPNMLMKMHMFFCJ38EA,竹東段竹東小段,28.00,非都市：鄉村區 ; 非都市編定：乙種建築用地
RPPNMLMKMHMFFCJ38EA,竹東段竹東小段,22.00,非都市：鄉村區 ; 非都市編定：乙種建築用地
RPPNMLMKMHMFFCJ38EA,竹東段竹東小段,14.00,非都市：鄉村區 ; 非都市編定：乙種建築用地
RPPNMLMKMHMFFCJ38EA,竹東段竹東小段,14.00,非都市：鄉村區 ; 非都市編定：乙種建築用地
RPQPMLOLMHMFFCJ78CA,溝背段,16.00,非都市：山坡地保育區 ; 非都市編定：交通用地
RPQPMLOLMHMFFCJ78CA,溝背段,298.80,非都市：山坡地保育區 ; 非都市編定：農牧用地
RPQPMLOLMHMFFCJ78CA,溝背段,48.60,非都市：山坡地保育區 ; 非都市編定：農牧用地
RPQPMLOLMHMFFCJ78CA,溝背段,11.82,非都市：山坡地保育區 ; 非都市編定：農牧用地
RPQPMLOLMHMFFCJ78CA,溝背段,943.36,非都市：山坡地保育區 ; 非都市編定：林業用地
RPQPMLOLMHMFFCJ78CA,溝背段,36.84,非都市：山坡地保育區 ; 非都市編定：農牧用地
RPQPMLOLMHMFFCJ78CA,溝背段,1460.00,非都市：山坡地保育區 ; 非都市編定：農牧用地
RPQPMLOLMHMFFCJ78CA,溝背段,871.33,非都市：山坡地保育區 ; 非都市編定：農牧用地
RPQPMLOLMHMFFCJ78CA,溝背段,62.29,非都市：山坡地保育區 ; 非都市編定：農牧用地
RPQPMLOLMHMFFCJ78CA,溝背段,2.30,非都市：山坡地保育區 ; 非都市編定：農牧用地
RPQPMLOLMHMFFCJ78CA,溝背段,.63,非都市：山坡地保育區 ; 非都市編定：農牧用地
RPQPMLOLMHMFFCJ78CA,溝背段,12.60,非都市：山坡地保育區 ; 非都市編定：農牧用地
RPQPMLOLMHMFFCJ78CA,溝背段,125.50,非都市：山坡地保育區 ; 非都市編定：林業用地
RPQPMLOLMHMFFCJ78CA,溝背段,158.75,非都市：山坡地保育區 ; 非都市編定：水利用地
RPQPMLOLMHMFFCJ78CA,溝背段,54.30,非都市：山坡地保育區 ; 非都市編定：丙種建築用地
RPQNMLRKMHMFFBJ68CA,永興段,7.00,都市：商
RPPPMLOLMHMFFCJ68CA,溝背段,16.00,非都市：山坡地保育區 ; 非都市編定：交通用地
RPPPMLOLMHMFFCJ68CA,溝背段,298.80,非都市：山坡地保育區 ; 非都市編定：農牧用地
RPPPMLOLMHMFFCJ68CA,溝背段,48.60,非都市：山坡地保育區 ; 非都市編定：農牧用地
RPPPMLOLMHMFFCJ68CA,溝背段,11.82,非都市：山坡地保育區 ; 非都市編定：農牧用地
RPPPMLOLMHMFFCJ68CA,溝背段,553.60,非都市：山坡地保育區 ; 非都市編定：農牧用地
RPPPMLOLMHMFFCJ68CA,溝背段,1130.00,非都市：山坡地保育區 ; 非都市編定：農牧用地
RPPPMLOLMHMFFCJ68CA,溝背段,693.00,非都市：山坡地保育區 ; 非都市編定：農牧用地
RPPPMLOLMHMFFCJ68CA,溝背段,803.46,非都市：山坡地保育區 ; 非都市編定：農牧用地
RPPPMLOLMHMFFCJ68CA,溝背段,871.33,非都市：山坡地保育區 ; 非都市編定：農牧用地
RPPPMLOLMHMFFCJ68CA,溝背段,62.29,非都市：山坡地保育區 ; 非都市編定：農牧用地
RPPPMLOLMHMFFCJ68CA,溝背段,1.15,非都市：山坡地保育區 ; 非都市編定：農牧用地
RPPPMLOLMHMFFCJ68CA,溝背段,.63,非都市：山坡地保育區 ; 非都市編定：農牧用地
RPPPMLOLMHMFFCJ68CA,溝背段,6.30,非都市：山坡地保育區 ; 非都市編定：農牧用地
RPPPMLOLMHMFFCJ68CA,溝背段,125.50,非都市：山坡地保育區 ; 非都市編定：林業用地
RPPPMLOLMHMFFCJ68CA,溝背段,158.75,非都市：山坡地保育區 ; 非都市編定：水利用地
RPPPMLOLMHMFFCJ68CA,溝背段,36.84,非都市：山坡地保育區 ; 非都市編定：農牧用地
RPPPMLOLMHMFFCJ68CA,溝背段,54.30,非都市：山坡地保育區 ; 非都市編定：丙種建築用地
RPSPMLOLMHMFFCJ98CA,溝背段,1281.65,非都市：山坡地保育區 ; 非都市編定：林業用地
RPSPMLOLMHMFFCJ98CA,溝背段,943.36,非都市：山坡地保育區 ; 非都市編定：林業用地
RPSPMLOLMHMFFCJ98CA,溝背段,1023.00,非都市：山坡地保育區 ; 非都市編定：農牧用地
RPSPMLOLMHMFFCJ98CA,溝背段,67.74,非都市：山坡地保育區 ; 非都市編定：農牧用地
RPSPMLOLMHMFFCJ98CA,溝背段,274.13,非都市：山坡地保育區 ; 非都市編定：農牧用地
RPSPMLOLMHMFFCJ98CA,溝背段,142.33,非都市：山坡地保育區 ; 非都市編定：水利用地
RPSPMLOLMHMFFCJ98CA,溝背段,126.00,非都市：山坡地保育區 ; 非都市編定：農牧用地
RPSPMLOLMHMFFCJ98CA,溝背段,803.46,非都市：山坡地保育區 ; 非都市編定：農牧用地
RPSPMLOLMHMFFCJ98CA,溝背段,1.15,非都市：山坡地保育區 ; 非都市編定：農牧用地
RPSPMLOLMHMFFCJ98CA,溝背段,6.30,非都市：山坡地保育區 ; 非都市編定：農牧用地
RPSPMLOLMHMFFCJ98CA,溝背段,54.30,非都市：山坡地保育區 ; 非都市編定：丙種建築用地
RPPNMLKKMHMFFDJ08CA,中義段,83.06,都市：住
RPPNMLKKMHMFFDJ08CA,中義段,.42,都市：住
RPRNMLPLMHMFFCJ78CA,溝背段,1584.80,非都市：山坡地保育區 ; 非都市編定：農牧用地
RPRNMLPLMHMFFCJ78CA,溝背段,13.58,非都市：山坡地保育區 ; 非都市編定：丙種建築用地
RPQNMLPLMHMFFCJ68CA,溝背段,40.30,非都市：山坡地保育區 ; 非都市編定：農牧用地
RPQNMLPLMHMFFCJ68CA,溝背段,245.60,非都市：山坡地保育區 ; 非都市編定：農牧用地
RPQNMLPLMHMFFCJ68CA,溝背段,554.33,非都市：山坡地保育區 ; 非都市編定：農牧用地
RPQNMLPLMHMFFCJ68CA,溝背段,9.05,非都市：山坡地保育區 ; 非都市編定：丙種建築用地
RPPNMLPLMHMFFCJ58CA,溝背段,1281.65,非都市：山坡地保育區 ; 非都市編定：林業用地
RPPNMLPLMHMFFCJ58CA,溝背段,553.60,非都市：山坡地保育區 ; 非都市編定：農牧用地
RPPNMLPLMHMFFCJ58CA,溝背段,27.15,非都市：山坡地保育區 ; 非都市編定：丙種建築用地
RPROMLMJNHMFFDJ58CA,竹九段,70.33,非都市：一般農業區 ; 非都市編定：甲種建築用地
RPUOMLRKMHMFFDJ76CA,坪頂段,50.09,非都市：鄉村區 ; 非都市編定：乙種建築用地
RPUOMLRKMHMFFDJ76CA,坪頂段,15.00,非都市：鄉村區 ; 非都市編定：乙種建築用地
RPUOMLRKMHMFFDJ76CA,坪頂段,12.60,非都市：鄉村區 ; 非都市編定：乙種建築用地
RPQNMLTLMHMFFCJ09CA,重光段,18.74,都市：住
RPQNMLTLMHMFFCJ09CA,重光段,11.75,都市：住
RPWNMLNJNHMFFCJ98CA,梅花段,4577.00,非都市：山坡地保育區 ; 非都市編定：農牧用地
RPPNMLPJNHMFFBJ48DA,豆子埔段,19.74,都市：住
RPVOMLOLMHMFFCJ56CA,上德段,451.59,都市：住
RPWOMLKKMHMFFCJ78CA,金獅段,22.46,非都市：特定農業區 ; 非都市編定：甲種建築用地
RPWOMLKKMHMFFCJ78CA,金獅段,51.02,非都市：特定農業區 ; 非都市編定：甲種建築用地
RPWOMLKKMHMFFCJ78CA,金獅段,1.76,非都市：特定農業區 ; 非都市編定：甲種建築用地
RPVPMLPLMHMFFCJ76CA,溝背段,723.00,非都市：山坡地保育區 ; 非都市編定：農牧用地
RPVPMLPLMHMFFCJ76CA,溝背段,679.20,非都市：山坡地保育區 ; 非都市編定：農牧用地
RPVPMLPLMHMFFCJ76CA,溝背段,13.58,非都市：山坡地保育區 ; 非都市編定：丙種建築用地
RPTOMLPLMHMFFCJ09CA,溝背段,11.82,非都市：山坡地保育區 ; 非都市編定：農牧用地
RPTOMLPLMHMFFCJ09CA,溝背段,943.36,非都市：山坡地保育區 ; 非都市編定：林業用地
RPTOMLPLMHMFFCJ09CA,溝背段,553.60,非都市：山坡地保育區 ; 非都市編定：農牧用地
RPTOMLPLMHMFFCJ09CA,溝背段,1606.92,非都市：山坡地保育區 ; 非都市編定：農牧用地
RPTOMLPLMHMFFCJ09CA,溝背段,62.29,非都市：山坡地保育區 ; 非都市編定：農牧用地
RPTOMLPLMHMFFCJ09CA,溝背段,2.30,非都市：山坡地保育區 ; 非都市編定：農牧用地
RPTOMLPLMHMFFCJ09CA,溝背段,.63,非都市：山坡地保育區 ; 非都市編定：農牧用地
RPTOMLPLMHMFFCJ09CA,溝背段,97.50,非都市：山坡地保育區 ; 非都市編定：農牧用地
RPTOMLPLMHMFFCJ09CA,溝背段,36.84,非都市：山坡地保育區 ; 非都市編定：農牧用地
RPTOMLPLMHMFFCJ09CA,溝背段,54.30,非都市：山坡地保育區 ; 非都市編定：丙種建築用地
RPUNMLOLMHMFFCJ98CA,東寧段,63.00,都市：住
RPUNMLOLMHMFFCJ98CA,東寧段,24.56,都市：住
RPUNMLOLMHMFFCJ98CA,東寧段,1.33,都市：住
RPTNMLOLMHMFFCJ88CA,東寧段,79.00,都市：住
RPTNMLOLMHMFFCJ88CA,東寧段,24.56,都市：住
RPTNMLOLMHMFFCJ88CA,東寧段,1.33,都市：住
RPRPMLPLMHMFFCJ98CA,溝背段,16.00,非都市：山坡地保育區 ; 非都市編定：交通用地
RPRPMLPLMHMFFCJ98CA,溝背段,1281.65,非都市：山坡地保育區 ; 非都市編定：林業用地
RPRPMLPLMHMFFCJ98CA,溝背段,298.80,非都市：山坡地保育區 ; 非都市編定：農牧用地
RPRPMLPLMHMFFCJ98CA,溝背段,48.60,非都市：山坡地保育區 ; 非都市編定：農牧用地
RPRPMLPLMHMFFCJ98CA,溝背段,11.82,非都市：山坡地保育區 ; 非都市編定：農牧用地
RPRPMLPLMHMFFCJ98CA,溝背段,943.36,非都市：山坡地保育區 ; 非都市編定：林業用地
RPRPMLPLMHMFFCJ98CA,溝背段,553.60,非都市：山坡地保育區 ; 非都市編定：農牧用地
RPRPMLPLMHMFFCJ98CA,溝背段,142.33,非都市：山坡地保育區 ; 非都市編定：水利用地
RPRPMLPLMHMFFCJ98CA,溝背段,62.29,非都市：山坡地保育區 ; 非都市編定：農牧用地
RPRPMLPLMHMFFCJ98CA,溝背段,.63,非都市：山坡地保育區 ; 非都市編定：農牧用地
RPRPMLPLMHMFFCJ98CA,溝背段,36.84,非都市：山坡地保育區 ; 非都市編定：農牧用地
RPRPMLPLMHMFFCJ98CA,溝背段,108.60,非都市：山坡地保育區 ; 非都市編定：丙種建築用地
RPTOMLNKMHMFFBJ68CA,府前段,145.81,都市：其他
RPTOMLNKMHMFFBJ68CA,府前段,3.16,都市：其他
RPROMLNKMHMFFCJ58CA,東寧段,19.54,都市：住
RPROMLTKMHMFFCJ56CA,南坑段大南坑小段,104.61,非都市：山坡地保育區 ; 非都市編定：農牧用地
RPROMLTKMHMFFCJ56CA,南坑段大南坑小段,7.56,非都市：山坡地保育區 ; 非都市編定：農牧用地
RPROMLTKMHMFFCJ56CA,南坑段大南坑小段,14.56,非都市：山坡地保育區 ; 非都市編定：丙種建築用地
RPQOMLTKMHMFFCJ09CA,南坑段大南坑小段,104.61,非都市：山坡地保育區 ; 非都市編定：農牧用地
RPQOMLTKMHMFFCJ09CA,南坑段大南坑小段,7.56,非都市：山坡地保育區 ; 非都市編定：農牧用地
RPQOMLTKMHMFFCJ09CA,南坑段大南坑小段,14.56,非都市：山坡地保育區 ; 非都市編定：丙種建築用地
RPVNMLTKMHMFFCJ86CA,石壁潭段,265.00,非都市：山坡地保育區 ; 非都市編定：農牧用地
RPVOMLNKMHMFFBJ88CA,自強段,26.84,都市：住
RPTPMLNKMHMFFBJ78CA,家興段,16.37,都市：住
RPPNMLLKMHMFFBJ97CA,斗崙段頂斗崙小段,11.48,都市：其他
RPPNMLMKMHMFFBJ08CA,九芎湖段,986.19,非都市：山坡地保育區 ; 非都市編定：農牧用地
RPPNMLMKMHMFFBJ08CA,九芎湖段,51.69,非都市：山坡地保育區 ; 非都市編定：農牧用地
RPSNMLTKMHMFFCJ56CA,明湖段,19.33,都市：住
RPOPMLLKMHMFFBJ08CA,東興段,2.67,都市：住
RPOPMLLKMHMFFBJ08CA,大學段,.31,都市：住
RPOPMLLKMHMFFBJ08CA,東興段,5.88,都市：住
RPOPMLLKMHMFFBJ08CA,東興段,31.02,都市：住
RPOPMLLKMHMFFBJ08CA,東興段,3.41,都市：住
RPQNMLTKMHMFFBJ88CA,湖肚段,627.50,都市：農
RPUNMLOKMHMFFBJ78CA,東華段,37.32,都市：住
RPVNMLKKMHMFFBJ48CA,莊敬段,38.53,都市：住
RPOOMLLKMHMFFBJ97CA,隘興段,32.29,都市：住
RPQOMLLKMHMFFBJ18CA,台科段,31.41,都市：住
RPRNMLQKMHMFFBJ68CA,馬麟厝段,29.24,非都市：特定農業區 ; 非都市編定：甲種建築用地
RPRNMLQKMHMFFBJ68CA,馬麟厝段,66.00,非都市：特定農業區 ; 非都市編定：甲種建築用地
RPQNMLSKMHMFFBJ78CA,公園段,38.56,都市：商
RPWOMLSKMHMFFBJ86CA,家興段,29.56,都市：住
RPTNMLMKMHMFFBJ48CA,縣福段,17.57,都市：商
RPXNMLRLMHMFFBJ86CA,豐田段,131.76,非都市：特定農業區 ; 非都市編定：交通用地
RPOOMLRLMHMFFBJ68CA,新庄子段,28.57,非都市：特定農業區 ; 非都市編定：交通用地
RPUNMLRKMHMFFBJ09CA,縣華段,51.69,都市：住
RPSNMLQKMHMFFBJ78CA,公園段,27.94,都市：住
RPOPMLSKMHMFFBJ78CA,台科段,52.17,都市：住
RPPOMLOKMHMFFBJ38CA,華城段,110.05,非都市：山坡地保育區 ; 非都市編定：農牧用地
RPPOMLRLMHMFFBJ78CA,隘興段,47.35,都市：住
RPPOMLRLMHMFFBJ78CA,隘興段,15.59,都市：住
RPQPMLSKMHMFFBJ98CA,台科段,51.10,都市：住
RPTOMLQLMHMFFBJ09CA,下寮段,72.13,非都市：山坡地保育區 ; 非都市編定：丙種建築用地
RPTOMLQLMHMFFBJ09CA,下寮段,28.54,非都市：山坡地保育區 ; 非都市編定：丙種建築用地
RPPPMLSKMHMFFBJ88CA,台科段,52.17,都市：住
RPRQMLNJNHMFFBJ68CA,文化段,88.37,都市：住
RPRNMLKLMHMFFBJ18CA,大學段,21.03,都市：商
RPVNMLTKMHMFFBJ76CA,貓兒錠段山腳小段,70.95,非都市：山坡地保育區 ; 非都市編定：農牧用地
RPSPMLNKMHMFFBJ68CA,隘興段,47.93,都市：住
RPSPMLNKMHMFFBJ68CA,隘興段,15.59,都市：住
RPUPMLNKMHMFFBJ88CA,自強段,42.24,都市：住
RPUNMLNKMHMFFCJ78CA,文昌段,.00,都市：住
RPUNMLNKMHMFFCJ78CA,文昌段,11.53,都市：住
RPUNMLNKMHMFFCJ78CA,文昌段,.03,都市：住
RPUNMLNKMHMFFCJ78CA,文昌段,.02,都市：住
RPQOMLPLMHMFFCJ78CA,溝背段,2247.75,非都市：山坡地保育區 ; 非都市編定：農牧用地
RPQNMLQKMHMFFCJ68CA,放翁段,6.14,非都市：山坡地保育區 ; 非都市編定：丙種建築用地
RPQNMLQKMHMFFCJ68CA,放翁段,5.10,非都市：山坡地保育區 ; 非都市編定：丙種建築用地
RPQNMLQKMHMFFCJ68CA,放翁段,7.76,非都市：山坡地保育區 ; 非都市編定：丙種建築用地
RPQNMLQKMHMFFCJ68CA,放翁段,12.75,非都市：山坡地保育區 ; 非都市編定：丙種建築用地
RPQNMLQKMHMFFCJ68CA,放翁段,21.94,非都市：山坡地保育區 ; 非都市編定：農牧用地
RPQNMLQKMHMFFCJ68CA,放翁段,.40,非都市：山坡地保育區 ; 非都市編定：遊憩用地
RPQNMLQKMHMFFCJ68CA,放翁段,16.32,非都市：山坡地保育區 ; 非都市編定：丙種建築用地
RPQNMLQKMHMFFCJ68CA,放翁段,247.00,非都市：山坡地保育區 ; 非都市編定：丙種建築用地
RPQNMLMKMHMFFCJ28CA,軟橋段,26.61,非都市：鄉村區 ; 非都市編定：乙種建築用地
RPQNMLMKMHMFFCJ28CA,軟橋段,72.26,非都市：鄉村區 ; 非都市編定：乙種建築用地
RPSPMLRKMHMFFCJ56CA,重光段,12.93,都市：住
RPSNMLPLMHMFFCJ88CA,溝背段,40.30,非都市：山坡地保育區 ; 非都市編定：農牧用地
RPSNMLPLMHMFFCJ88CA,溝背段,245.60,非都市：山坡地保育區 ; 非都市編定：農牧用地
RPSNMLPLMHMFFCJ88CA,溝背段,554.33,非都市：山坡地保育區 ; 非都市編定：農牧用地
RPSNMLPLMHMFFCJ88CA,溝背段,9.05,非都市：山坡地保育區 ; 非都市編定：丙種建築用地
RPTNMLPLMHMFFCJ98CA,溝背段,40.30,非都市：山坡地保育區 ; 非都市編定：農牧用地
RPTNMLPLMHMFFCJ98CA,溝背段,245.60,非都市：山坡地保育區 ; 非都市編定：農牧用地
RPTNMLPLMHMFFCJ98CA,溝背段,9.05,非都市：山坡地保育區 ; 非都市編定：丙種建築用地
RPTNMLPLMHMFFCJ98CA,溝背段,554.33,非都市：山坡地保育區 ; 非都市編定：農牧用地
RPVNMLPLMHMFFCJ56CA,溝背段,1606.92,非都市：山坡地保育區 ; 非都市編定：農牧用地
RPVNMLPLMHMFFCJ56CA,溝背段,27.15,非都市：山坡地保育區 ; 非都市編定：丙種建築用地
RPTNMLOLMHMFFDJ09DA,永寧段,91.44,都市：其他
RPTRMLRKMHMFFCJ86CA,明湖段,26.97,非都市：山坡地保育區 ; 非都市編定：丙種建築用地
RPTRMLRKMHMFFCJ86CA,明湖段,1.10,非都市：山坡地保育區 ; 非都市編定：丙種建築用地
RPQPMLRKMHMFFDJ09CA,後湖段埔頂小段,2000.00,非都市：特定農業區 ; 非都市編定：農牧用地
RPQNMLPLMHMFFBJ58CA,家興段,147.04,都市：住
RPXNMLPLMHMFFCJ76CA,溝背段,142.33,非都市：山坡地保育區 ; 非都市編定：水利用地
RPXNMLPLMHMFFCJ76CA,溝背段,27.15,非都市：山坡地保育區 ; 非都市編定：丙種建築用地
RPQNMLNLMHMFFDJ58CA,池和段,71.33,非都市：一般農業區 ; 非都市編定：甲種建築用地
RPRNMLMKMHMFFDJ48CA,福陽段,32.26,非都市：一般農業區 ; 非都市編定：甲種建築用地
RPVNMLNKMHMFFDJ98CA,員興段,33.76,非都市：一般農業區 ; 非都市編定：甲種建築用地
RPTOMLRKMHMFFDJ66CA,中興段新興小段,4626.00,非都市：工業區 ; 非都市編定：丁種建築用地
RPTOMLRKMHMFFDJ66CA,中興段新興小段,3702.00,非都市：工業區 ; 非都市編定：丁種建築用地
RPTNMLKLMHMFFDJ58CA,福陽段,70.53,非都市：鄉村區 ; 非都市編定：乙種建築用地
RPTNMLKLMHMFFDJ58CA,福陽段,.29,非都市：鄉村區 ; 非都市編定：乙種建築用地
RPUNMLMKMHMFFDJ78CA,汶山段,24.95,非都市：鄉村區 ; 非都市編定：乙種建築用地
RPUNMLKLMHMFFDJ68CA,福陽段,75.31,非都市：鄉村區 ; 非都市編定：乙種建築用地
RPUNMLKLMHMFFDJ68CA,福陽段,.29,非都市：鄉村區 ; 非都市編定：乙種建築用地
RPXNMLNKMHMFFDJ56CA,文昌段,113.60,都市：住
RPOOMLNKMHMFFDJ38CA,中興段復興小段,26.40,非都市：工業區 ; 非都市編定：丁種建築用地
RPUOMLOKMHMFFDJ09CA,員興段,33.85,非都市：一般農業區 ; 非都市編定：甲種建築用地
RPSNMLNLMHMFFDJ78CA,建興段鳳凰小段,10.83,非都市：工業區 ; 非都市編定：丁種建築用地
RPWNMLOKMHMFFDJ56CA,員山段,36.73,非都市：特定農業區 ; 非都市編定：農牧用地
RPWNMLOKMHMFFDJ56CA,員山段,62.00,非都市：特定農業區 ; 非都市編定：甲種建築用地
RPWNMLOKMHMFFDJ56CA,員山段,4.30,非都市：特定農業區 ; 非都市編定：甲種建築用地
RPWNMLOKMHMFFDJ56CA,員山段,1.30,非都市：特定農業區 ; 非都市編定：甲種建築用地
RPSNMLLJNHMFFDJ48CA,榮豐段,106.15,都市：住
RPOOMLMJNHMFFDJ28CA,長威段,78.50,非都市：鄉村區 ; 非都市編定：乙種建築用地
RPWOMLOKMHMFFDJ66CA,光華段,34.23,都市：住
RPVOMLOKMHMFFDJ56CA,光華段,34.23,都市：住
RPQNMLKMMHMFFBJ18CA,莊敬段,13.08,都市：商
RPSNMLKMMHMFFBJ38CA,莊敬段,8.98,都市：商
RPRNMLKMMHMFFBJ28CA,莊敬段,13.15,都市：商
RPSOMLRLMHMFFDJ66CA,建興段鳳凰小段,37.17,非都市：工業區 ; 非都市編定：丁種建築用地
RPQOMLRLMHMFFDJ09CA,建興段鳳凰小段,75.00,非都市：工業區 ; 非都市編定：丁種建築用地
RPQNMLQLMHMFFDJ88CA,池和段,1562.42,非都市：特定農業區 ; 非都市編定：農牧用地
RPVNMLKLMHMFFDJ78CA,福陽段,69.32,非都市：鄉村區 ; 非都市編定：乙種建築用地
RPVNMLKLMHMFFDJ78CA,福陽段,16.88,非都市：鄉村區 ; 非都市編定：乙種建築用地
RPTOMLOKMHMFFDJ98CA,員興段,33.85,非都市：一般農業區 ; 非都市編定：甲種建築用地
RPOOMLNKMHMFFBJ28DA,台元段,156.94,都市：其他
RPXNMLKLMHMFFDJ98CA,福陽段,45.31,非都市：鄉村區 ; 非都市編定：乙種建築用地
RPXNMLKLMHMFFDJ98CA,福陽段,16.88,非都市：鄉村區 ; 非都市編定：乙種建築用地
RPWNMLKLMHMFFDJ88CA,福陽段,48.18,非都市：鄉村區 ; 非都市編定：乙種建築用地
RPWNMLKLMHMFFDJ88CA,福陽段,16.88,非都市：鄉村區 ; 非都市編定：乙種建築用地
RPSNMLTKMHMFFDJ66CA,光華段,7.17,都市：住
RPSNMLTKMHMFFDJ66CA,光華段,7.16,都市：住
RPSNMLTKMHMFFDJ66CA,光華段,54.42,都市：住
RPQOMLOKMHMFFDJ68CA,中興段復興小段,68.00,非都市：工業區 ; 非都市編定：丁種建築用地
RPSOMLPLMHMFFCJ98CA,溝背段,27.15,非都市：山坡地保育區 ; 非都市編定：丙種建築用地
RPPNMLKKMHMFFCJ28CD,金獅段,33.73,非都市：特定農業區 ; 非都市編定：甲種建築用地
RPRNMLNKMHMFFCJ48CA,環湖段,3515.63,非都市：山坡地保育區 ; 非都市編定：農牧用地
RPWNMLMJNHMFFCJ88CA,雙園段,166.64,都市：其他
RPQPMLOKMHMFFCJ68CA,放翁段,234.98,非都市：特定農業區 ; 非都市編定：農牧用地
RPQPMLOKMHMFFCJ68CA,放翁段,60.55,非都市：山坡地保育區 ; 非都市編定：水利用地
RPQPMLOKMHMFFCJ68CA,放翁段,68.32,非都市：山坡地保育區 ; 非都市編定：水利用地
RPQPMLOKMHMFFCJ68CA,放翁段,1365.94,非都市：山坡地保育區 ; 非都市編定：林業用地
RPQPMLOKMHMFFCJ68CA,放翁段,173.64,非都市：山坡地保育區 ; 非都市編定：水利用地
RPQPMLOKMHMFFCJ68CA,放翁段,68.79,非都市：山坡地保育區 ; 非都市編定：農牧用地
RPQPMLOKMHMFFCJ68CA,放翁段,200.14,非都市：山坡地保育區 ; 非都市編定：農牧用地
RPQPMLOKMHMFFCJ68CA,放翁段,275.50,非都市：山坡地保育區 ; 非都市編定：農牧用地
RPQPMLOKMHMFFCJ68CA,放翁段,3109.75,非都市：山坡地保育區 ; 非都市編定：林業用地
RPQPMLPLMHMFFCJ88CA,溝背段,16.00,非都市：山坡地保育區 ; 非都市編定：交通用地
RPQPMLPLMHMFFCJ88CA,溝背段,1281.65,非都市：山坡地保育區 ; 非都市編定：林業用地
RPQPMLPLMHMFFCJ88CA,溝背段,298.80,非都市：山坡地保育區 ; 非都市編定：農牧用地
RPQPMLPLMHMFFCJ88CA,溝背段,48.60,非都市：山坡地保育區 ; 非都市編定：農牧用地
RPQPMLPLMHMFFCJ88CA,溝背段,11.82,非都市：山坡地保育區 ; 非都市編定：農牧用地
RPQPMLPLMHMFFCJ88CA,溝背段,943.36,非都市：山坡地保育區 ; 非都市編定：林業用地
RPQPMLPLMHMFFCJ88CA,溝背段,553.60,非都市：山坡地保育區 ; 非都市編定：農牧用地
RPQPMLPLMHMFFCJ88CA,溝背段,1606.92,非都市：山坡地保育區 ; 非都市編定：農牧用地
RPQPMLPLMHMFFCJ88CA,溝背段,871.33,非都市：山坡地保育區 ; 非都市編定：農牧用地
RPQPMLPLMHMFFCJ88CA,溝背段,62.29,非都市：山坡地保育區 ; 非都市編定：農牧用地
RPQPMLPLMHMFFCJ88CA,溝背段,2.30,非都市：山坡地保育區 ; 非都市編定：農牧用地
RPQPMLPLMHMFFCJ88CA,溝背段,.63,非都市：山坡地保育區 ; 非都市編定：農牧用地
RPQPMLPLMHMFFCJ88CA,溝背段,12.60,非都市：山坡地保育區 ; 非都市編定：農牧用地
RPQPMLPLMHMFFCJ88CA,溝背段,125.50,非都市：山坡地保育區 ; 非都市編定：林業用地
RPQPMLPLMHMFFCJ88CA,溝背段,158.75,非都市：山坡地保育區 ; 非都市編定：水利用地
RPQPMLPLMHMFFCJ88CA,溝背段,94.84,非都市：山坡地保育區 ; 非都市編定：農牧用地
RPQPMLPLMHMFFCJ88CA,溝背段,97.50,非都市：山坡地保育區 ; 非都市編定：農牧用地
RPQPMLPLMHMFFCJ88CA,溝背段,217.90,非都市：山坡地保育區 ; 非都市編定：農牧用地
RPQPMLPLMHMFFCJ88CA,溝背段,36.84,非都市：山坡地保育區 ; 非都市編定：農牧用地
RPQPMLPLMHMFFCJ88CA,溝背段,54.30,非都市：山坡地保育區 ; 非都市編定：丙種建築用地
RPXOMLSKMHMFFCJ07CA,公園段,46.37,都市：其他
RPOOMLPLMHMFFCJ58CA,溝背段,1438.00,非都市：山坡地保育區 ; 非都市編定：農牧用地
RPOOMLPLMHMFFCJ58CA,溝背段,749.25,非都市：山坡地保育區 ; 非都市編定：農牧用地
RPOOMLPLMHMFFCJ58CA,溝背段,24.00,非都市：山坡地保育區 ; 非都市編定：農牧用地
RPXNMLLJNHMFFBJ88DA,下寮段,198.40,非都市：山坡地保育區 ; 非都市編定：丙種建築用地
RPXNMLLJNHMFFBJ88DA,下寮段,4.83,非都市：山坡地保育區 ; 非都市編定：丙種建築用地
RPXNMLLJNHMFFBJ88DA,下寮段,20.39,非都市：山坡地保育區 ; 非都市編定：丙種建築用地
RPXNMLLJNHMFFBJ88DA,下寮段,24.06,非都市：山坡地保育區 ; 非都市編定：丙種建築用地
RPXNMLLJNHMFFBJ88DA,下寮段,.35,非都市：山坡地保育區 ; 非都市編定：丙種建築用地
RPSOMLNKMHMFFCJ68CA,國王段,132.79,非都市：特定農業區 ; 非都市編定：農牧用地
RPVNMLNJNHMFFDJ09DA,北湖段,37.20,都市：住
RPTNMLNKMHMFFCJ68CA,文昌段,11.62,都市：住
RPTNMLNKMHMFFCJ68CA,文昌段,.03,都市：住
RPTNMLNKMHMFFCJ68CA,文昌段,.02,都市：住
RPTNMLNKMHMFFCJ68CA,文昌段,.00,都市：住
RPPOMLNKMHMFFBJ28CA,站前段,48.00,都市：其他
RPPNMLKLMHMFFBJ97CA,永興段,56.80,都市：住
RPVOMLSKMHMFFBJ76CA,莊敬段,20.58,都市：商
RPXNMLNKMHMFFBJ98CA,水瀧段,27.87,都市：住
RPPNMLKKNHMFFDJ18CA,光華段,1.35,都市：住
RPPNMLKKNHMFFDJ18CA,光華段,7.44,都市：住
RPPNMLKKNHMFFDJ18CA,光華段,37.85,都市：住
RPSNMLOKMHMFFBJ58CA,翰林段,33.28,都市：住
RPSOMLOKMHMFFBJ68CA,社北段,5.23,都市：住
RPSPMLRKMHMFFBJ09CA,莊敬段,20.94,都市：商
RPVOMLOKMHMFFBJ98CA,文化段,14.78,都市：商
RPVNMLKLMHMFFBJ58CA,霄裡段,358.88,非都市：特定農業區 ; 非都市編定：農牧用地
RPPNMLTKMHMFFBJ78CA,莊敬段,12.10,都市：商
RPPNMLLJNHMFFBJ97CA,縣福段,22.33,都市：商
RPRNMLTKMHMFFBJ98CA,隘興段,60.84,都市：住
RPRNMLTKMHMFFBJ98CA,隘興段,16.64,都市：住
RPRNMLTKMHMFFBJ98CA,隘興段,16.66,都市：住
RPQPMLKLMHMFFBJ28CA,溝貝段,2508.00,非都市：特定農業區 ; 非都市編定：農牧用地
RPRPMLOKMHMFFCJ78CA,雙林段,541.51,非都市：山坡地保育區 ; 非都市編定：農牧用地
RPWNMLOKMHMFFBJ98CA,站前段,14.73,都市：商
RPROMLTKMHMFFBJ09CA,自強段,41.88,都市：商
RPQOMLNKMHMFFCJ48CA,竹林段,93.72,非都市：鄉村區 ; 非都市編定：乙種建築用地
RPQNMLNKMHMFFCJ38CA,志學段,22.55,都市：其他
RPQNMLNKMHMFFCJ38CA,志學段,.18,都市：其他
RPQNMLNKMHMFFCJ38CA,志學段,.01,都市：其他
RPTNMLRJNHMFFBJ98CA,成功段,18.61,都市：商
RPXNMLTKMHMFFCJ07CA,竹林段,2525.08,非都市：特定農業區 ; 非都市編定：農牧用地
RPXOMLOKMHMFFCJ66CA,資源段,5.41,都市：住
RPXOMLOKMHMFFCJ66CA,資源段,10.88,都市：商
RPTPMLKLMHMFFBJ58CA,莊敬段,22.81,都市：商
RPUPMLKLMHMFFBJ68CA,莊敬段,18.46,都市：商
RPSNMLRKMHMFFCJ98CA,竹東段竹東小段,49.00,都市：住
RPPOMLRKMHMFFCJ78CA,內灣段,19.12,非都市：山坡地保育區 ; 非都市編定：交通用地
RPVPMLRKMHMFFCJ86CA,環湖段,1.36,非都市：山坡地保育區 ; 非都市編定：農牧用地
RPVPMLRKMHMFFCJ86CA,環湖段,1042.49,非都市：山坡地保育區 ; 非都市編定：農牧用地
RPVPMLRKMHMFFCJ86CA,環湖段,86.95,非都市：山坡地保育區 ; 非都市編定：農牧用地
RPVPMLRKMHMFFCJ86CA,環湖段,2.56,非都市：山坡地保育區 ; 非都市編定：農牧用地
RPVPMLRKMHMFFCJ86CA,環湖段,691.17,非都市：山坡地保育區 ; 非都市編定：林業用地
RPVPMLRKMHMFFCJ86CA,環湖段,1.09,非都市：山坡地保育區 ; 非都市編定：林業用地
RPVPMLRKMHMFFCJ86CA,環湖段,.96,非都市：山坡地保育區 ; 非都市編定：林業用地
RPPRMLSKMHMFFCJ56CA,明湖段,28.76,都市：住
RPPSMLSKMHMFFCJ66CA,明湖段,30.18,都市：住
RPVRMLSKMHMFFCJ17CA,明湖段,37.53,都市：住
RPSRMLSKMHMFFCJ86CA,明湖段,28.44,都市：住
RPXRMLSKMHMFFCJ37CA,明湖段,28.36,都市：住
RPXNMLSKMHMFFCJ96CA,寶山段沙湖壢小段,301.00,非都市：山坡地保育區 ; 非都市編定：暫未編定
RPXNMLSKMHMFFCJ96CA,寶山段沙湖壢小段,14.88,非都市：山坡地保育區 ; 非都市編定：暫未編定
RPUNMLQLMHMFFCJ56CA,八十分段,8203.40,非都市：山坡地保育區 ; 非都市編定：農牧用地
RPUNMLQLMHMFFCJ56CA,八十分段,2164.67,非都市：山坡地保育區 ; 非都市編定：農牧用地
RPUNMLQLMHMFFCJ56CA,八十分段,83.04,非都市：山坡地保育區 ; 非都市編定：丙種建築用地
RPQQMLLLMHMFFCJ58CA,上德段,223.71,都市：住
RPSNMLNJNHMFFCJ58CA,新樂段水田小段,3450.00,非都市：山坡地保育區 ; 非都市編定：農牧用地
RPWNMLSLMHMFFCJ96CA,寶山段沙湖壢小段,137.00,非都市：山坡地保育區 ; 非都市編定：丙種建築用地
RPWNMLSLMHMFFCJ96CA,寶山段沙湖壢小段,16.47,非都市：山坡地保育區 ; 非都市編定：丙種建築用地
RPWNMLSLMHMFFCJ96CA,寶山段沙湖壢小段,.37,非都市：山坡地保育區 ; 非都市編定：丙種建築用地
RPROMLSKMHMFFCJ09CA,梅花段,6420.00,非都市：山坡地保育區 ; 非都市編定：農牧用地
RPUOMLKLMHMFFCJ68CA,倒別牛段燥坑小段,2546.00,非都市：山坡地保育區 ; 非都市編定：農牧用地
RPPPMLMJNHMFFCJ38CA,大坪段內大坪小段,1165.00,非都市：山坡地保育區 ; 非都市編定：農牧用地
RPPPMLMJNHMFFCJ38CA,大坪段內大坪小段,205.00,非都市：山坡地保育區 ; 非都市編定：農牧用地
RPPPMLMJNHMFFCJ38CA,下員段,6.03,非都市：特定農業區 ; 非都市編定：農牧用地
RPPPMLMJNHMFFCJ38CA,下員段,23.23,非都市：特定農業區 ; 非都市編定：農牧用地
RPPPMLMJNHMFFCJ38CA,下員段,123.00,非都市：特定農業區 ; 非都市編定：農牧用地
RPPPMLMJNHMFFCJ38CA,下員段,5.76,非都市：特定農業區 ; 非都市編定：農牧用地
RPXOMLNJNHMFFBJ56DA,新溪段,577.37,非都市：特定農業區 ; 非都市編定：農牧用地
RPSOMLKLMHMFFDJ58CA,福陽段,30.64,非都市：一般農業區 ; 非都市編定：甲種建築用地
RPXNMLOKMHMFFDJ66CA,竹九段,992.14,非都市：一般農業區 ; 非都市編定：農牧用地
RPPOMLSKMHMFFCJ88CA,寶山段沙湖壢小段,471.00,非都市：山坡地保育區 ; 非都市編定：農牧用地
RPPOMLSKMHMFFCJ88CA,寶山段沙湖壢小段,2.12,非都市：山坡地保育區 ; 非都市編定：暫未編定
RPPPMLNJNHMFFBJ48DA,新溪段,844.16,非都市：特定農業區 ; 非都市編定：農牧用地
RPROMLNKMHMFFDJ68CA,和興段,2781.00,非都市：特定農業區 ; 非都市編定：農牧用地
RPTNMLNJNHMFFDJ78CA,德興段,882.23,都市：農
RPTNMLNJNHMFFDJ78CA,德興段,25.03,都市：農
RPSNMLOKMHMFFDJ78CA,德興段,41.44,都市：其他
RPPNMLPJNHMFFCJ48CA,竹東段竹東小段,117.92,都市：其他
RPRNMLPLMHMFFDJ88CA,綠園段,46.49,非都市：鄉村區 ; 非都市編定：乙種建築用地
RPROMLRLMHMFFDJ56CA,汶山段,73.32,非都市：鄉村區 ; 非都市編定：乙種建築用地
RPQOMLKLMHMFFDJ38CA,福陽段,48.18,非都市：鄉村區 ; 非都市編定：乙種建築用地
RPQOMLKLMHMFFDJ38CA,福陽段,16.88,非都市：鄉村區 ; 非都市編定：乙種建築用地
RPVNMLMJNHMFFDJ88CA,中義段,79.53,都市：住
RPVNMLMJNHMFFDJ88CA,中義段,16.16,都市：住
RPPNMLNLMHMFFDJ48CA,中興段中興小段,26.45,非都市：工業區 ; 非都市編定：丁種建築用地
RPROMLKLMHMFFDJ48CA,福陽段,45.30,非都市：鄉村區 ; 非都市編定：乙種建築用地
RPROMLKLMHMFFDJ48CA,福陽段,16.88,非都市：鄉村區 ; 非都市編定：乙種建築用地
RPQNMLTKMHMFFDJ09CA,中興段復興小段,15.47,非都市：工業區 ; 非都市編定：丁種建築用地
RPRNMLTKMHMFFDJ56CA,中興段復興小段,15.47,非都市：工業區 ; 非都市編定：丁種建築用地
RPVOMLRKMHMFFDJ86CA,文昌段,6.04,都市：住
RPSNMLQLMHMFFDJ09CA,北湖段,102.00,都市：住
RPQNMLKKNHMFFCJ18CA,藤坪段六寮小段,15.00,非都市：山坡地保育區 ; 非都市編定：丙種建築用地
RPQNMLKKNHMFFCJ18CA,藤坪段六寮小段,493.00,非都市：山坡地保育區 ; 非都市編定：丙種建築用地
RPTOMLKLMHMFFCJ58CA,資源段,3.33,都市：住
RPTOMLKLMHMFFCJ58CA,資源段,6.69,都市：商
RPRNMLTKMHMFFCJ09CA,資源段,4.78,都市：住
RPRNMLTKMHMFFCJ09CA,資源段,9.62,都市：商
RPOOMLOKMHMFFDJ48CA,建興段鳳凰小段,20.75,非都市：工業區 ; 非都市編定：丁種建築用地
RPOOMLOKMHMFFDJ48CA,建興段鳳凰小段,1.75,非都市：工業區 ; 非都市編定：丁種建築用地
RPWOMLTKMHMFFBJ96CA,莊敬段,19.95,都市：住
RPVQMLSKMHMFFCJ07CA,綠獅段,90.15,非都市：鄉村區 ; 非都市編定：乙種建築用地
RPWNMLSKMHMFFBJ76CA,莊敬段,26.56,都市：住
RPPNMLNLMHMFFBJ28CA,大學段,17.14,都市：商
RPQOMLKKNHMFFCJ48EA,竹東段番社子小段,14.68,都市：住
RPSNMLRKMHMFFBJ88CA,莊敬段,31.84,都市：住
RPTOMLOLMHMFFBJ88CA,竹義段,16.54,都市：商
RPTOMLOLMHMFFBJ88CA,竹義段,.01,都市：商
RPRPMLRKMHMFFBJ98CA,隘興段,16.54,都市：商
RPWOMLKLMHMFFBJ78CA,永興段,40.57,都市：住
RPWNMLRKMHMFFBJ66CA,台科段,13.47,都市：商
RPTNMLTLMHMFFBJ66CA,東興段,32.34,都市：住
RPRNMLTLMHMFFBJ09CA,豆子埔段,20.78,都市：住
RPSNMLSKMHMFFBJ98CA,永興段,242.61,都市：住
RPSOMLSKMHMFFBJ09CA,水瀧段,9.24,都市：其他
RPSOMLSKMHMFFBJ09CA,水瀧段,10.74,都市：其他
RPSOMLSKMHMFFBJ09CA,水瀧段,11.48,都市：其他
RPSOMLSKMHMFFBJ09CA,水瀧段,89.39,都市：其他
RPSNMLTKMHMFFBJ09CA,新城段,31.50,非都市：山坡地保育區 ; 非都市編定：交通用地
RPSNMLTKMHMFFBJ09CA,新城段,31.50,非都市：山坡地保育區 ; 非都市編定：交通用地
RPPNMLOLMHMFFBJ48DA,西安段,178.59,都市：住
RPPOMLRKMHMFFBJ68CA,家興段,6.96,都市：住
RPRNMLSKMHMFFBJ98DA,湳湖段柑子樹下小段,112.33,非都市：山坡地保育區 ; 非都市編定：農牧用地
RPRNMLSKMHMFFBJ98DA,湳湖段柑子樹下小段,2885.00,非都市：山坡地保育區 ; 非都市編定：農牧用地
RPPNMLTJNHMFFDJ98CA,成功段,88.26,非都市：特定農業區 ; 非都市編定：甲種建築用地
RPOPMLRKMHMFFDJ88CA,中義段,37.63,都市：住
RPOPMLRKMHMFFDJ88CA,中義段,65.39,都市：住
RPVNMLLLMHMFFBJ68CA,大學段,29.84,都市：住
RPRNMLSKMHMFFDJ09CA,建興段鳳凰小段,12.95,非都市：工業區 ; 非都市編定：丁種建築用地
RPPPMLRKMHMFFDJ98CA,中義段,31.78,都市：住
RPPPMLRKMHMFFDJ98CA,中義段,71.20,都市：住
RPOOMLKLMHMFFDJ18CA,福陽段,70.53,非都市：鄉村區 ; 非都市編定：乙種建築用地
RPOOMLKLMHMFFDJ18CA,福陽段,.29,非都市：鄉村區 ; 非都市編定：乙種建築用地
RPPOMLKLMHMFFDJ28CA,福陽段,76.34,非都市：鄉村區 ; 非都市編定：乙種建築用地
RPPOMLKLMHMFFDJ28CA,福陽段,.29,非都市：鄉村區 ; 非都市編定：乙種建築用地
RPQNMLTKMHMFFCJ98CA,竹東段竹東小段,40.40,都市：住
RPTRMLSKMHMFFCJ96CA,內灣段,1314.00,非都市：山坡地保育區 ; 非都市編定：農牧用地
RPTRMLSKMHMFFCJ96CA,內灣段,521.53,非都市：山坡地保育區 ; 非都市編定：農牧用地
RPUOMLOLMHMFFCJ09CA,嘉樂段,3090.00,非都市：山坡地保育區 ; 非都市編定：農牧用地
RPUOMLOLMHMFFCJ09CA,嘉樂段,140.00,非都市：山坡地保育區 ; 非都市編定：農牧用地
RPUOMLOLMHMFFCJ09CA,嘉樂段,3960.00,非都市：山坡地保育區 ; 非都市編定：農牧用地
RPTOMLLLMHMFFCJ68CA,神木段,2513.10,非都市：山坡地保育區 ; 非都市編定：農牧用地
RPRNMLLLMHMFFCJ38CA,志學段,.01,都市：其他
RPRNMLLLMHMFFCJ38CA,志學段,23.44,都市：其他
RPRNMLLLMHMFFCJ38CA,志學段,.18,都市：其他
RPOOMLQLMHMFFCJ68CA,油羅段,1908.00,非都市：山坡地保育區 ; 非都市編定：林業用地
RPXNMLQLMHMFFCJ86CA,油羅段,3756.00,非都市：山坡地保育區 ; 非都市編定：林業用地
RPROMLLLMHMFFCJ48CA,國王段,56.52,非都市：特定農業區 ; 非都市編定：丁種建築用地
RPROMLLLMHMFFCJ48CA,國王段,2.04,非都市：特定農業區 ; 非都市編定：丁種建築用地
RPROMLLLMHMFFCJ48CA,國王段,7.31,非都市：特定農業區 ; 非都市編定：甲種建築用地
RPROMLKKNHMFFCJ38CA,重光段,14.91,都市：住
RPTNMLTKMHMFFBJ56CA,十寮段糞箕窩小段,3633.00,非都市：山坡地保育區 ; 非都市編定：農牧用地
RPTNMLTKMHMFFBJ56CA,文山段,93.79,非都市：山坡地保育區 ; 非都市編定：農牧用地
RPTNMLTKMHMFFBJ56CA,文山段,22.62,非都市：山坡地保育區 ; 非都市編定：農牧用地
RPTNMLTKMHMFFBJ56CA,文山段,3.55,非都市：山坡地保育區 ; 非都市編定：農牧用地
RPTNMLTKMHMFFBJ56CA,文山段,210.00,非都市：山坡地保育區 ; 非都市編定：農牧用地
RPXNMLSKMHMFFBJ86CA,站後段,13.77,都市：商
RPQOMLQLMHMFFCJ88CA,志學段,26.28,都市：其他
RPQOMLQLMHMFFCJ88CA,志學段,.21,都市：其他
RPQOMLQLMHMFFCJ88CA,志學段,.01,都市：其他
RPOPMLKLMHMFFBJ08CA,隘興段,10.05,都市：住
RPUOMLTKMHMFFBJ76CA,上寮段,73.11,非都市：山坡地保育區 ; 非都市編定：丙種建築用地
RPPOMLTKMHMFFBJ88CA,永興段,22.85,都市：住
RPVNMLLJNHMFFCJ68CA,上山壹段,60.90,非都市：山坡地保育區 ; 非都市編定：丙種建築用地
RPPNMLOJNHMFFCJ38CA,明湖段,106.49,都市：住
RPPPMLLLMHMFFBJ28CA,東光段,589.25,都市：工
RPPPMLLLMHMFFBJ28CA,東光段,16.41,都市：工
RPRNMLOLMHMFFBJ58CA,公園段,17.73,都市：商
RPOOMLSKMHMFFBJ68CA,水車頭段,13.78,非都市：特定農業區 ; 非都市編定：農牧用地
RPOOMLSKMHMFFBJ68CA,水車頭段,10.38,非都市：特定農業區 ; 非都市編定：甲種建築用地
RPOOMLSKMHMFFBJ68CA,水車頭段,19.57,非都市：特定農業區 ; 非都市編定：甲種建築用地
RPOOMLSKMHMFFBJ68CA,水車頭段,26.03,非都市：特定農業區 ; 非都市編定：甲種建築用地
RPOOMLSKMHMFFBJ68CA,水車頭段,32.86,非都市：特定農業區 ; 非都市編定：甲種建築用地
RPOOMLSKMHMFFBJ68CA,水車頭段,33.28,非都市：特定農業區 ; 非都市編定：甲種建築用地
RPOOMLQKNHMFFCJ68CA,大肚段香園小段,109.19,非都市：特定農業區 ; 非都市編定：農牧用地
RPXNMLQKNHMFFCJ86CA,大肚段香園小段,444.00,非都市：特定農業區 ; 非都市編定：農牧用地
RPXNMLQKNHMFFCJ86CA,大肚段香園小段,218.39,非都市：特定農業區 ; 非都市編定：農牧用地
RPWNMLPLMHMFFBJ56CA,家興段,37.83,都市：住
RPUNMLRLMHMFFBJ56CA,中正段,27.33,都市：住
RPUNMLQLMHMFFBJ09CA,霄裡段,678.30,非都市：特定農業區 ; 非都市編定：甲種建築用地
RPWNMLRLMHMFFBJ76CA,豐田段,9.69,非都市：特定農業區 ; 非都市編定：交通用地
RPPNMLNKNHMFFDJ48CA,忠信段,79.84,都市：工
RPPNMLNKNHMFFDJ48CA,忠信段,.33,都市：工
RPPNMLNKNHMFFDJ48CA,忠信段,10.11,都市：工
RPPNMLNKNHMFFDJ48CA,忠信段,18.04,都市：工
RPRNMLNKNHMFFDJ68CA,中崙段,17.96,非都市：特定農業區 ; 非都市編定：甲種建築用地
RPRNMLNKNHMFFDJ68CA,中崙段,17.96,非都市：特定農業區 ; 非都市編定：甲種建築用地
RPOOMLNJNHMFFBJ18CA,自強段,19.56,都市：商
RPWNMLLLMHMFFBJ78CA,南平段,1312.20,非都市：山坡地保育區 ; 非都市編定：農牧用地
RPUOMLLLMHMFFBJ68CA,自強段,14.87,都市：住
RPUOMLLLMHMFFBJ68CA,自強段,11.15,都市：住
RPQOMLLLMHMFFBJ28CA,世興段,27.59,都市：住
RPTOMLSLMHMFFBJ66CA,北山段,27.26,非都市：特定農業區 ; 非都市編定：交通用地
RPTOMLSLMHMFFBJ66CA,北山段,.92,非都市：特定農業區 ; 非都市編定：交通用地
RPTOMLSLMHMFFBJ66CA,北山段,7.48,非都市：特定農業區 ; 非都市編定：交通用地
RPTOMLSLMHMFFBJ66CA,北山段,6.09,非都市：特定農業區 ; 非都市編定：交通用地
RPROMLSLMHMFFBJ09CA,北山段,.92,非都市：特定農業區 ; 非都市編定：交通用地
RPROMLSLMHMFFBJ09CA,北山段,7.48,非都市：特定農業區 ; 非都市編定：交通用地
RPROMLSLMHMFFBJ09CA,北山段,6.09,非都市：特定農業區 ; 非都市編定：交通用地
RPROMLSLMHMFFBJ09CA,北山段,27.26,非都市：特定農業區 ; 非都市編定：交通用地
RPQOMLTKMHMFFBJ98CA,家興段,40.89,都市：住
RPWNMLTKMHMFFBJ86CA,台科段,21.29,都市：商
RPWOMLOLMHMFFBJ56CA,中興段,38.72,都市：住
RPRNMLKKNHMFFBJ18CA,縣愛段,58.23,都市：住
RPXNMLTKMHMFFBJ96CA,台科段,15.97,都市：商
RPUOMLKLMHMFFBJ58CA,福德段,45.42,都市：住
RPQPMLTJNHMFFBJ09CA,國義段,28.40,都市：住
RPQNMLKLMHMFFBJ08CA,北打鐵坑段北打鐵坑小段,443.00,非都市：山坡地保育區 ; 非都市編定：農牧用地
RPXNMLMJNHMFFBJ88CA,縣福段,35.38,都市：商
RPXOMLKLMHMFFBJ88CA,莊敬段,11.31,都市：商
RPUNMLMJNHMFFCJ68CA,竹美段,20.46,都市：其他
RPUNMLMJNHMFFCJ68CA,竹美段,6.78,都市：其他
RPQOMLSKMHMFFBJ88CA,莊敬段,43.76,都市：住
RPROMLSKMHMFFBJ98CA,家興段,34.38,都市：住
RPRNMLNJNHMFFBJ38CA,溪洲段,1115.00,非都市：特定農業區 ; 非都市編定：農牧用地
RPRNMLNJNHMFFBJ38CA,溪洲段,1110.00,非都市：特定農業區 ; 非都市編定：農牧用地
RPPNMLOLMHMFFCJ48CA,富興段西河排小段,2181.82,非都市：山坡地保育區 ; 非都市編定：農牧用地
RPWOMLLLMHMFFCJ98CA,竹東段竹東小段,18.59,都市：住
RPQNMLNLMHMFFBJ38CA,莊敬段,28.74,都市：住
RPPOMLRLMHMFFDJ98CA,坪頂段,18.63,非都市：一般農業區 ; 非都市編定：甲種建築用地
RPPOMLRLMHMFFDJ98CA,坪頂段,4.33,非都市：一般農業區 ; 非都市編定：丁種建築用地
RPUQMLSKMHMFFCJ96CA,二坪段,175.60,非都市：山坡地保育區 ; 非都市編定：農牧用地
RPSOMLPJNHMFFCJ88CA,雙林段,105.08,非都市：山坡地保育區 ; 非都市編定：丙種建築用地
RPSOMLPJNHMFFCJ88CA,雙林段,4.60,非都市：山坡地保育區 ; 非都市編定：丙種建築用地
RPSOMLPJNHMFFCJ88CA,雙林段,6.26,非都市：山坡地保育區 ; 非都市編定：丙種建築用地
RPSOMLPJNHMFFCJ88CA,雙林段,9.35,非都市：山坡地保育區 ; 非都市編定：農牧用地
RPSOMLPJNHMFFCJ88CA,雙林段,4.16,非都市：山坡地保育區 ; 非都市編定：丙種建築用地
RPSOMLPJNHMFFCJ88CA,雙林段,21.11,非都市：山坡地保育區 ; 非都市編定：丙種建築用地
RPQNMLKLMHMFFDJ28CA,長威段,65.91,非都市：鄉村區 ; 非都市編定：乙種建築用地
RPQNMLKLMHMFFDJ28CA,長威段,20.28,非都市：鄉村區 ; 非都市編定：乙種建築用地
RPQNMLKLMHMFFDJ28CA,長威段,.05,非都市：鄉村區 ; 非都市編定：乙種建築用地
RPQNMLKLMHMFFDJ28CA,長威段,.15,非都市：鄉村區 ; 非都市編定：乙種建築用地
RPQNMLKLMHMFFDJ28CA,長威段,.05,非都市：鄉村區 ; 非都市編定：乙種建築用地
RPSNMLRLMHMFFDJ56CA,坑子口段,2302.00,非都市：特定農業區 ; 非都市編定：農牧用地
RPSNMLRLMHMFFDJ56CA,坑子口段,1250.00,非都市：特定農業區 ; 非都市編定：農牧用地
RPTPMLPLMHMFFCJ56CA,橫富段,243.55,都市：住
RPQNMLNKNHMFFDJ58CA,八德段,81.61,非都市：山坡地保育區 ; 非都市編定：丙種建築用地
RPSNMLNKNHMFFDJ78CA,坪頂段,14.78,非都市：一般農業區 ; 非都市編定：農牧用地
RPSNMLNKNHMFFDJ78CA,坪頂段,25.96,非都市：一般農業區 ; 非都市編定：甲種建築用地
RPSNMLNKNHMFFDJ78CA,坪頂段,98.95,非都市：一般農業區 ; 非都市編定：甲種建築用地
RPQNMLSLMHMFFCJ56EA,煤源段,97.14,非都市：山坡地保育區 ; 非都市編定：丙種建築用地
RPPOMLNJNHMFFDJ58DA,北湖段,49.68,都市：住
RPSNMLPKNHMFFDJ98CA,德盛段,58.00,都市：農
RPSNMLPKNHMFFDJ98CA,德盛段,20.83,都市：農
RPSNMLPKNHMFFDJ98CA,德盛段,45.75,都市：農
RPRNMLPKNHMFFDJ88CA,德盛段,20.83,都市：農
RPRNMLPKNHMFFDJ88CA,德盛段,51.00,都市：農
RPRNMLPKNHMFFDJ88CA,德盛段,67.00,都市：農
RPRNMLPKNHMFFDJ88CA,德盛段,45.75,都市：農
RPQOMLTKNHMFFDJ66CA,光華段,1.35,都市：住
RPWNMLTKNHMFFDJ17CA,光華段,1.35,都市：住
RPQOMLTKNHMFFDJ66CA,光華段,7.44,都市：住
RPWNMLTKNHMFFDJ17CA,光華段,7.44,都市：住
RPQOMLTKNHMFFDJ66CA,光華段,29.57,都市：住
RPWNMLTKNHMFFDJ17CA,光華段,38.97,都市：住
RPVNMLTKNHMFFDJ07CA,光華段,7.44,都市：住
RPVNMLTKNHMFFDJ07CA,光華段,38.97,都市：住
RPVNMLTKNHMFFDJ07CA,光華段,1.35,都市：住
RPXNMLTKNHMFFDJ27CA,光華段,1.35,都市：住
RPXNMLTKNHMFFDJ27CA,光華段,7.44,都市：住
RPXNMLTKNHMFFDJ27CA,光華段,29.57,都市：住
RPROMLTKNHMFFDJ76CA,光華段,37.18,都市：住
RPROMLTKNHMFFDJ76CA,光華段,1.35,都市：住
RPROMLTKNHMFFDJ76CA,光華段,7.44,都市：住
RPSOMLTKNHMFFDJ86CA,光華段,7.44,都市：住
RPSOMLTKNHMFFDJ86CA,光華段,29.34,都市：住
RPTOMLTKNHMFFDJ96CA,光華段,.68,都市：住
RPSOMLTKNHMFFDJ86CA,光華段,1.35,都市：住
RPTOMLTKNHMFFDJ96CA,光華段,.68,都市：住
RPTOMLTKNHMFFDJ96CA,光華段,3.72,都市：住
RPTOMLTKNHMFFDJ96CA,光華段,3.72,都市：住
RPTOMLTKNHMFFDJ96CA,光華段,22.62,都市：住
RPTOMLTKNHMFFDJ96CA,光華段,22.62,都市：住
RPRNMLKLMHMFFDJ38CA,員興段,330.90,非都市：山坡地保育區 ; 非都市編定：農牧用地
RPSNMLKLMHMFFDJ48CA,建興段鳳凰小段,20.65,非都市：工業區 ; 非都市編定：丁種建築用地
RPQNMLLLMHMFFDJ38CA,綠園段,1530.04,非都市：特定農業區 ; 非都市編定：農牧用地
RPSNMLLLMHMFFDJ58CA,長威段,70.52,非都市：鄉村區 ; 非都市編定：乙種建築用地
RPVNMLTKMHMFFDJ96CA,信勢段,89.29,都市：住
RPPNMLKLMHMFFDJ18CA,後湖段埔頂小段,116.00,非都市：特定農業區 ; 非都市編定：甲種建築用地
RPPNMLKLMHMFFDJ18CA,後湖段埔頂小段,8.80,非都市：特定農業區 ; 非都市編定：甲種建築用地
RPPNMLKLMHMFFDJ18CA,後湖段埔頂小段,35.63,非都市：特定農業區 ; 非都市編定：農牧用地
RPSNMLPLMHMFFDJ98CA,長嶺段,51.00,非都市：特定農業區 ; 非都市編定：甲種建築用地
RPSNMLPLMHMFFDJ98CA,長嶺段,18.20,非都市：特定農業區 ; 非都市編定：甲種建築用地
RPSNMLPLMHMFFDJ98CA,長嶺段,18.00,非都市：特定農業區 ; 非都市編定：甲種建築用地
RPSNMLPLMHMFFDJ98CA,長嶺段,2.67,非都市：特定農業區 ; 非都市編定：甲種建築用地
RPRNMLRKNHMFFDJ09CA,中崙段,99.00,非都市：特定農業區 ; 非都市編定：甲種建築用地
RPTNMLMJNHMFFDJ68CA,中興段中興小段,74.00,非都市：工業區 ; 非都市編定：丁種建築用地
RPRNMLRKNHMFFDJ09CA,中崙段,16.62,非都市：特定農業區 ; 非都市編定：甲種建築用地
RPQOMLTJNHMFFDJ56CA,福興段後湖子小段,2221.00,非都市：特定農業區 ; 非都市編定：農牧用地
RPVOMLTKMHMFFCJ96CA,煤源段,160.00,非都市：山坡地保育區 ; 非都市編定：農牧用地
RPSOMLTKMHMFFCJ66CA,竹東段竹東小段,2.58,都市：住
RPSOMLTKMHMFFCJ66CA,竹東段竹東小段,17.43,都市：住
RPSOMLTKMHMFFCJ66CA,竹東段竹東小段,8.95,都市：住
RPTOMLTKMHMFFCJ76CA,明湖段,16.41,都市：住
RPUOMLTKMHMFFCJ86CA,重光段,16.34,都市：住
RPUNMLQJOHMFFDJ76DA,光華段,35.75,都市：住
RPUNMLQJOHMFFDJ76DA,光華段,1.93,都市：住
RPVNMLQJOHMFFDJ86DA,光華段,35.33,都市：住
RPVNMLQJOHMFFDJ86DA,光華段,1.91,都市：住
RPQNMLLJNHMFFDJ28CA,忠信段,20.94,都市：住
RPQNMLLJNHMFFDJ28CA,忠信段,60.03,都市：住
RPSOMLOLMHMFFCJ88CA,資源段,77.64,都市：住
RPSOMLOLMHMFFCJ88CA,資源段,.56,都市：住
RPROMLMKOHMFFDJ88DA,光華段,26.01,都市：住
RPROMLMKOHMFFDJ88DA,光華段,1.41,都市：住
RPTOMLOLMHMFFCJ98CA,中山段,22.46,都市：住
RPTOMLMKOHMFFDJ09DA,光華段,41.43,都市：住
RPTOMLMKOHMFFDJ09DA,光華段,2.24,都市：住
RPPNMLNKOHMFFDJ68DA,光華段,26.01,都市：住
RPPNMLNKOHMFFDJ68DA,光華段,1.41,都市：住
RPUNMLPKNHMFFCJ09CA,石湖段,5877.10,非都市：山坡地保育區 ; 非都市編定：林業用地
RPSOMLMKNHMFFCJ68CA,綠獅段,90.02,非都市：鄉村區 ; 非都市編定：乙種建築用地
RPTNMLRLMHMFFCJ56CA,國王段,112.58,非都市：特定農業區 ; 非都市編定：農牧用地
RPPNMLRLMHMFFCJ78CA,莒光段,2.19,非都市：山坡地保育區 ; 非都市編定：交通用地
RPPNMLRLMHMFFCJ78CA,莒光段,78.83,非都市：山坡地保育區 ; 非都市編定：林業用地
RPPPMLKLMHMFFBJ18CA,世興段,26.23,都市：商
SPPPMLKLMHMFFBJ28CA,世興段,27.37,都市：商
RPPOMLLJNHMFFCJ18CA,竹東段竹東小段,27.20,都市：住
RPRNMLLJNHMFFBJ18CA,馬麟厝段,1316.00,非都市：特定農業區 ; 非都市編定：農牧用地
RPPPMLPLMHMFFCJ78CA,東寧段,60.00,都市：住
RPROMLLLMHMFFBJ38CA,自強段,26.84,都市：商
RPXNMLLLMHMFFBJ88CA,國義段,22.13,都市：住
RPQNMLLLMHMFFBJ18CA,新庄子段,775.00,非都市：特定農業區 ; 非都市編定：農牧用地
RPSNMLLLMHMFFBJ38CA,自強段,33.76,都市：住
RPUNMLKKNHMFFBJ48CA,黃梨園段,1279.07,非都市：山坡地保育區 ; 非都市編定：農牧用地
RPVPMLMJNHMFFBJ88CA,中正段,28.36,都市：住
RPUOMLRLMHMFFBJ66CA,永興段,.92,都市：住
RPSPMLKLMHMFFBJ48CA,中興段,188.26,都市：住
RPPNMLSLMHMFFCJ88CA,大雅段,334.67,非都市：山坡地保育區 ; 非都市編定：丙種建築用地
RPUPMLTKNHMFFCJ07CA,環湖段,58.52,非都市：山坡地保育區 ; 非都市編定：水利用地
RPUPMLTKNHMFFCJ07CA,環湖段,1226.85,非都市：山坡地保育區 ; 非都市編定：農牧用地
RPUPMLTKNHMFFCJ07CA,環湖段,3088.19,非都市：山坡地保育區 ; 非都市編定：農牧用地
RPUPMLTKNHMFFCJ07CA,環湖段,1382.77,非都市：山坡地保育區 ; 非都市編定：農牧用地
RPUPMLTKNHMFFCJ07CA,環湖段,23.95,非都市：山坡地保育區 ; 非都市編定：農牧用地
RPUPMLTKNHMFFCJ07CA,環湖段,387.11,非都市：山坡地保育區 ; 非都市編定：農牧用地
RPTPMLTKNHMFFCJ96CA,環湖段,503.99,非都市：山坡地保育區 ; 非都市編定：農牧用地
RPTPMLTKNHMFFCJ96CA,環湖段,1209.78,非都市：山坡地保育區 ; 非都市編定：林業用地
RPTPMLTKNHMFFCJ96CA,環湖段,87.78,非都市：山坡地保育區 ; 非都市編定：水利用地
RPTPMLTKNHMFFCJ96CA,環湖段,1256.04,非都市：山坡地保育區 ; 非都市編定：農牧用地
RPTPMLTKNHMFFCJ96CA,環湖段,5147.89,非都市：山坡地保育區 ; 非都市編定：農牧用地
RPTNMLPLMHMFFBJ88CA,寶鎮段,.82,非都市：山坡地保育區 ; 非都市編定：丙種建築用地
RPTPMLTKNHMFFCJ96CA,環湖段,2021.65,非都市：山坡地保育區 ; 非都市編定：農牧用地
RPTPMLTKNHMFFCJ96CA,環湖段,257.57,非都市：山坡地保育區 ; 非都市編定：農牧用地
RPTPMLTKNHMFFCJ96CA,環湖段,4686.86,非都市：山坡地保育區 ; 非都市編定：農牧用地
RPTNMLPLMHMFFBJ88CA,寶鎮段,16.98,非都市：山坡地保育區 ; 非都市編定：丙種建築用地
RPTNMLPLMHMFFBJ88CA,寶鎮段,.02,非都市：山坡地保育區 ; 非都市編定：丙種建築用地
RPTNMLPLMHMFFBJ88CA,寶鎮段,121.25,非都市：山坡地保育區 ; 非都市編定：丙種建築用地
RPTNMLPLMHMFFBJ88CA,寶鎮段,1.11,非都市：山坡地保育區 ; 非都市編定：丙種建築用地
RPTNMLPLMHMFFBJ88CA,寶鎮段,.88,非都市：山坡地保育區 ; 非都市編定：丙種建築用地
RPTNMLPLMHMFFBJ88CA,寶鎮段,.49,非都市：山坡地保育區 ; 非都市編定：丙種建築用地
RPPOMLPJNHMFFBJ48CA,三聖段,11.25,非都市：山坡地保育區 ; 非都市編定：丙種建築用地
RPPOMLPJNHMFFBJ48CA,三聖段,15.29,非都市：山坡地保育區 ; 非都市編定：林業用地
RPPOMLPJNHMFFBJ48CA,三聖段,114.00,非都市：特定農業區 ; 非都市編定：甲種建築用地
RPXOMLLLMHMFFBJ98CA,隘興段,2.10,都市：住
RPVPMLKLMHMFFBJ78CA,站後段,18.33,都市：住
RPVNMLPKNHMFFCJ56CA,王爺坑段,272.00,非都市：山坡地保育區 ; 非都市編定：丙種建築用地
RPQNMLTLMHMFFBJ98CA,隘興段,20.90,都市：商
RPSOMLMJNHMFFBJ48CA,社北段,24.65,都市：住
RPPOMLOLMHMFFBJ48CA,永興段,11.59,都市：住
RPXNMLOLMHMFFBJ56CA,大學段,142.00,都市：住
RPOOMLLJNHMFFBJ97CA,新城段,5097.00,非都市：山坡地保育區 ; 非都市編定：林業用地
RPOOMLLJNHMFFBJ97CA,新城段,1741.00,非都市：山坡地保育區 ; 非都市編定：農牧用地
RPOOMLLJNHMFFBJ97CA,新城段,3290.00,非都市：山坡地保育區 ; 非都市編定：農牧用地
RPOOMLLJNHMFFBJ97CA,新城段,3768.00,非都市：山坡地保育區 ; 非都市編定：林業用地
RPOOMLLJNHMFFBJ97CA,新城段,5409.00,非都市：山坡地保育區 ; 非都市編定：農牧用地
RPOOMLLJNHMFFBJ97CA,新城段,2527.00,非都市：山坡地保育區 ; 非都市編定：農牧用地
RPOOMLLJNHMFFBJ97CA,新城段,93.00,非都市：山坡地保育區 ; 非都市編定：林業用地
RPOOMLLJNHMFFBJ97CA,新城段,540.00,非都市：山坡地保育區 ; 非都市編定：林業用地
RPOOMLLJNHMFFBJ97CA,新城段,1366.00,非都市：山坡地保育區 ; 非都市編定：林業用地
RPOOMLLJNHMFFBJ97CA,新城段,280.00,非都市：山坡地保育區 ; 非都市編定：林業用地
RPWNMLPKNHMFFCJ66CA,王爺坑段,216.00,非都市：山坡地保育區 ; 非都市編定：林業用地
RPWNMLPKNHMFFCJ66CA,王爺坑段,4139.00,非都市：山坡地保育區 ; 非都市編定：林業用地
RPWNMLPKNHMFFCJ66CA,王爺坑段,2017.00,非都市：山坡地保育區 ; 非都市編定：林業用地
RPWPMLTKNHMFFCJ27CA,環湖段,1710.76,非都市：山坡地保育區 ; 非都市編定：農牧用地
RPWPMLTKNHMFFCJ27CA,環湖段,691.38,非都市：山坡地保育區 ; 非都市編定：農牧用地
RPWPMLTKNHMFFCJ27CA,環湖段,11.97,非都市：山坡地保育區 ; 非都市編定：農牧用地
RPWPMLTKNHMFFCJ27CA,環湖段,193.56,非都市：山坡地保育區 ; 非都市編定：農牧用地
RPROMLMJNHMFFCJ48CA,油羅段,7034.00,非都市：山坡地保育區 ; 非都市編定：林業用地
RPVNMLSLMHMFFCJ86CA,赤柯坪段十四寮小段,812.00,非都市：山坡地保育區 ; 非都市編定：林業用地
RPRNMLSLMHMFFCJ09CA,田洋段,403.53,非都市：山坡地保育區 ; 非都市編定：丙種建築用地
RPQNMLLKNHMFFBJ18CA,隘興段,20.90,都市：住
RPSNMLPJNHMFFCJ78CA,明湖段,30.19,都市：住
RPRNMLTLMHMFFCJ56CA,放翁段,13.26,非都市：山坡地保育區 ; 非都市編定：遊憩用地
RPRNMLTLMHMFFCJ56CA,放翁段,78.00,非都市：山坡地保育區 ; 非都市編定：丙種建築用地
RPRNMLTLMHMFFCJ56CA,放翁段,4.86,非都市：山坡地保育區 ; 非都市編定：丙種建築用地
RPRNMLTLMHMFFCJ56CA,放翁段,4.86,非都市：山坡地保育區 ; 非都市編定：丙種建築用地
RPRNMLTLMHMFFCJ56CA,放翁段,7.24,非都市：山坡地保育區 ; 非都市編定：農牧用地
RPRNMLTLMHMFFCJ56CA,放翁段,.20,非都市：山坡地保育區 ; 非都市編定：遊憩用地
RPRNMLTLMHMFFCJ56CA,二重埔段,3.61,非都市：山坡地保育區 ; 非都市編定：農牧用地
RPRNMLTLMHMFFCJ56CA,放翁段,1.49,非都市：山坡地保育區 ; 非都市編定：特定目的事業用地
RPRNMLTLMHMFFCJ56CA,放翁段,2.05,非都市：山坡地保育區 ; 非都市編定：特定目的事業用地
RPRNMLTLMHMFFCJ56CA,放翁段,.37,非都市：山坡地保育區 ; 非都市編定：特定目的事業用地
RPOOMLOLMHMFFCJ48CA,上員段,446.72,非都市：特定農業區 ; 非都市編定：甲種建築用地
RPOOMLOLMHMFFCJ48CA,上員段,80.36,非都市：特定農業區 ; 非都市編定：甲種建築用地
RPOOMLOLMHMFFCJ48CA,上員段,200.66,非都市：特定農業區 ; 非都市編定：農牧用地
RPTPMLOLMHMFFCJ09CA,明湖段,98.38,都市：住
RPQNMLOLMHMFFCJ58CA,敦睦段,64.93,都市：住
RPRNMLQLMHMFFCJ88CA,上山壹段,4.03,非都市：山坡地保育區 ; 非都市編定：丙種建築用地
RPRNMLQLMHMFFCJ88CA,上山壹段,23.80,非都市：山坡地保育區 ; 非都市編定：丙種建築用地
RPQOMLLLMHMFFCJ38CA,志學段,5.33,都市：住
RPQOMLLLMHMFFCJ38CA,志學段,.08,都市：住
RPQOMLLLMHMFFCJ38CA,志學段,.10,都市：住
RPQOMLLLMHMFFCJ38CA,志學段,.05,都市：住
RPQNMLMLMHMFFCJ38CA,重光段,23.35,都市：住
RPPNMLMLMHMFFCJ28CA,文昌段,.02,都市：住
RPPNMLMLMHMFFCJ28CA,文昌段,11.74,都市：住
RPPNMLMLMHMFFCJ28CA,文昌段,.03,都市：住
RPPNMLMLMHMFFCJ28CA,文昌段,.00,都市：住
RPRNMLMLMHMFFCJ48CA,九莊段,26.68,非都市：山坡地保育區 ; 非都市編定：丙種建築用地
RPRNMLMLMHMFFCJ48CA,九莊段,1.08,非都市：山坡地保育區 ; 非都市編定：丙種建築用地
RPRNMLMLMHMFFCJ48CA,九莊段,4.57,非都市：山坡地保育區 ; 非都市編定：丙種建築用地
RPRNMLMLMHMFFCJ48CA,九莊段,1.80,非都市：山坡地保育區 ; 非都市編定：丙種建築用地
RPRNMLMLMHMFFCJ48CA,九莊段,7.95,非都市：山坡地保育區 ; 非都市編定：丙種建築用地
RPRNMLMLMHMFFCJ48CA,九莊段,89.52,非都市：山坡地保育區 ; 非都市編定：丙種建築用地
RPRNMLMLMHMFFCJ48CA,九莊段,3.73,非都市：山坡地保育區 ; 非都市編定：丙種建築用地
RPPOMLLKNHMFFCJ28CA,竹東段竹東小段,46.51,都市：住
RPPNMLOLMHMFFDJ58CA,中崙段,1170.00,非都市：特定農業區 ; 非都市編定：農牧用地
RPQOMLLKNHMFFCJ38CA,竹東段竹東小段,31.46,都市：住
RPVNMLQKNHMFFBJ56CA,台科段,80.74,都市：住
RPPNMLLLMHMFFDJ28CA,中義段,152.82,都市：住
RPRNMLOLMHMFFDJ78CA,振興段,19.64,都市：住
RPWNMLTJNHMFFCJ96CA,溝背段,736.62,非都市：山坡地保育區 ; 非都市編定：殯葬用地
RPXNMLTJNHMFFCJ07CA,溝背段,16.00,非都市：山坡地保育區 ; 非都市編定：交通用地
RPXNMLNKNHMFFDJ66CA,員興段,.27,非都市：山坡地保育區 ; 非都市編定：丙種建築用地
RPXNMLNKNHMFFDJ66CA,員興段,73.95,非都市：山坡地保育區 ; 非都市編定：丙種建築用地
RPXNMLNKNHMFFDJ66CA,員興段,.27,非都市：山坡地保育區 ; 非都市編定：丙種建築用地
RPQNMLPJNHMFFCJ58CA,明湖段,28.98,都市：住
RPRNMLPJNHMFFCJ68CA,明湖段,29.67,都市：住
RPXNMLNKOHMFFDJ86DA,光華段,35.75,都市：住
RPQOMLNKOHMFFDJ88DA,光華段,35.33,都市：住
RPQOMLNKOHMFFDJ88DA,光華段,1.91,都市：住
RPXNMLNKOHMFFDJ86DA,光華段,1.93,都市：住
RPRNMLNKOHMFFDJ88DA,光華段,35.35,都市：住
RPRNMLNKOHMFFDJ88DA,光華段,1.91,都市：住
RPTNMLNKOHMFFDJ09DA,光華段,35.35,都市：住
RPTNMLNKOHMFFDJ09DA,光華段,1.91,都市：住
RPSNMLNKOHMFFDJ98DA,光華段,35.35,都市：住
RPSNMLNKOHMFFDJ98DA,光華段,1.91,都市：住
RPQNMLPKNHMFFDJ78CA,德盛段,20.83,都市：農
RPQNMLPKNHMFFDJ78CA,德盛段,52.00,都市：農
RPQNMLPKNHMFFDJ78CA,德盛段,67.00,都市：農
RPQNMLPKNHMFFDJ78CA,德盛段,45.75,都市：農
RPWNMLNKOHMFFDJ76DA,光華段,35.75,都市：住
RPWNMLNKOHMFFDJ76DA,光華段,1.93,都市：住
RPRNMLLLNHMFFDJ58CA,中義段,167.15,都市：住
RPQNMLLLNHMFFDJ48CA,中義段,167.15,都市：商
RPSNMLPLMHMFFBJ88DA,翰林段,9.09,都市：住
RPVNMLOKOHMFFDJ76DA,光華段,35.75,都市：住
RPVNMLOKOHMFFDJ76DA,光華段,1.93,都市：住
RPUNMLOKOHMFFDJ66DA,光華段,26.01,都市：住
RPUNMLOKOHMFFDJ66DA,光華段,1.41,都市：住
RPWNMLOKOHMFFDJ86DA,光華段,27.75,都市：住
RPWNMLOKOHMFFDJ86DA,光華段,1.50,都市：住
RPXNMLOKOHMFFDJ96DA,光華段,41.43,都市：住
RPXNMLOKOHMFFDJ96DA,光華段,2.24,都市：住
RPQOMLOKOHMFFDJ98DA,光華段,27.35,都市：住
RPQOMLOKOHMFFDJ98DA,光華段,1.48,都市：住
RPOOMLOKOHMFFDJ78DA,光華段,35.48,都市：住
RPOOMLOKOHMFFDJ78DA,光華段,1.92,都市：住
RPPOMLOKOHMFFDJ88DA,光華段,35.48,都市：住
RPPOMLOKOHMFFDJ88DA,光華段,1.92,都市：住
RPTNMLOKOHMFFDJ56DA,光華段,27.35,都市：住
RPTNMLOKOHMFFDJ56DA,光華段,1.48,都市：住
RPXNMLLLMHMFFDJ09CA,文昌段,24.23,都市：住
RPUNMLQKNHMFFCJ56CA,竹東段竹東小段,24.83,都市：住
RPUNMLQKNHMFFCJ56CA,竹東段竹東小段,67.00,都市：住
RPUNMLQKNHMFFCJ56CA,竹東段竹東小段,1.14,都市：住
RPUNMLQKNHMFFCJ56CA,竹東段竹東小段,1.00,都市：住
RPQNMLOLMHMFFDJ68CA,下北勢段下北勢小段,106.00,非都市：特定農業區 ; 非都市編定：甲種建築用地
RPSNMLOLMHMFFDJ88CA,文昌段,96.86,都市：住
RPROMLPLMHMFFCJ88CA,竹東段竹東小段,46.51,都市：住
RPQOMLMJNHMFFBJ28CA,興崙段,453.57,非都市：特定農業區 ; 非都市編定：農牧用地
RPPOMLMJNHMFFDJ38CA,建興段鳳凰小段,25.33,非都市：工業區 ; 非都市編定：丁種建築用地
RPVOMLPJNHMFFCJ56CA,煤源段,10600.00,非都市：山坡地保育區 ; 非都市編定：農牧用地
RPQNMLTJNHMFFDJ09CA,信勢段,65.82,都市：住
RPWNMLMKNHMFFDJ09CA,福陽段,48.80,非都市：鄉村區 ; 非都市編定：乙種建築用地
RPWNMLMKNHMFFDJ09CA,福陽段,111.75,非都市：鄉村區 ; 非都市編定：乙種建築用地
RPVNMLMKNHMFFDJ98CA,福陽段,.23,非都市：鄉村區 ; 非都市編定：乙種建築用地
RPVNMLMKNHMFFDJ98CA,福陽段,89.69,非都市：鄉村區 ; 非都市編定：乙種建築用地
RPVNMLMKNHMFFDJ98CA,福陽段,30.74,非都市：鄉村區 ; 非都市編定：乙種建築用地
RPUNMLKMMHMFFBJ58CA,莊敬段,9.58,都市：商
RPVNMLKMMHMFFBJ68CA,莊敬段,13.15,都市：商
RPPNMLKMMHMFFBJ08CA,莊敬段,26.04,都市：商
RPTNMLKMMHMFFBJ48CA,莊敬段,13.08,都市：商
RPPNMLRJNHMFFBJ58CA,府前段,30.60,都市：住
RPSPMLLLMHMFFBJ58CA,關農段,113.87,都市：住
RPSOMLOJNHMFFBJ68CA,自強段,27.45,都市：住
RPRNMLRKNHMFFCJ56EA,油羅段,140.00,非都市：山坡地保育區 ; 非都市編定：農牧用地
RPRNMLRKNHMFFCJ56EA,油羅段,136.00,非都市：山坡地保育區 ; 非都市編定：農牧用地
RPRNMLRKNHMFFCJ56EA,油羅段,236.00,非都市：山坡地保育區 ; 非都市編定：農牧用地
RPRNMLRKNHMFFCJ56EA,油羅段,325.00,非都市：山坡地保育區 ; 非都市編定：林業用地
RPTPMLSLMHMFFBJ76CA,中正段,34.80,都市：住
RPQPMLSLMHMFFBJ09CA,中正段,34.80,都市：住
RPUNMLLLMHMFFBJ58CA,公園段,31.72,都市：住
RPOPMLSLMHMFFBJ88CA,中正段,31.24,都市：住
RPSPMLSLMHMFFBJ66CA,中正段,34.60,都市：住
RPWNMLOLMHMFFBJ09CA,竹仁段,50.96,都市：住
RPWNMLOLMHMFFBJ09CA,竹仁段,30.78,都市：住
SPTPMLSLMHMFFBJ86CA,中正段,34.70,都市：住
RPWOMLLLMHMFFBJ88CA,隘興段,2.66,都市：住
RPTNMLRLMHMFFBJ09CA,國義段,28.86,都市：住
RPOOMLLLMHMFFBJ08CA,台科段,24.45,都市：住
RPPOMLLLMHMFFBJ18CA,公園段,12.32,都市：商
RPPOMLLLMHMFFBJ18CA,公園段,12.32,都市：商
RPVOMLRLMHMFFBJ76CA,公園段,26.29,都市：住
RPWOMLRLMHMFFBJ86CA,隘興段,42.30,都市：住
RPTPMLOLMHMFFBJ98CA,家興段,95.39,都市：住
RPTPMLOLMHMFFBJ98CA,家興段,190.33,都市：住
RPSPMLOLMHMFFBJ88CA,省道段,20.74,都市：住
RPSPMLOLMHMFFBJ88CA,省道段,.80,都市：住
RPSPMLOLMHMFFBJ88CA,省道段,66.94,都市：住
RPPNMLSLMHMFFBJ78CA,中正段,41.51,都市：住
RPUNMLSLMHMFFBJ66CA,中正段,31.03,都市：住
RPQNMLSLMHMFFBJ88CA,中正段,31.24,都市：住
RPRNMLSLMHMFFBJ98CA,中正段,31.24,都市：住
RPSNMLSLMHMFFBJ09CA,中正段,31.24,都市：住
RPTNMLSLMHMFFBJ56CA,中正段,31.24,都市：住
RPVNMLSLMHMFFBJ76CA,中正段,31.24,都市：住
RPWNMLSLMHMFFBJ86CA,中正段,31.24,都市：住
RPRPMLOLMHMFFBJ78CA,莊敬段,7.58,都市：商
RPXNMLQLMHMFFBJ76CA,三崁店段水坑口小段,495.87,非都市：特定農業區 ; 非都市編定：農牧用地
RPPPMLOLMHMFFBJ58CA,莊敬段,7.58,都市：商
RPQOMLQLMHMFFBJ78CA,大旱坑段小東坑小段,2501.00,非都市：山坡地保育區 ; 非都市編定：農牧用地
RPSNMLSJNHMFFBJ98CA,公園段,69.41,都市：住
RPSNMLSJNHMFFBJ98CA,公園段,.94,都市：住
RPXNMLSJNHMFFBJ86CA,華城段,24.25,非都市：山坡地保育區 ; 非都市編定：丙種建築用地
RPXNMLSJNHMFFBJ86CA,華城段,50.07,非都市：山坡地保育區 ; 非都市編定：丙種建築用地
RPQNMLRLMHMFFBJ78CA,溝貝段,122.00,非都市：特定農業區 ; 非都市編定：甲種建築用地
RPXPMLNJNHMFFBJ56CA,東華段,268.23,都市：工
RPQNMLQLMHMFFBJ68CA,自強段,49.01,都市：住
RPUNMLPLMHMFFBJ98CA,縣華段,.18,都市：住
RPUNMLPLMHMFFBJ98CA,縣華段,51.92,都市：住
RPUNMLPLMHMFFBJ98CA,縣華段,20.53,都市：住
RPSNMLQLMHMFFBJ88CA,社北段,37.58,都市：住
RPRNMLQLMHMFFBJ78CA,隘興段,26.29,都市：住
RPTNMLNJNHMFFBJ58CA,隘興段,45.34,都市：商
RPROMLQLMHMFFBJ88CA,自強段,19.69,都市：商
RPTOMLRLMHMFFBJ56CA,豆子埔段,10.95,都市：住
RPPOMLMJNHMFFCJ28CA,中員段,1073.89,非都市：特定農業區 ; 非都市編定：農牧用地
RPXOMLLKNHMFFBJ98CA,國義段,104.53,都市：住
RPPOMLSLMHMFFBJ88CA,華城段,39.46,非都市：山坡地保育區 ; 非都市編定：丙種建築用地
RPRNMLMJNHMFFBJ28CA,中正段,28.36,都市：住
RPQOMLLJNHMFFBJ18CA,隘興段,27.34,都市：住
RPTNMLNKNHMFFDJ88CA,中義段,138.77,都市：住
RPQNMLMJNHMFFDJ38CA,中興段復興小段,20.97,非都市：工業區 ; 非都市編定：丁種建築用地
RPRNMLQLMHMFFDJ98CA,北湖段,1.00,都市：住
RPQNMLPLMHMFFDJ78CA,中義段,73.20,都市：住
RPQNMLPLMHMFFDJ78CA,中義段,25.04,都市：住
RPTNMLLJNHMFFCJ48CA,綠獅段,132.23,非都市：鄉村區 ; 非都市編定：乙種建築用地
RPUNMLMLNHMFFCJ88CA,資源段,4.99,都市：住
RPUNMLMLNHMFFCJ88CA,資源段,10.04,都市：住
RPQOMLLJNHMFFCJ28CA,重光段,14.67,都市：住
RPQOMLLJNHMFFCJ28CA,重光段,9.20,都市：住
RPUNMLNKNHMFFDJ98CA,泰豐段,17.36,都市：住
RPUNMLNKNHMFFDJ98CA,泰豐段,53.09,都市：住
RPUNMLNKNHMFFDJ98CA,泰豐段,2.90,都市：住
RPUNMLNKNHMFFDJ98CA,泰豐段,1.32,都市：住
RPXNMLOLMHMFFDJ76CA,中興段新興小段,5904.00,非都市：工業區 ; 非都市編定：丁種建築用地
RPSNMLMLNHMFFCJ68CA,志學段,38.15,都市：住
RPOOMLRLMHMFFDJ88CA,竹九段,16.20,非都市：鄉村區 ; 非都市編定：乙種建築用地
RPOOMLRLMHMFFDJ88CA,竹九段,72.85,非都市：鄉村區 ; 非都市編定：乙種建築用地
RPVNMLQLMHMFFDJ76CA,濱海段,347.68,非都市：一般農業區 ; 非都市編定：農牧用地
RPTOMLRLMHMFFDJ76CA,崁頭段,79.00,非都市：特定農業區 ; 非都市編定：甲種建築用地
RPTOMLRLMHMFFDJ76CA,崁頭段,17.00,非都市：特定農業區 ; 非都市編定：甲種建築用地
RPOOMLQLMHMFFDJ78CA,綠園段,8.41,非都市：鄉村區 ; 非都市編定：乙種建築用地
RPQNMLPKNHMFFBJ58CA,莊敬段,18.29,都市：商
RPOOMLQLMHMFFBJ68DA,內立段,400.00,非都市：山坡地保育區 ; 非都市編定：林業用地
RPTNMLQLMHMFFBJ09DA,莊敬段,34.42,都市：住
RPOOMLNJNHMFFDJ48DA,北湖段,27.29,都市：住
RPRNMLPLMHMFFBJ78DA,豆子埔段,9.75,都市：商
RPSOMLNJNHMFFDJ88DA,北湖段,37.20,都市：住
RPRNMLSLMHMFFDJ56CA,長威段,27.42,非都市：特定農業區 ; 非都市編定：甲種建築用地
RPUNMLRLMHMFFDJ76CA,後湖段埔頂小段,171.00,非都市：特定農業區 ; 非都市編定：甲種建築用地
RPSNMLQKNHMFFBJ98DA,西安段,.47,都市：住
RPSNMLQKNHMFFBJ98DA,西安段,9.40,都市：住
RPSNMLQKNHMFFBJ98DA,西安段,1.46,都市：住
RPSNMLQKNHMFFBJ98DA,西安段,3.66,都市：住
RPSNMLQKNHMFFBJ98DA,西安段,3.97,都市：住
RPSNMLQKNHMFFBJ98DA,西安段,3.38,都市：住
RPSNMLQKNHMFFBJ98DA,西安段,.07,都市：住
RPSNMLQKNHMFFBJ98DA,西安段,9.27,都市：住
RPPOMLNKNHMFFDJ58CA,員興段,.27,非都市：山坡地保育區 ; 非都市編定：丙種建築用地
RPPOMLNKNHMFFDJ58CA,員興段,107.21,非都市：山坡地保育區 ; 非都市編定：丙種建築用地
RPPOMLNKNHMFFDJ58CA,員興段,.27,非都市：山坡地保育區 ; 非都市編定：丙種建築用地
RPPOMLQLMHMFFDJ88CA,瑞興段,866.00,非都市：特定農業區 ; 非都市編定：農牧用地
RPWNMLQLMHMFFDJ86CA,中興段復興小段,83.00,非都市：工業區 ; 非都市編定：丁種建築用地
RPSNMLRKNHMFFCJ66EA,油羅段,484.96,非都市：山坡地保育區 ; 非都市編定：林業用地
RPXNMLQLMHMFFDJ96CA,汶山段,24.00,非都市：鄉村區 ; 非都市編定：乙種建築用地
RPVNMLMLNHMFFBJ98DA,仰德段,672.15,非都市：特定農業區 ; 非都市編定：甲種建築用地
RPPNMLPLNHMFFBJ78EA,照門段石門小段,1015.90,非都市：山坡地保育區 ; 非都市編定：暫未編定
RPVNMLRKNHMFFBJ76DA,西安段,.47,都市：住
RPVNMLRKNHMFFBJ76DA,西安段,9.40,都市：住
RPVNMLRKNHMFFBJ76DA,西安段,1.46,都市：住
RPVNMLRKNHMFFBJ76DA,西安段,3.66,都市：住
RPVNMLRKNHMFFBJ76DA,西安段,3.97,都市：住
RPVNMLRKNHMFFBJ76DA,西安段,33.79,都市：住
RPVNMLRKNHMFFBJ76DA,西安段,.74,都市：住
RPVNMLRKNHMFFBJ76DA,西安段,9.27,都市：住
RPVNMLNKNHMFFDJ09CA,湖南段,52.24,非都市：鄉村區 ; 非都市編定：乙種建築用地
RPPOMLPLNHMFFDJ98DA,光華段,35.33,都市：住
RPPOMLPLNHMFFDJ98DA,光華段,1.91,都市：住
RPQOMLPLNHMFFDJ09DA,光華段,35.75,都市：住
RPQOMLPLNHMFFDJ09DA,光華段,1.93,都市：住
RPWNMLPLNHMFFDJ96DA,光華段,35.35,都市：住
RPWNMLPLNHMFFDJ96DA,光華段,1.91,都市：住
RPOOMLPLNHMFFDJ88DA,光華段,27.75,都市：住
RPOOMLPLNHMFFDJ88DA,光華段,1.50,都市：住
RPVNMLRLMHMFFCJ76CA,湖東段,1719.77,非都市：山坡地保育區 ; 非都市編定：農牧用地
RPXNMLMJNHMFFCJ98CA,油羅段,18135.00,非都市：山坡地保育區 ; 非都市編定：林業用地
RPTNMLQLMHMFFCJ09CA,竹東段竹東小段,63.00,都市：住
RPSNMLSJNHMFFDJ56CA,成功段,277.39,都市：工
RPSNMLSJNHMFFDJ56CA,成功段,3527.85,都市：工
RPSNMLSJNHMFFDJ56CA,成功段,20.63,都市：工
RPSNMLQLMHMFFCJ98CA,仁愛段,21.50,都市：住
RPSNMLQLMHMFFCJ98CA,仁愛段,86.00,都市：住
RPSNMLQLMHMFFCJ98CA,仁愛段,4.50,都市：住
RPTNMLSJNHMFFDJ66CA,和興段,68.00,非都市：鄉村區 ; 非都市編定：乙種建築用地
RPUNMLSJNHMFFDJ76CA,長嶺段,68.00,非都市：特定農業區 ; 非都市編定：甲種建築用地
RPRNMLSJNHMFFDJ09CA,大埔段,56.18,都市：住
RPRNMLSJNHMFFDJ09CA,大埔段,11.94,都市：住
SPRNMLSJNHMFFDJ56CA,大埔段,57.93,都市：住
SPRNMLSJNHMFFDJ56CA,大埔段,11.94,都市：住
RPUNMLRKNHMFFCJ66CA,石壁潭段,38.00,非都市：山坡地保育區 ; 非都市編定：丙種建築用地
RPUNMLRKNHMFFCJ66CA,石壁潭段,124.00,非都市：山坡地保育區 ; 非都市編定：丙種建築用地
RPUNMLRKNHMFFCJ66CA,石壁潭段,21.83,非都市：山坡地保育區 ; 非都市編定：丙種建築用地
RPTNMLPJNHMFFCJ88CA,明湖段,29.58,都市：住
RPRNMLRLMHMFFCJ98CA,竹東段竹東小段,8.67,都市：住
RPRNMLRLMHMFFCJ98CA,竹東段竹東小段,2.50,都市：住
RPRNMLRLMHMFFCJ98CA,竹東段竹東小段,16.88,都市：住
RPSNMLRLMHMFFCJ09CA,資源段,16.90,都市：住
RPSNMLRLMHMFFCJ09CA,資源段,.50,都市：住
RPSNMLRLMHMFFCJ09CA,資源段,1.00,都市：住
RPSNMLRLMHMFFCJ09CA,資源段,49.00,都市：住
RPSNMLRLMHMFFCJ09CA,資源段,7.40,都市：住
RPWOMLSLMHMFFBJ96CA,家興段,28.29,都市：住
RPXOMLSLMHMFFBJ07CA,家興段,28.29,都市：住
RPQNMLLJNHMFFBJ08CA,舊港段漁寮小段,16.40,非都市：特定農業區 ; 非都市編定：農牧用地
RPXNMLKKNHMFFDJ98CA,員興段,153.67,非都市：山坡地保育區 ; 非都市編定：丙種建築用地
RPOOMLMJNHMFFBJ08CA,仰德段,47.31,非都市：鄉村區 ; 非都市編定：乙種建築用地
RPOOMLMJNHMFFBJ08CA,東華段,133.39,非都市：鄉村區 ; 非都市編定：乙種建築用地
RPPNMLTLMHMFFBJ88CA,莊敬段,21.02,都市：住
RPUNMLMJNHMFFBJ58CA,世興段,6.53,都市：住
RPPPMLSLMHMFFBJ98CA,家興段,29.56,都市：住
RPRPMLSLMHMFFBJ56CA,家興段,29.56,都市：住
RPSNMLRJNHMFFBJ88CA,自強段,35.31,都市：住
RPUNMLRJNHMFFBJ09CA,自強段,31.48,都市：住
RPTNMLOJNHMFFBJ68CA,家興段,39.78,都市：住
RPPNMLSJNHMFFBJ68CA,莊敬段,1.75,都市：商
RPUPMLMJNHMFFBJ78CA,自強段,35.85,都市：住
RPVNMLRJNHMFFBJ56CA,自強段,35.31,都市：住
RPQNMLSJNHMFFBJ78CA,莊敬段,1.75,都市：商
RPXNMLRJNHMFFBJ76CA,自強段,18.77,都市：商
RPROMLNLNHMFFCJ78CA,石硬子段社寮坑小段,1763.00,非都市：山坡地保育區 ; 非都市編定：農牧用地
RPROMLNLNHMFFCJ78CA,石硬子段社寮坑小段,2944.00,非都市：山坡地保育區 ; 非都市編定：水利用地
RPROMLNLNHMFFCJ78CA,石硬子段社寮坑小段,4636.00,非都市：山坡地保育區 ; 非都市編定：農牧用地
RPROMLNLNHMFFCJ78CA,石硬子段社寮坑小段,322.00,非都市：山坡地保育區 ; 非都市編定：交通用地
RPROMLNLNHMFFCJ78CA,石硬子段社寮坑小段,4154.00,非都市：山坡地保育區 ; 非都市編定：農牧用地
RPROMLNLNHMFFCJ78CA,石硬子段社寮坑小段,1096.00,非都市：山坡地保育區 ; 非都市編定：水利用地
RPROMLNLNHMFFCJ78CA,石硬子段社寮坑小段,1238.00,非都市：山坡地保育區 ; 非都市編定：農牧用地
RPROMLNLNHMFFCJ78CA,石硬子段社寮坑小段,926.00,非都市：山坡地保育區 ; 非都市編定：農牧用地
RPROMLNLNHMFFCJ78CA,石硬子段社寮坑小段,543.00,非都市：山坡地保育區 ; 非都市編定：農牧用地
RPROMLNLNHMFFCJ78CA,石硬子段社寮坑小段,48.00,非都市：山坡地保育區 ; 非都市編定：農牧用地
RPROMLNLNHMFFCJ78CA,石硬子段社寮坑小段,8234.00,非都市：山坡地保育區 ; 非都市編定：林業用地
RPROMLNLNHMFFCJ78CA,石硬子段社寮坑小段,1170.00,非都市：山坡地保育區 ; 非都市編定：交通用地
RPROMLNLNHMFFCJ78CA,石硬子段社寮坑小段,9.00,非都市：山坡地保育區 ; 非都市編定：交通用地
RPROMLNLNHMFFCJ78CA,石硬子段社寮坑小段,148.00,非都市：山坡地保育區 ; 非都市編定：交通用地
RPROMLNLNHMFFCJ78CA,石硬子段社寮坑小段,1029.00,非都市：山坡地保育區 ; 非都市編定：林業用地
RPROMLRLMHMFFBJ98CA,舊港段漁寮小段,101.00,非都市：特定農業區 ; 非都市編定：甲種建築用地
RPROMLRLMHMFFBJ98CA,舊港段漁寮小段,136.00,非都市：特定農業區 ; 非都市編定：丁種建築用地
RPROMLRLMHMFFBJ98CA,舊港段漁寮小段,74.00,非都市：特定農業區 ; 非都市編定：甲種建築用地
RPSNMLLKNHMFFBJ38CA,家興段,54.92,都市：住
RPSOMLQLMHMFFBJ98CA,翰林段,152.85,都市：住
RPWOMLNJNHMFFBJ98CA,莊敬段,22.38,都市：商
RPPQMLNJNHMFFBJ48CA,省道段,96.83,都市：商
RPUOMLLKNHMFFBJ68CA,竹義段,428.00,都市：其他
RPVNMLNJNHMFFBJ78CA,新庄子段,106.00,非都市：鄉村區 ; 非都市編定：乙種建築用地
RPPPMLPKNHMFFBJ68CA,華興段,24.24,都市：住
RPPPMLPKNHMFFBJ68CA,華興段,1.66,都市：住
RPPPMLPKNHMFFBJ68CA,華興段,.22,都市：住
RPPPMLPKNHMFFBJ68CA,華興段,.70,都市：住
RPPPMLPKNHMFFBJ68CA,華興段,.38,都市：住
RPOOMLMKNHMFFBJ18CA,家興段,71.03,都市：住
RPQRMLLJOHMFFBJ58CA,莊敬段,12.19,都市：商
RPPRMLLJOHMFFBJ48CA,莊敬段,12.01,都市：商
RPSNMLSKNHMFFBJ09CA,台科段,105.21,都市：住
RPUNMLNJOHMFFBJ78CA,莊敬段,12.19,都市：商
RPWNMLNJOHMFFBJ98CA,莊敬段,12.10,都市：商
RPOOMLNJOHMFFBJ28CA,莊敬段,9.38,都市：商
RPPOMLNJOHMFFBJ38CA,莊敬段,9.38,都市：商
RPTNMLNJOHMFFBJ68CA,莊敬段,12.19,都市：商
RPXNMLNJOHMFFBJ09CA,莊敬段,9.38,都市：商
RPVNMLNJOHMFFBJ88CA,莊敬段,17.27,都市：商
RPPNMLLLNHMFFBJ18CA,華城段,39.46,非都市：山坡地保育區 ; 非都市編定：丙種建築用地
RPSOMLNJOHMFFBJ68CA,莊敬段,8.68,都市：商
RPUOMLNJOHMFFBJ88CA,莊敬段,12.19,都市：商
RPVOMLNJOHMFFBJ98CA,莊敬段,12.19,都市：商
RPTOMLNJOHMFFBJ78CA,莊敬段,12.19,都市：商
RPROMLNJOHMFFBJ58CA,莊敬段,9.38,都市：商
RPPQMLNJOHMFFBJ58CA,莊敬段,12.19,都市：商
RPQOMLNJOHMFFBJ48CA,莊敬段,9.38,都市：商
RPOQMLNJOHMFFBJ48CA,莊敬段,13.94,都市：商
RPRQMLNJOHMFFBJ78CA,莊敬段,9.38,都市：商
RPWOMLNJOHMFFBJ09CA,莊敬段,18.06,都市：商
RPXOMLNJOHMFFBJ56CA,莊敬段,17.27,都市：商
RPWPMLNJOHMFFBJ56CA,莊敬段,10.70,都市：商
RPSPMLNJOHMFFBJ78CA,莊敬段,9.56,都市：商
RPUPMLNJOHMFFBJ98CA,莊敬段,9.38,都市：商
RPPPMLNJOHMFFBJ48CA,莊敬段,12.10,都市：商
RPQPMLNJOHMFFBJ58CA,莊敬段,12.10,都市：商
RPTPMLNJOHMFFBJ88CA,莊敬段,9.38,都市：商
RPOPMLNJOHMFFBJ38CA,莊敬段,17.27,都市：商
RPRPMLNJOHMFFBJ68CA,莊敬段,10.87,都市：商
RPVPMLNJOHMFFBJ09CA,莊敬段,12.01,都市：商
RPQNMLRJNHMFFBJ68CA,隘興段,37.18,都市：住
RPXPMLNJOHMFFBJ66CA,莊敬段,10.70,都市：商
RPPNMLMLNHMFFCJ38CA,東寧段,15.37,都市：商
RPXOMLMJNHMFFBJ98CA,家興段,20.64,都市：商
RPQPMLMJNHMFFBJ38CA,隘興段,19.94,都市：住
RPQNMLOJNHMFFBJ38CA,家興段,81.88,都市：住
RPQNMLOJNHMFFBJ38CA,家興段,7.69,都市：住
RPWNMLOJNHMFFBJ98CA,家興段,59.12,都市：住
RPQNMLRLMHMFFCJ88CA,志學段,22.37,都市：其他
RPQNMLRLMHMFFCJ88CA,志學段,.17,都市：其他
RPQNMLRLMHMFFCJ88CA,志學段,.01,都市：其他
RPWNMLPJNHMFFCJ56CA,大華段,18.03,都市：農
RPWNMLPJNHMFFCJ56CA,大華段,8.50,都市：農
RPWNMLPJNHMFFCJ56CA,大華段,3.81,都市：農
RPWNMLPJNHMFFCJ56CA,大華段,53.38,都市：農
RPWNMLPJNHMFFCJ56CA,大華段,10.29,都市：農
RPWNMLPJNHMFFCJ56CA,大華段,3.43,都市：農
RPWNMLPJNHMFFCJ56CA,大華段,1.39,都市：農
RPOPMLOLNHMFFCJ68CA,東寧段,66.00,都市：住
RPPNMLMKNHMFFCJ28CA,梅林段,4210.00,非都市：山坡地保育區 ; 非都市編定：農牧用地
RPPNMLMKNHMFFCJ28CA,梅林段,1350.00,非都市：山坡地保育區 ; 非都市編定：農牧用地
RPPNMLMKNHMFFCJ28CA,梅林段,1120.00,非都市：山坡地保育區 ; 非都市編定：農牧用地
RPPNMLMKNHMFFCJ28CA,梅林段,1050.00,非都市：山坡地保育區 ; 非都市編定：農牧用地
RPQPMLNJNHMFFBJ48CA,台科段,31.22,都市：住
RPPOMLPJNHMFFCJ58CA,大華段,10.84,都市：農
RPPOMLPJNHMFFCJ58CA,大華段,5.11,都市：農
RPPOMLPJNHMFFCJ58CA,大華段,2.29,都市：農
RPPOMLPJNHMFFCJ58CA,大華段,79.36,都市：農
RPPOMLPJNHMFFCJ58CA,大華段,6.18,都市：農
RPPOMLPJNHMFFCJ58CA,大華段,2.06,都市：農
RPPOMLPJNHMFFCJ58CA,大華段,.83,都市：農
RPOOMLSLMHMFFCJ88CA,八十分段馬福小段,1959.00,非都市：山坡地保育區 ; 非都市編定：農牧用地
RPOOMLSLMHMFFCJ88CA,八十分段馬福小段,291.00,非都市：山坡地保育區 ; 非都市編定：林業用地
RPRNMLLJNHMFFCJ28CA,芎林段高頭小段,302.91,非都市：山坡地保育區 ; 非都市編定：農牧用地
RPUOMLRKNHMFFCJ76CA,明湖段,28.52,都市：住
RPQOMLRKNHMFFCJ98CA,明湖段,39.90,都市：住
RPPOMLRKNHMFFCJ88CA,明湖段,37.53,都市：住
RPSOMLRKNHMFFCJ56CA,明湖段,28.36,都市：住
RPROMLRKNHMFFCJ09CA,明湖段,28.36,都市：住
RPRNMLLKNHMFFDJ48CA,員興段,235.01,非都市：山坡地保育區 ; 非都市編定：丙種建築用地
RPUNMLMKNHMFFDJ88CA,濱海段,11.33,非都市：一般農業區 ; 非都市編定：農牧用地
RPUNMLMKNHMFFDJ88CA,濱海段,2.33,非都市：一般農業區 ; 非都市編定：農牧用地
RPRNMLMKNHMFFDJ58CA,濱海段,200.29,非都市：一般農業區 ; 非都市編定：農牧用地
RPRNMLMKNHMFFDJ58CA,濱海段,28.13,非都市：一般農業區 ; 非都市編定：農牧用地
RPRNMLMKNHMFFDJ58CA,濱海段,196.68,非都市：一般農業區 ; 非都市編定：農牧用地
RPRNMLMKNHMFFDJ58CA,濱海段,104.12,非都市：一般農業區 ; 非都市編定：農牧用地
RPRNMLMKNHMFFDJ58CA,濱海段,87.36,非都市：一般農業區 ; 非都市編定：農牧用地
RPTNMLMKNHMFFDJ78CA,濱海段,.23,非都市：一般農業區 ; 非都市編定：甲種建築用地
RPTNMLMKNHMFFDJ78CA,濱海段,2.30,非都市：一般農業區 ; 非都市編定：農牧用地
RPWNMLMJNHMFFDJ98CA,綠園段,20.64,非都市：特定農業區 ; 非都市編定：農牧用地
RPWNMLNKNHMFFDJ56CA,信勢段,65.93,都市：住
RPVNMLSLMHMFFDJ96CA,信勢段,1522.17,都市：農
RPSOMLPLNHMFFDJ66DA,光華段,35.35,都市：住
RPSOMLPLNHMFFDJ66DA,光華段,1.91,都市：住
RPUNMLNJNHMFFDJ88CA,長威段,63.72,非都市：特定農業區 ; 非都市編定：甲種建築用地
RPSNMLSLMHMFFCJ76EA,田洋段,1546.15,非都市：特定農業區 ; 非都市編定：農牧用地
RPSNMLSLMHMFFCJ76EA,田洋段,993.40,非都市：特定農業區 ; 非都市編定：農牧用地
RPSNMLNJNHMFFDJ68CA,振興段,20.77,都市：住
RPUNMLNJNHMFFBJ78DA,莊敬段,71.58,都市：住
RPUNMLNJNHMFFBJ78DA,莊敬段,9.24,都市：住
RPRNMLRLMHMFFDJ09CA,建興段鳳凰小段,12.95,非都市：工業區 ; 非都市編定：丁種建築用地
RPSNMLTJNHMFFDJ66CA,中義段,80.70,都市：住
RPROMLNJNHMFFDJ78DA,北湖段,37.20,都市：住
RPOOMLNKNHMFFDJ48CA,建興段鳳凰小段,10.83,非都市：工業區 ; 非都市編定：丁種建築用地
RPRNMLPJNHMFFDJ78CA,新庄子段,33.11,非都市：特定農業區 ; 非都市編定：甲種建築用地
RPPNMLLJNHMFFDJ18CA,福陽段,18.66,非都市：一般農業區 ; 非都市編定：甲種建築用地
RPPNMLSLMHMFFDJ98CA,中興段復興小段,99.00,非都市：工業區 ; 非都市編定：丁種建築用地
RPVNMLOLNHMFFDJ66CA,吉祥段,18.61,非都市：鄉村區 ; 非都市編定：乙種建築用地
RPXNMLRLMHMFFDJ07CA,鳳坑段,114.11,非都市：山坡地保育區 ; 非都市編定：丙種建築用地
RPSNMLSLMHMFFDJ66CA,中興段中興小段,21.94,非都市：工業區 ; 非都市編定：丁種建築用地
RPVNMLKKNHMFFDJ78CA,中義段,62.58,都市：住
RPVNMLKKNHMFFDJ78CA,中義段,10.83,都市：住
RPVNMLKKNHMFFDJ78CA,中義段,13.81,都市：住
RPPNMLNJNHMFFDJ38CA,永寧段,31.83,都市：商
RPPNMLNJNHMFFDJ38CA,永寧段,14.61,都市：商
RPVNMLSJNHMFFDJ86CA,光華段,17.62,都市：住
RPXNMLSLMHMFFCJ07CA,大壢段下大壢小段,669.00,非都市：山坡地保育區 ; 非都市編定：農牧用地
RPWNMLLJNHMFFCJ78CA,新庄段,972.13,非都市：特定農業區 ; 非都市編定：農牧用地
RPRNMLOJNHMFFCJ58CA,旭光段,.50,都市：其他
RPRNMLOJNHMFFCJ58CA,旭光段,30.36,都市：其他
RPSNMLOJNHMFFCJ68CA,旭光段,.48,都市：其他
RPSNMLOJNHMFFCJ68CA,旭光段,29.28,都市：其他
RPXNMLLJNHMFFCJ88CA,枋子坑段,1745.68,非都市：山坡地保育區 ; 非都市編定：農牧用地
RPTNMLOJNHMFFCJ78CA,旭光段,.48,都市：其他
RPTNMLOJNHMFFCJ78CA,旭光段,29.28,都市：其他
RPUNMLOJNHMFFCJ88CA,旭光段,.46,都市：其他
RPUNMLOJNHMFFCJ88CA,旭光段,27.88,都市：其他
RPWNMLOJNHMFFCJ09CA,旭光段,.38,都市：其他
RPWNMLOJNHMFFCJ09CA,旭光段,23.08,都市：其他
RPVNMLOJNHMFFCJ98CA,旭光段,.53,都市：其他
RPVNMLOJNHMFFCJ98CA,旭光段,32.07,都市：其他
RPQNMLNLNHMFFDJ68CA,竹九段,111.75,非都市：一般農業區 ; 非都市編定：特定目的事業用地
RPQNMLNLNHMFFDJ68CA,竹九段,15208.71,非都市：一般農業區 ; 非都市編定：特定目的事業用地
RPQNMLNLNHMFFDJ68CA,竹九段,795.00,非都市：一般農業區 ; 非都市編定：特定目的事業用地
RPQNMLNLNHMFFDJ68CA,竹九段,986.43,非都市：一般農業區 ; 非都市編定：特定目的事業用地
RPQNMLNLNHMFFDJ68CA,竹九段,1312.87,非都市：一般農業區 ; 非都市編定：特定目的事業用地
RPQNMLNLNHMFFDJ68CA,竹九段,369.07,非都市：一般農業區 ; 非都市編定：特定目的事業用地
RPQNMLNLNHMFFDJ68CA,竹九段,2622.55,非都市：一般農業區 ; 非都市編定：特定目的事業用地
RPQNMLNLNHMFFDJ68CA,竹九段,2915.00,非都市：一般農業區 ; 非都市編定：特定目的事業用地
RPQNMLNLNHMFFDJ68CA,竹九段,293.18,非都市：一般農業區 ; 非都市編定：特定目的事業用地
RPQNMLNLNHMFFDJ68CA,竹九段,791.58,非都市：一般農業區 ; 非都市編定：特定目的事業用地
RPQNMLNLNHMFFDJ68CA,竹九段,2515.60,非都市：一般農業區 ; 非都市編定：特定目的事業用地
RPQNMLNLNHMFFDJ68CA,竹九段,5091.73,非都市：一般農業區 ; 非都市編定：特定目的事業用地
RPQNMLNLNHMFFDJ68CA,竹九段,686.01,非都市：一般農業區 ; 非都市編定：特定目的事業用地
RPQNMLNLNHMFFDJ68CA,竹九段,2345.43,非都市：一般農業區 ; 非都市編定：特定目的事業用地
RPQNMLNLNHMFFDJ68CA,竹九段,3720.65,非都市：一般農業區 ; 非都市編定：特定目的事業用地
RPQNMLNLNHMFFDJ68CA,竹九段,44.39,非都市：一般農業區 ; 非都市編定：特定目的事業用地
RPQNMLNLNHMFFDJ68CA,竹九段,1554.15,非都市：一般農業區 ; 非都市編定：特定目的事業用地
RPQNMLNLNHMFFDJ68CA,竹九段,459.25,非都市：一般農業區 ; 非都市編定：特定目的事業用地
RPQNMLNLNHMFFDJ68CA,竹九段,469.79,非都市：一般農業區 ; 非都市編定：特定目的事業用地
RPQNMLNLNHMFFDJ68CA,竹九段,357.49,非都市：一般農業區 ; 非都市編定：特定目的事業用地
RPQNMLNLNHMFFDJ68CA,竹九段,462.68,非都市：一般農業區 ; 非都市編定：特定目的事業用地
RPQNMLNLNHMFFDJ68CA,竹九段,2776.73,非都市：一般農業區 ; 非都市編定：特定目的事業用地
RPQNMLNLNHMFFDJ68CA,竹九段,2823.54,非都市：一般農業區 ; 非都市編定：特定目的事業用地
RPQNMLNLNHMFFDJ68CA,竹九段,1950.54,非都市：一般農業區 ; 非都市編定：特定目的事業用地
RPQNMLNLNHMFFDJ68CA,竹九段,10343.44,非都市：一般農業區 ; 非都市編定：特定目的事業用地
RPQNMLNLNHMFFDJ68CA,竹九段,4204.60,非都市：一般農業區 ; 非都市編定：特定目的事業用地
RPQNMLNLNHMFFDJ68CA,竹九段,8849.04,非都市：一般農業區 ; 非都市編定：特定目的事業用地
RPQNMLNLNHMFFDJ68CA,竹九段,9572.53,非都市：一般農業區 ; 非都市編定：特定目的事業用地
RPQNMLNLNHMFFDJ68CA,竹九段,8904.52,非都市：一般農業區 ; 非都市編定：特定目的事業用地
RPQNMLNLNHMFFDJ68CA,竹九段,3844.02,非都市：一般農業區 ; 非都市編定：特定目的事業用地
RPQNMLNLNHMFFDJ68CA,竹九段,7148.43,非都市：一般農業區 ; 非都市編定：特定目的事業用地
RPQNMLNLNHMFFDJ68CA,竹九段,8204.17,非都市：一般農業區 ; 非都市編定：特定目的事業用地
RPQNMLNLNHMFFDJ68CA,竹九段,1993.04,非都市：一般農業區 ; 非都市編定：特定目的事業用地
RPQNMLNLNHMFFDJ68CA,竹九段,6188.64,非都市：一般農業區 ; 非都市編定：特定目的事業用地
RPQNMLNLNHMFFDJ68CA,竹九段,1405.94,非都市：一般農業區 ; 非都市編定：特定目的事業用地
RPQNMLNLNHMFFDJ68CA,竹九段,8179.41,非都市：一般農業區 ; 非都市編定：特定目的事業用地
RPQNMLNLNHMFFDJ68CA,竹九段,9293.21,非都市：一般農業區 ; 非都市編定：特定目的事業用地
RPQNMLNLNHMFFDJ68CA,竹九段,12249.66,非都市：一般農業區 ; 非都市編定：特定目的事業用地
RPQNMLNLNHMFFDJ68CA,竹九段,1461.55,非都市：一般農業區 ; 非都市編定：特定目的事業用地
RPQNMLNLNHMFFDJ68CA,竹九段,3601.29,非都市：一般農業區 ; 非都市編定：特定目的事業用地
RPQNMLNLNHMFFDJ68CA,竹九段,2011.15,非都市：一般農業區 ; 非都市編定：特定目的事業用地
RPQNMLNLNHMFFDJ68CA,竹九段,12605.27,非都市：一般農業區 ; 非都市編定：特定目的事業用地
RPQNMLNLNHMFFDJ68CA,竹九段,13527.56,非都市：山坡地保育區 ; 非都市編定：交通用地
RPXNMLOJNHMFFCJ56CA,旭光段,.43,都市：其他
RPXNMLOJNHMFFCJ56CA,旭光段,26.02,都市：其他
RPOOMLOJNHMFFCJ38CA,旭光段,.43,都市：其他
RPOOMLOJNHMFFCJ38CA,旭光段,26.02,都市：其他
RPPOMLOJNHMFFCJ48CA,旭光段,.38,都市：其他
RPPOMLOJNHMFFCJ48CA,旭光段,22.77,都市：其他
RPTNMLNJNHMFFCJ68CA,錦屏段,2580.00,非都市：山坡地保育區 ; 非都市編定：農牧用地
RPXNMLQLNHMFFDJ07CA,中興段復興小段,30.60,非都市：工業區 ; 非都市編定：丁種建築用地
RPXOMLMJNHMFFCJ09CA,中山段,32.42,都市：住
RPSOMLNJNHMFFBJ58CA,巨埔段,150.77,非都市：一般農業區 ; 非都市編定：甲種建築用地
RPPNMLOJNHMFFBJ28CA,福田段,228.37,都市：住
RPWOMLPJNHMFFCJ66CA,濫子段尖筆窩小段,3445.00,非都市：山坡地保育區 ; 非都市編定：農牧用地
RPWOMLPJNHMFFCJ66CA,濫子段尖筆窩小段,73.00,非都市：山坡地保育區 ; 非都市編定：農牧用地
RPWOMLPJNHMFFCJ66CA,濫子段尖筆窩小段,475.00,非都市：山坡地保育區 ; 非都市編定：農牧用地
RPWOMLPJNHMFFCJ66CA,濫子段尖筆窩小段,53.00,非都市：山坡地保育區 ; 非都市編定：農牧用地
RPWOMLPJNHMFFCJ66CA,濫子段尖筆窩小段,606.00,非都市：山坡地保育區 ; 非都市編定：農牧用地
RPWOMLPJNHMFFCJ66CA,濫子段尖筆窩小段,306.00,非都市：山坡地保育區 ; 非都市編定：農牧用地
RPSNMLOJNHMFFBJ58CA,內思段,13.81,都市：住
RPSNMLOJNHMFFBJ58CA,內思段,52.18,都市：住
RPSNMLOJNHMFFBJ58CA,霄裡段,1671.95,非都市：特定農業區 ; 非都市編定：農牧用地
RPUNMLTJNHMFFCJ76CA,鹿寮坑段,9623.00,非都市：工業區 ; 非都市編定：丁種建築用地
RPUNMLTJNHMFFCJ76CA,鹿寮坑段,579.00,非都市：工業區 ; 非都市編定：丁種建築用地
RPUNMLTJNHMFFCJ76CA,鹿寮坑段,630.00,非都市：工業區 ; 非都市編定：丁種建築用地
RPTNMLTJNHMFFCJ66CA,鹿寮坑段,1560.00,非都市：工業區 ; 非都市編定：丁種建築用地
RPTNMLTJNHMFFCJ66CA,鹿寮坑段,31.00,非都市：工業區 ; 非都市編定：丁種建築用地
RPTNMLTJNHMFFCJ66CA,鹿寮坑段,3481.00,非都市：工業區 ; 非都市編定：丁種建築用地
RPTNMLTJNHMFFCJ66CA,鹿寮坑段,247.00,非都市：工業區 ; 非都市編定：丁種建築用地
RPTNMLTJNHMFFCJ66CA,鹿寮坑段,351.00,非都市：工業區 ; 非都市編定：丁種建築用地
RPTNMLTJNHMFFCJ66CA,鹿寮坑段,19.00,非都市：工業區 ; 非都市編定：丁種建築用地
RPSNMLTJNHMFFCJ56CA,鹿寮坑段,9908.00,非都市：工業區 ; 非都市編定：丁種建築用地
RPSNMLTJNHMFFCJ56CA,鹿寮坑段,191.00,非都市：工業區 ; 非都市編定：丁種建築用地
RPSNMLTJNHMFFCJ56CA,鹿寮坑段,795.00,非都市：工業區 ; 非都市編定：丁種建築用地
RPSNMLTJNHMFFCJ56CA,鹿寮坑段,195.00,非都市：工業區 ; 非都市編定：丁種建築用地
RPSNMLTJNHMFFCJ56CA,鹿寮坑段,18.00,非都市：工業區 ; 非都市編定：丁種建築用地
RPSNMLTJNHMFFCJ56CA,鹿寮坑段,63.00,非都市：工業區 ; 非都市編定：丁種建築用地
RPSNMLTJNHMFFCJ56CA,鹿寮坑段,3.00,非都市：工業區 ; 非都市編定：丁種建築用地
RPSNMLTJNHMFFCJ56CA,鹿寮坑段,140.00,非都市：工業區 ; 非都市編定：丁種建築用地
RPSOMLSLMHMFFBJ56CA,公園段,52.10,都市：住
RPXNMLSLMHMFFBJ96CA,縣福段,5.49,都市：商
RPSNMLKKNHMFFCJ38CA,志學段,1.07,都市：其他
RPSNMLKKNHMFFCJ38CA,志學段,23.62,都市：其他
RPSNMLKKNHMFFCJ38CA,志學段,.01,都市：其他
RPSNMLKKNHMFFCJ38CA,志學段,.18,都市：其他
RPSNMLKKNHMFFCJ38CA,志學段,.00,都市：其他
RPSNMLKKNHMFFCJ38CA,志學段,.01,都市：其他
RPWNMLMJNHMFFBJ78CA,中正段,37.70,都市：住
RPWNMLSJNHMFFBJ76CA,大學段,11.10,都市：商
RPUNMLSJNHMFFBJ56CA,家興段,39.08,都市：商
RPXNMLNJNHMFFBJ98CA,家興段,140.60,都市：住
RPXOMLOLNHMFFCJ86CA,重光段,14.91,都市：住
RPQOMLPKNHMFFBJ68CA,老社寮段,40.00,非都市：特定農業區 ; 非都市編定：農牧用地
RPQOMLPKNHMFFBJ68CA,老社寮段,1320.00,非都市：山坡地保育區 ; 非都市編定：農牧用地
RPQOMLPKNHMFFBJ68CA,老社寮段,1750.00,非都市：山坡地保育區 ; 非都市編定：農牧用地
RPQOMLPKNHMFFBJ68CA,老社寮段,170.00,非都市：山坡地保育區 ; 非都市編定：農牧用地
RPQOMLPKNHMFFBJ68CA,老社寮段,1250.00,非都市：特定農業區 ; 非都市編定：農牧用地
RPQOMLPKNHMFFBJ68CA,老社寮段,145.00,非都市：山坡地保育區 ; 非都市編定：農牧用地
RPOOMLOJNHMFFBJ28CA,台科段,18.67,都市：住
RPQOMLOJNHMFFCJ58CA,南坑段大南坑小段,313.83,非都市：山坡地保育區 ; 非都市編定：農牧用地
RPQOMLOJNHMFFCJ58CA,南坑段大南坑小段,22.67,非都市：山坡地保育區 ; 非都市編定：農牧用地
RPQOMLOJNHMFFCJ58CA,南坑段大南坑小段,43.67,非都市：山坡地保育區 ; 非都市編定：丙種建築用地
RPUOMLMJNHMFFCJ78CA,湖尾段,326.69,非都市： ; 非都市編定：
RPUNMLPKNHMFFBJ98CA,翰林段,44.82,都市：住
RPRNMLPKNHMFFBJ68CA,台科段,11.33,都市：商
RPTOMLMJNHMFFCJ68CA,東寧段,55.00,都市：住
RPXOMLPJNHMFFCJ76CA,明湖段,64.13,都市：農
RPXOMLPJNHMFFCJ76CA,明湖段,2.70,都市：農
RPXOMLPJNHMFFCJ76CA,明湖段,51.42,都市：工
RPXOMLPJNHMFFCJ76CA,明湖段,.62,都市：工
RPXOMLPJNHMFFCJ76CA,明湖段,168.75,都市：工
RPXOMLPJNHMFFCJ76CA,明湖段,6.58,都市：商
RPXOMLPJNHMFFCJ76CA,明湖段,3.47,都市：其他
RPXNMLPJNHMFFBJ56CA,大學段,13.37,都市：商
RPUNMLLJNHMFFCJ58CA,富興段富興小段,97.00,非都市：山坡地保育區 ; 非都市編定：丙種建築用地
RPUNMLLJNHMFFCJ58CA,富興段富興小段,12.00,非都市：山坡地保育區 ; 非都市編定：丙種建築用地
RPUNMLLJNHMFFCJ58CA,富興段富興小段,5.00,非都市：山坡地保育區 ; 非都市編定：丙種建築用地
RPPNMLLJNHMFFCJ08CA,東寧段,15.36,都市：住
RPPNMLLJNHMFFCJ08CA,東寧段,59.00,都市：住
RPRNMLNJNHMFFDJ58CA,中義段,75.26,都市：住
RPRNMLMJNHMFFDJ48CA,員興段,19.16,非都市：山坡地保育區 ; 非都市編定：丙種建築用地
RPRNMLMJNHMFFDJ48CA,員興段,107.58,非都市：山坡地保育區 ; 非都市編定：丙種建築用地
RPRNMLMJNHMFFDJ48CA,員興段,23.48,非都市：山坡地保育區 ; 非都市編定：國土保安用地
RPRNMLMJNHMFFDJ48CA,員興段,.90,非都市：山坡地保育區 ; 非都市編定：丙種建築用地
RPRNMLMJNHMFFDJ48CA,員興段,.57,非都市：山坡地保育區 ; 非都市編定：丙種建築用地
RPUNMLSLMHMFFDJ86CA,東湖段,159.00,都市：住
RPRNMLLJNHMFFDJ38CA,建興段鳳凰小段,12.95,非都市：工業區 ; 非都市編定：丁種建築用地
RPUNMLPLNHMFFBJ09CA,永興段,43.86,都市：住
RPTOMLNJNHMFFDJ98DA,北湖段,37.20,都市：住
RPSNMLLLNHMFFDJ68CA,振興段,29.41,都市：住
RPTNMLLLNHMFFDJ78CA,坪頂段,22.57,非都市：鄉村區 ; 非都市編定：乙種建築用地
RPTNMLLLNHMFFDJ78CA,坪頂段,50.02,非都市：鄉村區 ; 非都市編定：乙種建築用地
RPXOMLOLNHMFFBJ96EA,照門段石門小段,41.57,非都市：山坡地保育區 ; 非都市編定：農牧用地
RPXOMLOLNHMFFBJ96EA,照門段石門小段,243.16,非都市：山坡地保育區 ; 非都市編定：農牧用地
RPXOMLOLNHMFFBJ96EA,照門段石門小段,36.28,非都市：山坡地保育區 ; 非都市編定：暫未編定
RPXOMLOLNHMFFBJ96EA,照門段石門小段,48.50,非都市：山坡地保育區 ; 非都市編定：農牧用地
RPXOMLOLNHMFFBJ96EA,黃梨園段,646.14,非都市：山坡地保育區 ; 非都市編定：農牧用地
RPSNMLLJNHMFFCJ58EA,竹東段竹東小段,59.00,都市：住
