編號,土地區段位置,土地移轉面積平方公尺,使用分區或編定
The serial number,land sector position,land shifting area square meter,the use zoning or compiles and checks
RPWRMLMJKHKFFAH38CA,大林段,.22,都市：工
RPQSMLMJKHKFFAH87CA,大林段,.22,都市：工
RPUQMLNJKHKFFAH18CA,中路段,45.36,都市：住
RPUQMLPJKHKFFAH38CA,興華段,271.00,都市：住
RPRQMLNJKHKFFAH87CA,慈文段,8.80,都市：住
RPXOMLNJKHKFFAH28CA,新埔段,27.85,都市：住
RPPPMLNJKHKFFAH57CA,富國段,17.77,都市：住
RPWOMLOJKHKFFAH28CA,大林段,7.48,都市：工
RPWOMLOJKHKFFAH28CA,大林段,.01,都市：工
RPRQMLPJKHKFFAH08CA,中路段,59.00,都市：工
RPPRMLNJKHKFFAH77CA,陸光段,27.89,都市：住
RPVOMLQJKHKFFAH38CA,富國段,180.00,都市：住
RPVNMLQJKHKFFAH28CA,大樹林段,24.38,都市：住
RPRNMLQJKHKFFAH87CA,同安段,17.40,都市：住
RPOOMLLKKHKFFAH27CA,富國段,.00,都市：住
RPOOMLLKKHKFFAH27CA,富國段,.79,都市：住
RPURMLLKKHKFFAH18CA,蔗園段,40.16,都市：工
RPTPMLQJKHKFFAH28CA,新埔段,62.90,都市：住
RPRRMLLKKHKFFAH87CA,蔗園段,39.83,都市：工
RPVRMLLKKHKFFAH28CA,蔗園段,47.40,都市：工
RPVPMLQJKHKFFAH48CA,龍鳳段,15.74,都市：住
RPVPMLQJKHKFFAH48CA,龍鳳段,.33,都市：住
RPVPMLQJKHKFFAH48CA,龍鳳段,.68,都市：住
RPVPMLQJKHKFFAH48CA,龍鳳段,.15,都市：住
RPXNMLPJKHKFFAH38CA,中埔段,492.00,都市：農
RPSNMLPJKHKFFAH87CA,龍華段,18.57,都市：住
RPSPMLLKKHKFFAH77CA,同安段,20.71,都市：住
RPSPMLLKKHKFFAH77CA,同安段,12.92,都市：住
RPOSMLLKKHKFFAH67CA,蔗園段,47.40,都市：工
RPXRMLLKKHKFFAH48CA,蔗園段,47.40,都市：工
RPPSMLLKKHKFFAH77CA,蔗園段,47.73,都市：工
RPTSMLLKKHKFFAH18CA,蔗園段,39.83,都市：工
RPRSMLLKKHKFFAH97CA,蔗園段,39.83,都市：工
RPUSMLLKKHKFFAH28CA,蔗園段,47.73,都市：工
RPTPMLQKKHKFFAH38CA,大有段,10.21,都市：住
RPTTMLQKKHKFFAH78CA,新埔段,20.65,都市：住
RPTOMLQKKHKFFAH28CA,幸褔段,14.92,非都市：鄉村區 ; 非都市編定：乙種建築用地
RPSPMLNJKHKFFBH97CA,新興段,26.34,都市：農
RPSPMLNJKHKFFBH97CA,新興段,316.00,都市：農
RPWOMLNJKHKFFBH28CA,新坡段,1379.00,非都市：特定農業區 ; 非都市編定：農牧用地
RPVPMLNJKHKFFBH28CA,普義段,98.00,都市：工
RPQOMLQJKHKFFBH97CA,山下段,18.00,非都市：特定農業區 ; 非都市編定：水利用地
RPXOMLMKLHKFFAH38CA,國聖段,15.31,都市：住
RPTNNLQKKHKFFAH28CA,富國段,16.94,都市：住
RPXNMLQJKHKFFBH58CA,山下段,90.00,非都市：特定農業區 ; 非都市編定：水利用地
RPOOMLQJKHKFFBH77CA,山下段,65.00,非都市：特定農業區 ; 非都市編定：水利用地
RPOOMLQJKHKFFBH77CA,山下段,29.00,非都市：特定農業區 ; 非都市編定：水利用地
RPTNMLTJKHKFFBH48CA,三座屋段舊社小段,33.08,都市：住
RPPNMLMJLHKFFAH37CA,桃鶯段,70.35,都市：住
RPVQMLOLKHKFFAH58CA,中路段,9.99,都市：住
RPSNMLOLKHKFFAH97CA,大樹林段,6.69,都市：商
RPPSMLKKKHKFFBH77CA,大湖段,830.40,非都市：特定農業區 ; 非都市編定：農牧用地
RPPPMLLKLHKFFAH57CA,龍鳳段,23.88,都市：住
RPOQMLNKKHKFFBH77CA,忠孝段,66.00,都市：住
RPVQMLNKKHKFFBH48CA,東寮段,22.88,都市：住
RPUQMLNKKHKFFBH38CA,東寮段,25.19,都市：住
RPWQMLNKKHKFFBH58CA,東寮段,28.73,都市：住
RPVQMLQKKHKFFBH78CA,大湖段,59.24,非都市：鄉村區 ; 非都市編定：乙種建築用地
RPORMLQKKHKFFBH18CA,草新段,23.82,都市：住
RPORMLQKKHKFFBH18CA,草新段,58.50,都市：住
RPQNMLTJKHKFFCH28CA,中庄段中庄小段,2315.00,非都市：特定農業區 ; 非都市編定：農牧用地
RPSNMLTJKHKFFBH38CA,石頭段,5.75,都市：商
RPSNMLTJKHKFFBH38CA,石頭段,11.75,都市：商
RPUNMLNJKHKFFDH18CA,長岡嶺段,45.59,非都市：山坡地保育區 ; 非都市編定：丙種建築用地
RPOOMLNJKHKFFCH57CA,三元段,42.74,非都市：鄉村區 ; 非都市編定：乙種建築用地
RPOOMLOJKHKFFCH67CA,逸園段,11.80,非都市：鄉村區 ; 非都市編定：乙種建築用地
RPOOMLOJKHKFFCH67CA,逸園段,84.27,非都市：一般農業區 ; 非都市編定：甲種建築用地
RPVNMLQJKHKFFDH58CA,幼獅段,12.52,都市：住
RPUNMLQJKHKFFDH48CA,二重溪段,9.75,都市：住
RPUNMLQJKHKFFDH48CA,二重溪段,84.00,都市：住
RPWOMLOJKHKFFDH58CA,頭洲段,11.75,都市：住
RPWOMLOJKHKFFDH58CA,頭洲段,57.99,都市：住
RPWOMLOJKHKFFDH58CA,頭洲段,21.94,都市：住
RPWOMLOJKHKFFDH58CA,頭洲段,24.65,都市：住
RPWOMLOJKHKFFDH58CA,頭洲段,19.66,都市：住
RPWPMLPJKHKFFDH78CA,下田心子段下田心子小段,1960.00,非都市：特定農業區 ; 非都市編定：農牧用地
RPWPMLPJKHKFFDH78CA,下田心子段下田心子小段,1960.00,非都市：特定農業區 ; 非都市編定：農牧用地
RPWPMLPJKHKFFDH78CA,下田心子段下田心子小段,1960.00,非都市：特定農業區 ; 非都市編定：農牧用地
RPWPMLPJKHKFFDH78CA,下田心子段下田心子小段,1960.00,非都市：特定農業區 ; 非都市編定：農牧用地
RPROMLQJKHKFFDH28CA,草湳坡段埔心小段,6.01,都市：住
RPXOMLQJKHKFFDH88CA,大金山下段大金山下小段,27.00,都市：住
RPXOMLQJKHKFFDH88CA,大金山下段大金山下小段,56.00,都市：住
RPPNMLTJKHKFFDH28CA,長岡嶺段,46.38,非都市：山坡地保育區 ; 非都市編定：丙種建築用地
RPTPMLQJKHKFFDH58CA,草湳坡段草湳坡小段,74.00,都市：住
RPTPMLQJKHKFFDH58CA,草湳坡段草湳坡小段,59.00,都市：住
RPQNMLPLKHKFFCH08CA,紅橋段,33.12,都市：商
RPUQMLNKKHKFFCH48CA,仁善段,32.43,都市：住
RPQQMLNKKHKFFCH08CA,石門段,78.00,都市：住
RPQQMLNKKHKFFCH08CA,石門段,21.23,都市：住
RPRNMLKKKHKFFDH67CA,石磊子段水流小段,1000.00,非都市：特定農業區 ; 非都市編定：農牧用地
RPXOMLOLKHKFFDH88CA,高上段,115.03,非都市：一般農業區 ; 非都市編定：甲種建築用地
RPSPMLNJKHKFFEH28CA,沙崙段沙崙小段,1200.00,非都市：一般農業區 ; 非都市編定：農牧用地
RPXQMLQKKHKFFBH98CA,草新段,74.70,都市：住
RPPNMLKKKHKFFDH47CA,二重溪段,13.37,非都市：山坡地保育區 ; 非都市編定：丙種建築用地
RPTNMLKKKHKFFDH87CA,長岡嶺段,35.00,非都市：山坡地保育區 ; 非都市編定：丙種建築用地
RPPOMLLKKHKFFDH67CA,二重溪段,40.92,都市：工
RPPOMLLKKHKFFDH67CA,二重溪段,1.94,都市：工
RPWNMLRKKHKFFDH88CA,楊梅段,24.79,都市：住
RPSNMLKKKHKFFDH77CA,梅園段,66.33,非都市：山坡地保育區 ; 非都市編定：丙種建築用地
RPWNMLPKKHKFFDH68CA,頭重溪段,14.54,都市：住
RPUOMLKKKHKFFEH18CA,南新段,6.95,都市：其他
RPPPMLMKKHKFFEH97CA,新福段,21.10,都市：其他
RPVNMLQKKHKFFEH78CA,錦興段,23.69,都市：住
RPQPMLMKKHKFFEH08CA,新福段,189.90,都市：其他
RPQPMLMKKHKFFEH08CA,文中段,431.92,都市：其他
RPTPMLQKKHKFFEH78CA,坑子外段外社小段,54.00,非都市：一般農業區 ; 非都市編定：農牧用地
RPQOMLOJKHKFFEH08CA,河底段,20.84,都市：住
RPRNMLOJKHKFFEH08CA,大興段,28.27,都市：住
RPWNMLQKKHKFFEH88CA,錦興段,16.98,都市：住
RPSOMLOJKHKFFEH28CA,開南段,28.86,非都市：特定農業區 ; 非都市編定：甲種建築用地
RPWNMLNKKHKFFEH58CA,中園段,45.04,都市：住
RPROMLLKKHKFFEH97CA,南崁段,33.64,都市：住
RPUNMLPLLHKFFDH68CA,草湳坡段埔心小段,26.10,都市：住
RPPNMLOLKHKFFEH08CA,南園段,76.05,都市：住
RPVOMLMJLHKFFEH48CA,青峰段,28.12,都市：住
RPTOMLMJLHKFFEH28CA,青峰段,28.42,都市：住
RPXOMLMJLHKFFEH68CA,青峰段,28.12,都市：住
RPXNMLMJLHKFFEH58CA,青峰段,28.42,都市：住
RPOPMLMJLHKFFEH87CA,青峰段,28.12,都市：住
RPTNMLMJLHKFFEH18CA,青峰段,28.42,都市：住
RPPOMLMJLHKFFEH87CA,青峰段,28.42,都市：住
RPRPMLMJLHKFFEH18CA,青峰段,34.47,都市：住
RPUPMLMJLHKFFEH48CA,青峰段,28.42,都市：住
RPWPMLMJLHKFFEH68CA,青峰段,28.42,都市：住
RPQPMLMJLHKFFEH08CA,青峰段,33.86,都市：住
RPPQMLMJLHKFFEH08CA,青峰段,23.88,都市：住
RPRQMLMJLHKFFEH28CA,青峰段,33.86,都市：住
RPQQMLMJLHKFFEH18CA,青峰段,23.88,都市：住
RPSQMLMJLHKFFEH38CA,青峰段,28.12,都市：住
RPSNMLLKKHKFFFH08CA,高城段,10.38,都市：住
RPVOMLLKKHKFFFH48CA,豐田段,26.92,都市：住
RPUNMLLKKHKFFFH28CA,豐田段,35.90,都市：住
RPWOMLLKKHKFFFH58CA,豐田段,26.92,都市：住
RPTPMLLKKHKFFFH38CA,豐田段,34.10,都市：住
RPXOMLLKKHKFFFH68CA,豐田段,26.92,都市：住
RPUNMLQJKHKFFFH68CA,豐田段,32.95,都市：住
RPPPMLLKKHKFFFH97CA,豐田段,26.92,都市：住
RPTRMLLKKHKFFFH58CA,豐田段,35.00,都市：住
RPSTMLLKKHKFFFH68CA,高城段,18.84,都市：住
RPWPMLPJKHKFFGH09CA,福林段,20.40,都市：住
RPWPMLPJKHKFFGH09CA,福林段,23.83,都市：其他
RPWPMLPJKHKFFGH09CA,福林段,249.95,都市：其他
RPWPMLPJKHKFFGH09CA,福林段,3371.53,都市：住
RPWPMLPJKHKFFGH09CA,福林段,.24,都市：其他
RPWSMLMJKHKFFGH09CA,湧星段,98.16,都市：住
RPQPMLNJKHKFFGH28CA,平德段,75.32,非都市：鄉村區 ; 非都市編定：乙種建築用地
RPUNMLRJKHKFFGH88CA,宋屋段高山下小段,38.83,都市：住
RPVNMLRJKHKFFGH98CA,宋屋段高山下小段,38.91,都市：住
RPSNMLRJKHKFFGH68CA,宋屋段高山下小段,38.83,都市：住
TPSNMLRJKHKFFGH88CA,宋屋段高山下小段,33.14,都市：住
SPSNMLRJKHKFFGH78CA,宋屋段高山下小段,33.14,都市：住
RPOPMLKKKHKFFGH87CA,新北段,27.46,非都市：鄉村區 ; 非都市編定：乙種建築用地
RPQNMLNKKHKFFGH18CA,東豐段,27.28,都市：住
RPQNMLNKKHKFFGH18CA,東豐段,.40,都市：住
RPXNMLQKKHKFFFH09CA,豐田段,20.32,都市：住
RPUNMLNKKHKFFGH58CA,東豐段,31.70,都市：住
RPUNMLNKKHKFFGH58CA,東豐段,.40,都市：住
RPOOMLQKKHKFFFH28CA,豐田段,29.17,都市：住
RPXNMLNKKHKFFGH88CA,東豐段,35.31,都市：住
RPXNMLNKKHKFFGH88CA,東豐段,.40,都市：住
RPWNMLNKKHKFFGH78CA,東豐段,35.31,都市：住
RPWNMLNKKHKFFGH78CA,東豐段,.40,都市：住
RPRNMLNKKHKFFGH28CA,東豐段,27.28,都市：住
RPPNMLNKKHKFFGH08CA,東豐段,30.49,都市：住
RPRNMLNKKHKFFGH28CA,東豐段,.40,都市：住
RPPNMLNKKHKFFGH08CA,東豐段,.80,都市：住
RPSNMLNKKHKFFGH38CA,東豐段,27.28,都市：住
RPSNMLNKKHKFFGH38CA,東豐段,.40,都市：住
RPQOMLNKKHKFFGH28CA,東豐段,26.48,都市：住
RPOOMLNKKHKFFGH08CA,東豐段,26.48,都市：住
RPQOMLNKKHKFFGH28CA,東豐段,.40,都市：住
RPOOMLNKKHKFFGH08CA,東豐段,.40,都市：住
RPTPMLLKKHKFFAH97DA,中平段,14.01,都市：住
RPSROLMKKHKFFGH88CA,山子頂段,51.00,都市：其他
RPSROLMKKHKFFGH88CA,山子頂段,223.20,都市：其他
RPSROLMKKHKFFGH88CA,山子頂段,319.20,都市：住
RPSROLMKKHKFFGH88CA,山子頂段,164.40,都市：其他
RPSROLMKKHKFFGH88CA,山子頂段,198.00,都市：其他
RPSROLMKKHKFFGH88CA,山子頂段,28.20,都市：其他
RPSROLMKKHKFFGH88CA,山子頂段,9.00,都市：其他
RPSROLMKKHKFFGH88CA,山子頂段,65.40,都市：其他
RPSROLMKKHKFFGH88CA,山子頂段,42.00,都市：住
RPSROLMKKHKFFGH88CA,山子頂段,18.60,都市：其他
RPPPMLOJLHKFFBH97DA,興南段興南小段,333.67,都市：其他
RPWQMLNKKHKFFAH58DA,國聖段,25.99,都市：住
RPUNMLMJKHKFFDH18DA,二重溪段,343.00,非都市：山坡地保育區 ; 非都市編定：丙種建築用地
RPQOMLOJKHKFFAH77DA,富國段,10.78,都市：住
RPSOMLNJKHKFFDH18DA,二重溪段,56.75,非都市：山坡地保育區 ; 非都市編定：丙種建築用地
RPQNMLNJKHKFFEH97DA,坑子口段頭前小段,109.48,非都市：工業區 ; 非都市編定：農牧用地
RPQNMLNJKHKFFEH97DA,坑子口段頭前小段,44.10,非都市：工業區 ; 非都市編定：農牧用地
RPQNMLNJKHKFFEH97DA,坑子口段頭前小段,243.20,非都市：工業區 ; 非都市編定：農牧用地
RPQNMLNJKHKFFEH97DA,坑子口段頭前小段,105.60,非都市：工業區 ; 非都市編定：農牧用地
RPROMLNJKHKFFFH28DA,興仁段,13.21,都市：商
RPSNMLQJKHKFFCH28DA,番子寮段,1248.00,非都市：一般農業區 ; 非都市編定：農牧用地
RPSNMLQJKHKFFCH28DA,番子寮段,1404.00,非都市：一般農業區 ; 非都市編定：農牧用地
RPTNMLQJKHKFFCH38DA,番子寮段,205.50,非都市：一般農業區 ; 非都市編定：農牧用地
RPSOMLQLKHKFFAH48EA,新埔段,5.57,都市：住
RPWOMLNJKHKFFAH38EA,慈文段,16.54,都市：住
RPTOMLMJLHKFFGH48CA,東北段,57.25,都市：住
RPVOMLQLKHKFFAH78EA,埔子段埔子小段,.27,都市：住
RPSNMLPLKHKFFDH48DA,頂湖段,8.39,都市：農
RPRNMLPLKHKFFDH38DA,頂湖段,81.12,都市：農
RPSOMLTJLHKFFGH09CA,南勢段,.43,都市：住
RPSOMLTJLHKFFGH09CA,南勢段,81.99,都市：住
RPSOMLTJLHKFFGH09CA,南勢段,.36,都市：住
RPUOMLQKLHKFFBH68DA,忠愛段,781.00,非都市：特定農業區 ; 非都市編定：農牧用地
RPXPMLPJKHKFFDH09EA,新明段,138.13,都市：住
RPXPMLPJKHKFFDH09EA,新明段,78.64,都市：住
RPSOMLPJKHKFFEH58EA,六福段,13.70,都市：住
RPPOMLPJKHKFFDH18EA,長岡嶺段,95.86,非都市：山坡地保育區 ; 非都市編定：丙種建築用地
RPPQMLRKKHKFFAH38EA,大樹林段,121.00,都市：住
RPPQMLRKKHKFFAH38EA,大樹林段,1.00,都市：住
RPUOMLPJKHKFFAH38EA,南崁頂段大坑小段,507.67,都市：其他
RPVOMLNJKHKFFGH78DA,西社段,73.52,都市：住
RPVOMLNJKHKFFGH78DA,西社段,11.88,都市：其他
RPTOMLMJKHKFFBH97DA,自立段,33.88,都市：住
RPVNMLQJLHKFFBH68EA,後興段,7.65,都市：其他
RPVNMLQJLHKFFBH68EA,後興段,37.81,都市：其他
RPVPMLNJKHKFFGH88DA,雙連段,84.18,都市：住
RPROMLQJLHKFFBH38EA,遠東段,3.22,都市：住
RPOOMLMJLHKFFCH77EA,介壽段,15.90,非都市：一般農業區 ; 非都市編定：林業用地
RPOOMLMJLHKFFCH77EA,介壽段,2.93,非都市：鄉村區 ; 非都市編定：乙種建築用地
RPOOMLMJLHKFFCH77EA,介壽段,.85,非都市：鄉村區 ; 非都市編定：乙種建築用地
RPOOMLMJLHKFFCH77EA,員林段,3.35,非都市：鄉村區 ; 非都市編定：乙種建築用地
RPUOMLNKLHKFFAH38EA,新埔段,81.00,都市：住
RPUNMLMLMHKFFAH38EA,埔子段北門埔子小段,61.00,都市：住
RPVNMLOJKHKFFEH58DA,羊稠段,42.66,都市：住
RPUOMLMJLHKFFEH48DA,五塊厝段下埔小段,55.00,非都市：特定農業區 ; 非都市編定：甲種建築用地
RPUOMLMJLHKFFEH48DA,五塊厝段下埔小段,23.49,非都市：特定農業區 ; 非都市編定：甲種建築用地
RPROMLMJLHKFFEH18DA,五塊厝段下埔小段,55.00,非都市：特定農業區 ; 非都市編定：甲種建築用地
RPROMLMJLHKFFEH18DA,五塊厝段下埔小段,23.49,非都市：特定農業區 ; 非都市編定：甲種建築用地
RPPPMLMJLHKFFEH08DA,五塊厝段下埔小段,55.00,非都市：特定農業區 ; 非都市編定：甲種建築用地
RPPPMLMJLHKFFEH08DA,五塊厝段下埔小段,23.49,非都市：特定農業區 ; 非都市編定：甲種建築用地
RPXQMLMJLHKFFEH98DA,五塊厝段下埔小段,55.00,非都市：特定農業區 ; 非都市編定：甲種建築用地
RPXQMLMJLHKFFEH98DA,五塊厝段下埔小段,21.02,非都市：特定農業區 ; 非都市編定：甲種建築用地
RPWOMLPJKHKFFFH98DA,明智段,19.61,都市：住
RPRNMLPJKHKFFBH97DA,忠愛段,1010.00,非都市：特定農業區 ; 非都市編定：農牧用地
RPRNMLPJKHKFFBH97DA,忠愛段,2000.00,非都市：特定農業區 ; 非都市編定：農牧用地
RPSRMLMKKHKFFBH28DA,復興段,376.56,都市：住
RPSRMLMKKHKFFBH28DA,復興段,409.84,都市：住
RPQRMLMJLHKFFEH38DA,五塊厝段下埔小段,83.00,非都市：特定農業區 ; 非都市編定：甲種建築用地
RPQRMLMJLHKFFEH38DA,五塊厝段下埔小段,31.71,非都市：特定農業區 ; 非都市編定：甲種建築用地
RPWOMLPJKHKFFEH88DA,羊稠段,16.99,都市：住
RPTPMLPJKHKFFBH38DA,富台段,10.44,都市：住
RPORMLNKKHKFFAH87DA,國聖段,23.10,都市：住
RPPOMLQLKHKFFEH48DA,五塊厝段下埔小段,62.00,非都市：特定農業區 ; 非都市編定：甲種建築用地
RPPOMLQLKHKFFEH48DA,五塊厝段下埔小段,14.02,非都市：特定農業區 ; 非都市編定：甲種建築用地
RPROMLOJKHKFFAH87DA,新埔段,17.90,都市：住
RPUOMLTJKHKFFBH78DA,復興段,17.72,都市：住
RPXOMLTJKHKFFBH09DA,中寮段,24.96,都市：住
RPWPMLTJKHKFFBH09DA,忠孝段,11.46,都市：住
RPVPMLTJKHKFFBH98DA,普義段,15.34,都市：住
RPTOMLOJKHKFFAH08DA,新埔段,7.90,都市：住
RPRQMLQJKHKFFBH38DA,仁美段,15.00,都市：商
RPTOMLQJLHKFFFH98EA,茄明段,13.19,都市：住
RPSOMLOJKHKFFAH97DA,新埔段,16.26,都市：住
RPUOMLLMLHKFFFH88EA,福興段,23.75,都市：商
RPROMLNKKHKFFGH38CA,東豐段,26.48,都市：住
RPROMLNKKHKFFGH38CA,東豐段,.40,都市：住
RPSOMLNKKHKFFGH48CA,東豐段,26.48,都市：住
RPSOMLNKKHKFFGH48CA,東豐段,.40,都市：住
RPUOMLTJLHKFFGH66CA,南勢段,.43,都市：住
RPUOMLTJLHKFFGH66CA,南勢段,86.50,都市：住
RPUOMLTJLHKFFGH66CA,南勢段,.36,都市：住
RPPNMLPKKHKFFGH28CA,興湧段,59.22,都市：住
RPTNMLLKKHKFFGH28CA,平鎮段,13.55,都市：商
RPVOMLNKKHKFFGH78CA,東豐段,36.11,都市：住
RPVOMLNKKHKFFGH78CA,東豐段,.40,都市：住
RPVNMLLKKHKFFGH48CA,平鎮段,9.98,都市：商
RPTOMLNKKHKFFGH58CA,東豐段,26.48,都市：住
RPTOMLNKKHKFFGH58CA,東豐段,.40,都市：住
RPPNMLOJKHKFFGH08CA,廣東段,7.63,都市：住
RPUOMLTJKHKFFGH56CA,賦北段,364.29,都市：農
RPQNMLOJKHKFFGH18CA,北興段,1.64,都市：住
RPQNMLOJKHKFFGH18CA,北興段,2.76,都市：住
RPQNMLOJKHKFFGH18CA,北興段,.11,都市：住
RPQNMLOJKHKFFGH18CA,北興段,.37,都市：住
RPUPMLRKKHKFFGH56CA,廣豐段,32.48,都市：住
RPVNMLTJKHKFFGH56CA,賦梅段,1002.54,都市：農
RPWNMLTJKHKFFGH66CA,賦梅段,1002.57,都市：農
RPUOMLQJKHKFFFH78CA,福興段,21.80,都市：住
RPOOMLRKKHKFFFH38CA,前程段,27.25,都市：住
RPROMLOJKHKFFGH38CA,東豐段,44.04,都市：住
RPPRMLQKKHKFFFH68CA,高城段,16.03,都市：住
RPTNMLOJKHKFFGH48CA,北興段,1.64,都市：住
RPTNMLOJKHKFFGH48CA,北興段,2.76,都市：住
RPTNMLOJKHKFFGH48CA,北興段,.11,都市：住
RPTNMLOJKHKFFGH48CA,北興段,.37,都市：住
RPSNMLTJKHKFFFH78CA,明智段,53.97,都市：住
RPSNMLTJKHKFFFH78CA,明智段,2.86,都市：住
RPTNMLTJKHKFFFH88CA,明智段,46.05,都市：住
RPTNMLTJKHKFFFH88CA,明智段,2.86,都市：住
RPUNMLTJKHKFFFH98CA,明智段,53.97,都市：住
RPUNMLTJKHKFFFH98CA,明智段,2.86,都市：住
RPOOMLLKKHKFFEH67CA,河底段,14.20,都市：住
RPXNMLLKKHKFFEH48CA,許厝港段,26.38,非都市：一般農業區 ; 非都市編定：甲種建築用地
RPROMLOJKHKFFEH18CA,河底段,25.25,都市：住
RPRNMLKKKHKFFEH77CA,竹圍段田寮小段,394.00,非都市：一般農業區 ; 非都市編定：農牧用地
RPRNMLKKKHKFFEH77CA,竹圍段田寮小段,14.67,非都市：一般農業區 ; 非都市編定：農牧用地
RPPOMLPJKHKFFFH18CA,茄明段,9.22,都市：住
RPVPMLNJKHKFFEH58CA,山鼻段,13.14,都市：其他
RPPNMLOJKHKFFEH87CA,青峰段,51.42,都市：住
RPQOMLOJKHKFFGH28CA,興湧段,60.71,都市：住
RPTOMLTJKHKFFEH88CA,橫山段湳子小段,1859.00,都市：農
RPROMLMJLHKFFFH18CA,茄明段,23.74,都市：住
RPSOMLMJLHKFFFH28CA,茄明段,23.74,都市：住
RPXNMLPLKHKFFEH98CA,客運一段,716.76,都市：住
RPOOMLPLKHKFFEH18CA,客運一段,716.76,都市：住
RPOOMLPJKHKFFEH97CA,青峰段,49.09,都市：住
RPROMLPJKHKFFEH28CA,河底段,14.20,都市：住
RPPNMLPJKHKFFEH97CA,德林段,51.60,非都市：特定農業區 ; 非都市編定：農牧用地
RPSNMLPKKHKFFDH28CA,草湳坡段埔心小段,30.79,都市：住
RPRPMLNJKHKFFEH18CA,文中段,264.43,都市：其他
RPPPMLNJKHKFFEH97CA,文中段,102.45,都市：其他
RPPPMLNJKHKFFEH97CA,文中段,239.82,都市：其他
RPUNMLKKKHKFFDH97CA,大金山下段大金山下小段,26.40,都市：住
RPUNMLKKKHKFFDH97CA,大金山下段大金山下小段,73.00,都市：住
RPUNMLKKKHKFFDH97CA,大金山下段大金山下小段,1.38,都市：住
RPUNMLKKKHKFFDH97CA,大金山下段大金山下小段,7.20,都市：其他
RPVNMLNJKHKFFDH28CA,幼獅段,259.82,非都市：工業區 ; 非都市編定：丁種建築用地
RPPNMLQJKHKFFEH08CA,青峰段,43.37,都市：住
RPPPMLQJKHKFFDH18CA,大牛欄段大牛欄小段,2280.00,非都市：一般農業區 ; 非都市編定：農牧用地
RPSNMLMKKHKFFDH97CA,石磊子段石磊子小段,112.00,非都市：特定農業區 ; 非都市編定：甲種建築用地
RPROMLNJKHKFFDH97CA,大金山下段大金山下小段,33.45,都市：住
RPROMLNJKHKFFDH97CA,大金山下段大金山下小段,87.00,都市：住
RPTOMLOJKHKFFDH28CA,二重溪段,764.00,都市：農
RPXNMLNKKHKFFCH48CA,仁善段,210.30,都市：住
RPSOMLOJKHKFFDH18CA,二重溪段,45.00,都市：工
RPSOMLOJKHKFFDH18CA,二重溪段,2082.00,都市：工
RPSNMLTJKHKFFDH58CA,頭重溪段,20.53,都市：住
RPUOMLOJKHKFFDH38CA,富九段,34.54,非都市：特定農業區 ; 非都市編定：甲種建築用地
RPUOMLOJKHKFFDH38CA,富九段,325.02,非都市：特定農業區 ; 非都市編定：甲種建築用地
RPUOMLOJKHKFFDH38CA,富九段,131.60,非都市：特定農業區 ; 非都市編定：農牧用地
RPVNMLNKKHKFFCH28CA,烏塗窟段,2500.00,非都市：山坡地保育區 ; 非都市編定：農牧用地
RPQPMLOJKHKFFCH97CA,三層段尾寮小段,385.00,非都市：鄉村區 ; 非都市編定：乙種建築用地
RPQPMLOJKHKFFCH97CA,三層段尾寮小段,15.00,非都市：鄉村區 ; 非都市編定：乙種建築用地
RPSNMLOJKHKFFCH97CA,新烏樹林段,456.53,非都市：一般農業區 ; 非都市編定：甲種建築用地
RPSNMLOJKHKFFCH97CA,新烏樹林段,55.32,非都市：一般農業區 ; 非都市編定：甲種建築用地
RPSNMLOJKHKFFCH97CA,新烏樹林段,27.73,非都市：一般農業區 ; 非都市編定：甲種建築用地
RPSNMLOJKHKFFCH97CA,新烏樹林段,1.18,非都市：一般農業區 ; 非都市編定：甲種建築用地
RPSNMLOJKHKFFCH97CA,新烏樹林段,43.06,非都市：一般農業區 ; 非都市編定：甲種建築用地
RPSNMLOJKHKFFCH97CA,新烏樹林段,.13,非都市：一般農業區 ; 非都市編定：甲種建築用地
RPXNMLOLKHKFFCH68CA,竹頭角段,46307.42,都市：其他
RPXNMLOLKHKFFCH68CA,竹頭角段,25555.94,都市：其他
RPXNMLOLKHKFFCH68CA,竹頭角段,9009.01,都市：其他
RPXNMLOLKHKFFCH68CA,竹頭角段,284.54,都市：其他
RPXNMLOLKHKFFCH68CA,竹頭角段,360.40,都市：其他
RPRPMLOJKHKFFCH08CA,三層段尾寮小段,99.00,非都市：鄉村區 ; 非都市編定：乙種建築用地
RPRPMLOJKHKFFCH08CA,三層段尾寮小段,93.00,非都市：鄉村區 ; 非都市編定：乙種建築用地
RPQOMLPJKHKFFCH97CA,打鐵坑段,3130.00,非都市：山坡地保育區 ; 非都市編定：農牧用地
RPQOMLPJKHKFFCH97CA,打鐵坑段,585.00,非都市：山坡地保育區 ; 非都市編定：農牧用地
RPOOMLRKKHKFFBH97CA,中原段,17.32,都市：其他
RPROMLQKKHKFFBH18CA,三座屋段舊社小段,7.28,都市：住
RPSNMLQKKHKFFDH38CA,十五間段十五間小段,1.00,非都市：特定農業區 ; 非都市編定：殯葬用地
RPSOMLMJLHKFFCH97CA,三層段八結小段,331.65,非都市：風景區 ; 非都市編定：交通用地
RPUOMLMJLHKFFCH18CA,三層段十三份小段,1513.00,非都市：山坡地保育區 ; 非都市編定：暫未編定
RPTNMLOJLHKFFDH28CA,永寧段,30.42,非都市：山坡地保育區 ; 非都市編定：丙種建築用地
RPTNMLOJLHKFFDH28CA,永寧段,94.89,非都市：山坡地保育區 ; 非都市編定：丙種建築用地
RPTNMLOJLHKFFDH28CA,永寧段,.22,非都市：山坡地保育區 ; 非都市編定：丙種建築用地
RPXPMLTJKHKFFBH09CA,崇德段,136.78,非都市：特定農業區 ; 非都市編定：農牧用地
RPXPMLTJKHKFFBH09CA,崇德段,17.90,非都市：特定農業區 ; 非都市編定：農牧用地
RPXPMLTJKHKFFBH09CA,崇德段,74.26,非都市：特定農業區 ; 非都市編定：農牧用地
RPOSMLKKKHKFFBH67CA,石頭段,19.40,都市：住
RPPQMLKKKHKFFBH57CA,遠東段,15.18,都市：住
RPVNMLMKKHKFFBH08CA,培英段,25.71,都市：住
RPUNMLMKKHKFFBH97CA,培英段,31.69,都市：住
RPTSMLLKKHKFFBH28CA,石頭段,27.53,都市：商
RPVSMLLKKHKFFBH48CA,青平段,14.87,都市：商
RPURMLLKKHKFFBH28CA,興南段中壢老小段,10.00,都市：其他
RPQNMLTJKHKFFBH18CA,中壢埔頂段,9.73,都市：住
RPPNMLTJKHKFFBH08CA,內壢段,28.43,非都市：特定農業區 ; 非都市編定：甲種建築用地
RPWRMLLKKHKFFBH48CA,興南段興南小段,5.79,都市：商
RPPPMLQJKHKFFBH97CA,大湖段,996.39,非都市：特定農業區 ; 非都市編定：農牧用地
RPWTMLLKKHKFFBH68CA,青平段,20.12,都市：商
RPSTMLLKKHKFFBH28CA,自立段,6.90,都市：其他
RPRPMLMKKHKFFBH87CA,青溪段,19.32,都市：住
RPRPMLMKKHKFFBH87CA,青溪段,9.61,都市：住
RPRPMLMKKHKFFBH87CA,青溪段,67.38,都市：住
RPRPMLMKKHKFFBH87CA,青溪段,2.96,都市：住
RPTSMLOJKHKFFBH48CA,自立段,17.29,都市：住
RPWPMLOLKHKFFBH68CA,興南段公坡小段,30.22,都市：住
RPTPMLNJKHKFFBH08CA,五權段,15.17,都市：其他
RPVOMLPJKHKFFBH38CA,雙嶺段,228.69,都市：住
RPVOMLPJKHKFFBH38CA,雙嶺段,228.78,都市：住
RPXPMLQJKHKFFBH78CA,前寮段,12.51,都市：住
RPVNMLPJKHKFFBH28CA,中寮段,10.34,都市：住
RPOOMLPJKHKFFBH67CA,三座屋段舊社小段,6.48,都市：住
RPSRMLOJKHKFFBH28CA,新興段,128.66,都市：農
RPSRMLOJKHKFFBH28CA,新興段,1.13,都市：其他
RPSRMLOJKHKFFBH28CA,新興段,561.78,都市：農
RPSRMLOJKHKFFBH28CA,新興段,578.06,都市：農
RPSQMLQJKHKFFBH38CA,榮民段,123.94,都市：住
RPVPMLOJKHKFFBH38CA,中原段,18.84,都市：住
RPOPMLOJKHKFFBH67CA,後寮段,12.01,都市：住
RPOOMLQKKHKFFAH77CA,成功段,24.81,都市：住
RPOOMLQKKHKFFAH77CA,成功段,6.32,都市：其他
RPRNMLSLKHKFFAH28CA,中正段,543.60,都市：其他
RPRNMLSLKHKFFAH28CA,延壽段,21.60,都市：其他
RPRNMLSLKHKFFAH28CA,江南段,2.07,都市：其他
RPRNMLSLKHKFFAH28CA,江南段,8.16,都市：其他
RPRNMLSLKHKFFAH28CA,龍祥段,36.21,都市：其他
RPWSMLLKKHKFFAH48CA,蔗園段,39.83,都市：工
RPSRMLOJKHKFFAH18CA,建國段,10.78,都市：住
RPSRMLOJKHKFFAH18CA,建國段,7.33,都市：住
RPXOMLPJLHKFFAH58CA,三聖段,74.71,都市：住
RPVNMLOJKHKFFAH08CA,兔子坑段大湖頂小段,39.61,非都市：山坡地保育區 ; 非都市編定：農牧用地
RPWNMLQJKHKFFAH38CA,東嶺段,26.18,非都市：鄉村區 ; 非都市編定：乙種建築用地
RPTOMLPJKHKFFAH08CA,皮寮段,5.00,都市：其他
RPTOMLPJKHKFFAH08CA,皮寮段,53.50,都市：其他
RPTOMLPJKHKFFAH08CA,皮寮段,13.00,都市：其他
RPTOMLPJKHKFFAH08CA,皮寮段,25.51,都市：農
RPTOMLPJKHKFFAH08CA,皮寮段,12.24,都市：其他
RPTOMLPJKHKFFAH08CA,皮寮段,31.33,都市：農
RPTOMLPJKHKFFAH08CA,皮寮段,11.75,都市：農
RPTOMLPJKHKFFAH08CA,皮寮段,14.17,都市：農
RPTOMLPJKHKFFAH08CA,皮寮段,11.59,都市：農
RPUOMLPJKHKFFAH18CA,皮寮段,53.50,都市：其他
RPUOMLPJKHKFFAH18CA,皮寮段,13.00,都市：其他
RPUOMLPJKHKFFAH18CA,皮寮段,25.51,都市：農
RPUOMLPJKHKFFAH18CA,皮寮段,12.24,都市：其他
RPUOMLPJKHKFFAH18CA,皮寮段,31.33,都市：農
RPUOMLPJKHKFFAH18CA,皮寮段,11.75,都市：農
RPUOMLPJKHKFFAH18CA,皮寮段,14.17,都市：農
RPUOMLPJKHKFFAH18CA,皮寮段,11.59,都市：農
RPURMLOJKHKFFAH38CA,福元段,15.85,都市：住
RPUNMLQJKHKFFAH18CA,興華段,32.00,都市：其他
RPWNMLMJLHKFFAH08CA,富國段,29.70,都市：住
RPWNMLOJKHKFFAH18CA,忠義段,69.45,都市：住
RPWNMLOJKHKFFAH18CA,忠義段,5.79,都市：住
RPWNMLOJKHKFFAH18CA,忠義段,10.86,都市：住
RPWPMLMJLHKFFAH28CA,大林段,6.65,都市：工
RPWPMLMJLHKFFAH28CA,大林段,.00,都市：工
RPXRMLNKKHKFFAH68CA,小檜溪段,73.00,都市：住
RPWRMLNKKHKFFAH58CA,小檜溪段,72.00,都市：住
RPPQMLPJKHKFFAH87CA,大有段,162.30,都市：住
RPTNMLTJKHKFFAH38CA,龍鳳段,24.75,都市：其他
RPTNMLTJKHKFFAH38CA,龍壽段,15.81,都市：其他
RPQOMLQJKHKFFAH87CA,精忠段,11.84,都市：住
RPPOMLTJKHKFFAH08CA,慈文段,14.81,都市：住
RPOPMLPJLHKFFBH87CA,青平段,96.74,都市：住
RPSPMLTJKHKFFAH48CA,壽山段,38.70,都市：住
RPRPMLTJKHKFFAH38CA,壽山段,16.40,都市：住
RPSPMLQJKHKFFAH18CA,同德段,26.53,都市：商
RPPQMLTJKHKFFAH28CA,慈文段,32.15,都市：其他
RPXQMLPJKHKFFAH68CA,富國段,23.72,都市：住
RPXOMLQJKHKFFAH58CA,青溪段,48.50,都市：住
RPPSMLKKKHKFFAH67CA,龍祥段,21.95,都市：住
RPVRMLKKKHKFFAH18CA,埔子段埔子小段,25.25,都市：住
RPRPMLQJKHKFFAH08CA,同德段,36.14,都市：商
RPXOMLLKKHKFFAH18CA,龍華段,14.84,非都市：山坡地保育區 ; 非都市編定：農牧用地
RPXOMLLKKHKFFAH18CA,龍華段,72.96,非都市：山坡地保育區 ; 非都市編定：農牧用地
RPXNMLQKKHKFFAH58CA,新埔段,23.50,都市：住
RPSOMLKKKHKFFAH57CA,迴龍段,12.24,都市：商
RPOSMLQKKHKFFAH18CA,大興段,10.19,都市：住
RPUOMLQKKHKFFAH38CA,大有段,5.11,都市：住
RPXUMLQKKHKFFAH66CA,國強段,20.89,都市：住
RPTNMLMKKHKFFAH77CA,大同段,27.14,都市：住
RPWQMLOLKHKFFAH68CA,中山段,114.46,都市：住
RPPNMLSLKHKFFAH08CA,中正段,15.74,都市：其他
RPPNMLSLKHKFFAH08CA,中正段,68.12,都市：其他
RPPNMLSLKHKFFAH08CA,延壽段,74.71,都市：其他
RPPNMLSLKHKFFAH08CA,延壽段,3.95,都市：其他
RPPNMLSLKHKFFAH08CA,延壽段,.83,都市：其他
RPPNMLSLKHKFFAH08CA,延壽段,1.46,都市：其他
RPPNMLSLKHKFFAH08CA,中平段,29.20,都市：其他
RPPNMLSLKHKFFAH08CA,中平段,64.40,都市：其他
RPPNMLSLKHKFFAH08CA,國聖段,2.96,都市：其他
RPPNMLSLKHKFFAH08CA,國聖段,4.03,都市：其他
RPPNMLSLKHKFFAH08CA,龍鳳段,210.52,都市：其他
RPPNMLSLKHKFFAH08CA,龍祥段,27.15,都市：其他
RPPNMLSLKHKFFAH08CA,龍祥段,11.37,都市：其他
RPPNMLSLKHKFFAH08CA,龍祥段,9.88,都市：其他
RPPNMLSLKHKFFAH08CA,龍祥段,169.63,都市：其他
RPPNMLSLKHKFFAH08CA,雙龍段,14.92,都市：其他
RPPNMLSLKHKFFAH08CA,雙龍段,.75,都市：其他
RPQRMLOLKHKFFAH18CA,迴龍段,1.79,都市：住
RPQRMLOLKHKFFAH18CA,迴龍段,2.98,都市：住
RPQRMLOLKHKFFAH18CA,迴龍段,28.43,都市：住
RPQNMLSLKHKFFAH18CA,中正段,9.24,都市：其他
RPQNMLSLKHKFFAH18CA,中正段,2.34,都市：其他
RPQNMLSLKHKFFAH18CA,中正段,1.23,都市：其他
RPQNMLSLKHKFFAH18CA,中正段,17.26,都市：其他
RPQNMLSLKHKFFAH18CA,國強段,60.92,都市：其他
RPQNMLSLKHKFFAH18CA,國強段,6.27,都市：其他
RPQNMLSLKHKFFAH18CA,國強段,9.56,都市：其他
RPQNMLSLKHKFFAH18CA,江南段,35.20,都市：其他
RPQNMLSLKHKFFAH18CA,江南段,15.67,都市：其他
RPQNMLSLKHKFFAH18CA,江南段,7.64,都市：其他
RPQNMLSLKHKFFAH18CA,江南段,2.28,都市：其他
RPQNMLSLKHKFFAH18CA,江南段,3.65,都市：其他
RPQNMLSLKHKFFAH18CA,江南段,77.13,都市：其他
RPQNMLSLKHKFFAH18CA,中平段,3.09,都市：其他
RPQNMLSLKHKFFAH18CA,中平段,3.79,都市：其他
RPQNMLSLKHKFFAH18CA,中平段,3.50,都市：其他
RPQNMLSLKHKFFAH18CA,國聖段,3.70,都市：其他
RPQNMLSLKHKFFAH18CA,國聖段,17.77,都市：其他
RPQNMLSLKHKFFAH18CA,龍鳳段,11.19,都市：其他
RPQNMLSLKHKFFAH18CA,龍鳳段,19.27,都市：其他
RPQNMLSLKHKFFAH18CA,龍鳳段,5.73,都市：其他
RPQNMLSLKHKFFAH18CA,龍鳳段,20.61,都市：其他
RPQNMLSLKHKFFAH18CA,龍鳳段,9.11,都市：其他
RPQNMLSLKHKFFAH18CA,龍鳳段,74.36,都市：其他
RPQNMLSLKHKFFAH18CA,龍鳳段,.19,都市：其他
RPQNMLSLKHKFFAH18CA,龍鳳段,.21,都市：其他
RPQNMLSLKHKFFAH18CA,龍祥段,8.55,都市：其他
RPQNMLSLKHKFFAH18CA,龍壽段,14.17,都市：其他
RPQNMLSLKHKFFAH18CA,雙龍段,.22,都市：其他
RPQNMLSLKHKFFAH18CA,皮寮段,3.96,都市：其他
RPVOMLRKKHKFFAH58CA,富國段,19.55,都市：住
RPPNNLQKKHKFFAH87CA,桃園段武陵小段,8.27,都市：其他
RPTVMLQKKHKFFAH98CA,國強段,21.63,都市：住
RPWVMLQKKHKFFAH66CA,國強段,21.63,都市：住
RPSNNLQKKHKFFAH18CA,埔子段埔子小段,20.36,都市：住
RPOQMLMJLHKFFAH57CA,國聖段,23.86,都市：工
RPXNMLMJLHKFFAH18CA,延壽段,21.97,都市：住
RPWRMLOJKHKFFBH68CA,廣興段,203.56,非都市：特定農業區 ; 非都市編定：丁種建築用地
RPWRMLOJKHKFFBH68CA,廣興段,32.22,非都市：特定農業區 ; 非都市編定：丁種建築用地
RPWRMLOJKHKFFBH68CA,廣興段,4584.17,非都市：特定農業區 ; 非都市編定：丁種建築用地
RPSSMLOJKHKFFBH38CA,中壢埔頂段,8.06,都市：住
RPPPMLPJKHKFFBH87CA,大華段,19.57,都市：住
RPWPMLPJKHKFFBH58CA,新坡段,354.00,非都市：特定農業區 ; 非都市編定：甲種建築用地
RPVPMLPJKHKFFBH48CA,興南段興南小段,4.84,都市：商
RPQOMLPJKHKFFBH87CA,觀塘段,2080.00,非都市：工業區 ; 非都市編定：丁種建築用地
RPROMLPJLHKFFBH08CA,興崙段,101.52,非都市：特定農業區 ; 非都市編定：水利用地
RPROMLPJLHKFFBH08CA,興崙段,25.46,非都市：特定農業區 ; 非都市編定：水利用地
RPROMLPJLHKFFBH08CA,興崙段,32.10,非都市：特定農業區 ; 非都市編定：水利用地
RPROMLPJLHKFFBH08CA,興崙段,21.72,非都市：特定農業區 ; 非都市編定：水利用地
RPROMLPJLHKFFBH08CA,興崙段,54.74,非都市：特定農業區 ; 非都市編定：水利用地
RPROMLPJLHKFFBH08CA,興崙段,1.03,非都市：特定農業區 ; 非都市編定：水利用地
RPWOMLQJLHKFFBH68CA,三座屋段三座屋小段,37.71,都市：住
RPXPMLPJKHKFFBH68CA,忠義段,90.92,都市：其他
RPPNMLSJKHKFFBH97CA,草富段,214.67,都市：住
RPPNMLSJKHKFFBH97CA,草富段,754.35,都市：住
RPTPMLQJKHKFFBH38CA,後寮段,17.39,都市：住
RPRQMLKKKHKFFBH77CA,藍埔段,55.00,非都市：特定農業區 ; 非都市編定：水利用地
RPSQMLKKKHKFFBH87CA,山上段,293.00,非都市：特定農業區 ; 非都市編定：甲種建築用地
RPSQMLKKKHKFFBH87CA,山上段,102.00,非都市：特定農業區 ; 非都市編定：甲種建築用地
RPSQMLKKKHKFFBH87CA,山上段,293.00,非都市：特定農業區 ; 非都市編定：甲種建築用地
RPSQMLKKKHKFFBH87CA,山上段,293.00,非都市：特定農業區 ; 非都市編定：甲種建築用地
RPSQMLTJKHKFFBH68CA,草新段,88.65,都市：商
RPSQMLTJKHKFFBH68CA,草新段,81.57,都市：商
RPSQMLTJKHKFFBH68CA,草新段,83.24,都市：商
RPSQMLTJKHKFFBH68CA,草新段,83.05,都市：商
RPSQMLTJKHKFFBH68CA,草新段,81.57,都市：商
RPSQMLTJKHKFFBH68CA,草新段,89.92,都市：商
RPSQMLTJKHKFFBH68CA,草新段,60.19,都市：商
RPSQMLTJKHKFFBH68CA,草新段,58.83,都市：商
RPSQMLTJKHKFFBH68CA,草新段,63.94,都市：商
RPSQMLTJKHKFFBH68CA,草新段,61.21,都市：商
RPSQMLTJKHKFFBH68CA,草新段,60.11,都市：商
RPSQMLTJKHKFFBH68CA,草新段,68.43,都市：商
RPSQMLTJKHKFFBH68CA,草新段,161.28,都市：商
RPXNMLOJLHKFFBH48CA,西寮段,96.67,都市：住
RPRNMLPJLHKFFBH97CA,興崙段,9.35,非都市：特定農業區 ; 非都市編定：水利用地
RPRNMLPJLHKFFBH97CA,興崙段,107.30,非都市：特定農業區 ; 非都市編定：水利用地
RPRNMLPJLHKFFBH97CA,興崙段,13.60,非都市：特定農業區 ; 非都市編定：水利用地
RPRNMLPJLHKFFBH97CA,興崙段,52.76,非都市：特定農業區 ; 非都市編定：水利用地
RPRNMLPJLHKFFBH97CA,興崙段,52.38,非都市：特定農業區 ; 非都市編定：水利用地
RPRNMLPJLHKFFBH97CA,興崙段,5.93,非都市：特定農業區 ; 非都市編定：水利用地
RPRNMLPJLHKFFBH97CA,興崙段,32.47,非都市：特定農業區 ; 非都市編定：水利用地
RPRNMLPJLHKFFBH97CA,興崙段,1.06,非都市：特定農業區 ; 非都市編定：水利用地
RPPOMLQJKHKFFBH87CA,工業區段二小段,74.00,非都市：工業區 ; 非都市編定：丁種建築用地
RPPNMLPJLHKFFBH77CA,興崙段,2500.00,非都市：特定農業區 ; 非都市編定：農牧用地
RPPNMLPJLHKFFBH77CA,興崙段,2500.00,非都市： ; 非都市編定：
RPPNMLPJLHKFFBH77CA,興崙段,3092.56,非都市： ; 非都市編定：
RPPNMLPJLHKFFBH77CA,興崙段,3092.57,非都市： ; 非都市編定：
RPPNMLPJLHKFFBH77CA,興崙段,3288.52,非都市： ; 非都市編定：
RPPNMLPJLHKFFBH77CA,興崙段,3288.52,非都市： ; 非都市編定：
RPUNMLTJKHKFFBH58CA,山上段,77.50,非都市：鄉村區 ; 非都市編定：乙種建築用地
RPUNMLTJKHKFFBH58CA,山上段,77.50,非都市：鄉村區 ; 非都市編定：乙種建築用地
RPQSMLLKKHKFFBH97CA,大華段,23.47,都市：住
RPQSMLLKKHKFFBH97CA,大華段,.00,都市：其他
RPXSMLLKKHKFFBH68CA,忠福段,16.26,都市：住
RPXSMLLKKHKFFBH68CA,忠福段,5.70,都市：住
RPUQMLKKKHKFFBH08CA,三座屋段三座屋小段,75.00,都市：住
RPUPMLOJKHKFFCH38CA,碧湖段,73.18,非都市：鄉村區 ; 非都市編定：乙種建築用地
RPUPMLOJKHKFFCH38CA,碧湖段,28.55,非都市：鄉村區 ; 非都市編定：乙種建築用地
RPUPMLOJKHKFFCH38CA,碧湖段,2.19,非都市：鄉村區 ; 非都市編定：乙種建築用地
RPRPMLKKKHKFFBH67CA,大崙段,86.82,非都市：特定農業區 ; 非都市編定：農牧用地
RPRPMLKKKHKFFBH67CA,大崙段,1017.99,非都市：特定農業區 ; 非都市編定：農牧用地
RPSSMLKKKHKFFBH08CA,普義段,24.08,都市：住
RPROMLOJKHKFFCH97CA,仁善段,21.59,都市：住
RPWRMLOKKHKFFBH78CA,大華段,3.60,都市：住
RPWRMLOKKHKFFBH78CA,大華段,10.00,都市：住
RPWRMLOKKHKFFBH78CA,大華段,10.20,都市：住
RPXOMLOJKHKFFCH58CA,龍祥段,92.94,非都市：鄉村區 ; 非都市編定：乙種建築用地
RPSNMLPJKHKFFCH08CA,中庄段中庄小段,3106.00,非都市：特定農業區 ; 非都市編定：農牧用地
RPVOMLRKKHKFFBH68CA,新坡段新坡小段,1131.60,都市：其他
RPVOMLRKKHKFFBH68CA,新坡段新坡小段,10.00,都市：其他
RPVOMLRKKHKFFBH68CA,新坡段新坡小段,18.00,都市：其他
RPVOMLRKKHKFFBH68CA,新坡段新坡小段,69.20,都市：其他
RPVOMLRKKHKFFBH68CA,新坡段新坡小段,38.00,都市：其他
RPVOMLRKKHKFFBH68CA,新坡段新坡小段,57.60,都市：其他
RPVOMLRKKHKFFBH68CA,新坡段新坡小段,94.00,都市：住
RPVOMLRKKHKFFBH68CA,新坡段新坡小段,.80,都市：其他
RPVOMLRKKHKFFBH68CA,新坡段新坡小段,.80,都市：其他
RPVOMLRKKHKFFBH68CA,新坡段新坡小段,48.00,都市：其他
RPVOMLRKKHKFFBH68CA,新坡段新坡小段,100.00,都市：住
RPVOMLRKKHKFFBH68CA,新坡段新坡小段,32.00,都市：其他
RPVOMLRKKHKFFBH68CA,新坡段新坡小段,44.00,都市：住
RPVOMLRKKHKFFBH68CA,新坡段新坡小段,20.00,都市：其他
RPVOMLRKKHKFFBH68CA,新坡段新坡小段,94.00,都市：住
RPWNMLPJKHKFFCH48CA,潛龍段,34.46,非都市：一般農業區 ; 非都市編定：甲種建築用地
RPVNMLOJLHKFFBH28CA,普義段,65.00,都市：住
RPPOMLQJKHKFFCH97CA,龍祥段,97.03,非都市：鄉村區 ; 非都市編定：乙種建築用地
RPXOMLOLKHKFFBH68CA,中北段,6.09,都市：住
RPQPMLPJKHKFFCH08CA,和平段,18.80,都市：住
RPQPMLPJKHKFFCH08CA,和平段,36.20,都市：商
RPURMLKKKHKFFCH28CA,上華段,1328.67,非都市：一般農業區 ; 非都市編定：農牧用地
RPWOMLPJKHKFFCH58CA,黃龍段,115.94,都市：農
RPXOMLPJKHKFFCH68CA,三林段,1124.96,非都市：一般農業區 ; 非都市編定：水利用地
RPROMLPJKHKFFCH08CA,打鐵坑段,2500.00,非都市：山坡地保育區 ; 非都市編定：農牧用地
RPOPMLNKKHKFFCH77CA,南興段南興小段,10.01,非都市：特定農業區 ; 非都市編定：甲種建築用地
RPOPMLNKKHKFFCH77CA,南興段南興小段,62.48,非都市：特定農業區 ; 非都市編定：甲種建築用地
RPOOMLTJKHKFFCH18CA,九座段,70.10,非都市：鄉村區 ; 非都市編定：乙種建築用地
RPOOMLTJKHKFFCH18CA,九座段,26.10,非都市：鄉村區 ; 非都市編定：乙種建築用地
RPPNMLLKKHKFFCH47CA,介壽段,58.00,非都市：鄉村區 ; 非都市編定：乙種建築用地
RPRNMLQJKHKFFCH08CA,三元段,33.44,非都市：一般農業區 ; 非都市編定：甲種建築用地
RPRNMLQJKHKFFCH08CA,三元段,2.72,非都市：一般農業區 ; 非都市編定：甲種建築用地
RPSNMLNKKHKFFCH97CA,八張犁段,83.00,非都市：鄉村區 ; 非都市編定：乙種建築用地
RPTNMLPLKHKFFCH38CA,石門段,17.15,都市：住
RPTNMLPLKHKFFCH38CA,石門段,56.00,都市：住
RPPNMLMKKHKFFCH57CA,北興段,87.33,非都市：一般農業區 ; 非都市編定：甲種建築用地
RPTPMLLKKHKFFCH08CA,三層段八結小段,1174.00,都市：其他
RPXNMLQJKHKFFDH78CA,啟文段,110.00,非都市：特定農業區 ; 非都市編定：農牧用地
RPTPMLOLKHKFFCH48CA,八張犁段,2500.00,非都市：一般農業區 ; 非都市編定：農牧用地
RPVNMLRKKHKFFCH68CA,三洽水段,472.00,非都市：鄉村區 ; 非都市編定：乙種建築用地
RPQTMLQKKHKFFCH68CA,三層段三層小段,1536.00,非都市：風景區 ; 非都市編定：農牧用地
RPPNMLQJKHKFFDH97CA,中山段,133.92,非都市：特定農業區 ; 非都市編定：農牧用地
RPTNMLQJKHKFFDH38CA,榔段下榔小段,550.00,非都市：特定農業區 ; 非都市編定：農牧用地
RPRNMLQJKHKFFDH18CA,東勢段上庄子小段,2025.00,非都市：特定農業區 ; 非都市編定：甲種建築用地
RPQNMLQJKHKFFDH08CA,啟文段,552.00,非都市：特定農業區 ; 非都市編定：農牧用地
RPSNMLPJKHKFFDH18CA,幼獅段,12.52,都市：住
RPUNMLOJLHKFFDH38CA,永寧段,31.19,非都市：山坡地保育區 ; 非都市編定：丙種建築用地
RPTOMLLKKHKFFDH08CA,高山段,879.27,非都市：特定農業區 ; 非都市編定：甲種建築用地
RPUNMLOJLHKFFDH38CA,永寧段,183.52,非都市：山坡地保育區 ; 非都市編定：丙種建築用地
RPUNMLOJLHKFFDH38CA,永寧段,.26,非都市：山坡地保育區 ; 非都市編定：丙種建築用地
RPQNMLKKKHKFFDH57CA,草湳坡段埔心小段,392.00,都市：住
RPUOMLQKKHKFFDH68CA,瑞坪段,8.41,都市：其他
RPOQMLOLKHKFFCH08CA,僑愛段,31.35,都市：住
RPOQMLOLKHKFFCH08CA,僑愛段,3.92,都市：住
RPOOMLRKKHKFFCH08CA,八張犁段,21.07,非都市：一般農業區 ; 非都市編定：甲種建築用地
RPWNMLRKKHKFFCH78CA,銅鑼圈段,102.00,非都市：山坡地保育區 ; 非都市編定：丙種建築用地
RPTOMLPJKHKFFEH48CA,河底段,12.04,都市：住
RPQNMLQJKHKFFEH18CA,羊稠段,52.39,都市：其他
RPVOMLQKKHKFFDH78CA,草湳坡段埔心小段,54.00,都市：住
RPXNMLMKKHKFFEH58CA,上興段,28.77,都市：其他
RPWOMLKKKHKFFEH38CA,五塊厝段下埔小段,1620.00,非都市：特定農業區 ; 非都市編定：農牧用地
RPXNMLPLKHKFFDH88CA,崁頭厝段崁頭厝小段,38.89,非都市：一般農業區 ; 非都市編定：農牧用地
RPXNMLPLKHKFFDH88CA,崁頭厝段崁頭厝小段,3.37,非都市：一般農業區 ; 非都市編定：農牧用地
RPXNMLPLKHKFFDH88CA,崁頭厝段崁頭厝小段,26.35,非都市：一般農業區 ; 非都市編定：農牧用地
RPWPMLLKKHKFFEH58CA,新庄子段,7.75,都市：其他
RPWPMLLKKHKFFEH58CA,新庄子段,1.43,都市：其他
RPWPMLLKKHKFFEH58CA,上興段,6.79,都市：其他
RPTOMLOJKHKFFEH38CA,河底段,21.47,都市：住
RPTOMLKKKHKFFEH08CA,羊稠段,22.35,都市：住
RPTOMLOJLHKFFDH38CA,永寧段,106.24,非都市：山坡地保育區 ; 非都市編定：丙種建築用地
RPTOMLOJLHKFFDH38CA,永寧段,45.04,非都市：山坡地保育區 ; 非都市編定：丙種建築用地
RPTOMLOJLHKFFDH38CA,永寧段,.29,非都市：山坡地保育區 ; 非都市編定：丙種建築用地
RPUOMLOJLHKFFDH48CA,永寧段,81.78,非都市：山坡地保育區 ; 非都市編定：丙種建築用地
RPUOMLOJLHKFFDH48CA,永寧段,34.69,非都市：山坡地保育區 ; 非都市編定：丙種建築用地
RPUOMLOJLHKFFDH48CA,永寧段,.29,非都市：山坡地保育區 ; 非都市編定：丙種建築用地
RPXOMLPJLHKFFCH78CA,成功段,22.23,非都市：特定農業區 ; 非都市編定：甲種建築用地
RPUQMLMJLHKFFEH58CA,青山段,36.45,都市：住
RPQNMLTJKHKFFEH48CA,六福段,3.39,都市：住
RPOPMLOLKHKFFEH18CA,橫山段湳子小段,1357.10,都市：農
RPRNMLQLKHKFFFH58CA,大竹段,69.95,非都市：一般農業區 ; 非都市編定：甲種建築用地
RPPNMLQLKHKFFFH38CA,廣隆段,22.10,都市：住
RPWOMLOLKHKFFEH88CA,許厝港段,58.26,非都市：一般農業區 ; 非都市編定：甲種建築用地
RPWOMLOLKHKFFEH88CA,許厝港段,.31,非都市：一般農業區 ; 非都市編定：特定目的事業用地
RPRNMLOLKHKFFEH28CA,六福段,.05,都市：住
RPPNMLSLKHKFFEH48CA,新福段,29.15,都市：其他
RPPNMLSLKHKFFEH48CA,新福段,39.08,都市：其他
RPPNMLSLKHKFFEH48CA,新福段,15.13,都市：其他
RPPNMLSLKHKFFEH48CA,新福段,14.60,都市：其他
RPQNMLSLKHKFFEH58CA,新福段,2.54,都市：其他
RPQNMLSLKHKFFEH58CA,新福段,2.20,都市：其他
RPQNMLSLKHKFFEH58CA,新福段,7.78,都市：其他
RPQNMLSLKHKFFEH58CA,文中段,1.36,都市：其他
RPRNMLRLKHKFFFH68CA,大和段,32.29,都市：商
RPPNMLSLKHKFFFH58CA,茄明段,148.78,都市：其他
RPPNMLSLKHKFFFH58CA,茄明段,14.82,都市：其他
RPPNMLSLKHKFFFH58CA,茄明段,21.16,都市：其他
RPPNMLSLKHKFFFH58CA,茄明段,30.31,都市：其他
RPPNMLSLKHKFFFH58CA,茄明段,152.02,都市：其他
RPPNMLSLKHKFFFH58CA,茄明段,77.43,都市：其他
RPPNMLSLKHKFFFH58CA,茄明段,4.89,都市：其他
RPPNMLSLKHKFFFH58CA,茄明段,107.22,都市：其他
RPPNMLSLKHKFFFH58CA,茄明段,3.12,都市：其他
RPPNMLSLKHKFFFH58CA,茄明段,2.53,都市：其他
RPPNMLSLKHKFFFH58CA,高城段,2.36,都市：其他
RPPNMLSLKHKFFFH58CA,高城段,2.18,都市：其他
RPPNMLSLKHKFFFH58CA,高城段,.08,都市：其他
RPPNMLSLKHKFFFH58CA,高城段,.22,都市：其他
RPPNMLSLKHKFFFH58CA,高城段,117.38,都市：其他
RPPNMLSLKHKFFFH58CA,高明段,11.50,都市：其他
RPPNMLSLKHKFFFH58CA,高明段,13.71,都市：其他
RPPNMLSLKHKFFFH58CA,高明段,4.76,都市：其他
RPPNMLSLKHKFFFH58CA,高明段,71.77,都市：其他
RPQNMLSLKHKFFFH68CA,茄明段,6.92,都市：其他
RPQNMLSLKHKFFFH68CA,茄明段,.09,都市：其他
RPQNMLSLKHKFFFH68CA,茄明段,3.86,都市：其他
RPQNMLSLKHKFFFH68CA,茄明段,10.70,都市：其他
RPQNMLSLKHKFFFH68CA,茄明段,17.78,都市：其他
RPQNMLSLKHKFFFH68CA,茄明段,17.28,都市：其他
RPQNMLSLKHKFFFH68CA,茄明段,17.33,都市：其他
RPQNMLSLKHKFFFH68CA,高城段,.09,都市：其他
RPQNMLSLKHKFFFH68CA,高城段,.22,都市：其他
RPQNMLSLKHKFFFH68CA,高明段,13.03,都市：其他
RPTNMLRKKHKFFEH68CA,文新段,285.60,非都市：特定農業區 ; 非都市編定：甲種建築用地
RPRNMLSLKHKFFFH78CA,茄明段,34.79,都市：其他
RPRNMLSLKHKFFFH78CA,高明段,34.10,都市：其他
RPRNMLSLKHKFFFH78CA,高明段,54.36,都市：其他
RPVQMLLKKHKFFGH78CA,義民段,21.21,都市：住
RPRNMLKKKHKFFGH97CA,平安段,13.65,都市：其他
RPRNMLKKKHKFFGH97CA,平安段,68.49,都市：其他
RPRNMLKKKHKFFGH97CA,平安段,2.88,都市：其他
RPRNMLKKKHKFFGH97CA,平安段,368.03,都市：住
RPRNMLKKKHKFFGH97CA,平安段,18.90,都市：其他
RPRNMLKKKHKFFGH97CA,平安段,1.18,都市：住
RPSNMLKKKHKFFGH08CA,平安段,13.65,都市：其他
RPSNMLKKKHKFFGH08CA,平安段,74.20,都市：其他
RPSNMLKKKHKFFGH08CA,平安段,3.12,都市：其他
RPSNMLKKKHKFFGH08CA,平安段,399.05,都市：住
RPSNMLKKKHKFFGH08CA,平安段,23.20,都市：其他
RPSNMLKKKHKFFGH08CA,平安段,1.18,都市：住
RPROMLKKKHKFFFH97CA,茄明段,24.98,都市：其他
RPTRMLOJKHKFFFH78CA,白鷺段,1336.09,都市：農
RPQNMLQKKHKFFGH48CA,平德段,121.47,非都市：鄉村區 ; 非都市編定：乙種建築用地
RPPOMLRJKHKFFFH38CA,興仁段,20.20,都市：商
RPOOMLRJKHKFFFH28CA,興仁段,24.09,都市：商
RPWNMLMJLHKFFFH58CA,高城段,26.58,都市：住
RPROMLOLKHKFFGH58CA,三興段,34.45,都市：住
RPROMLOLKHKFFGH58CA,三興段,32.27,都市：住
RPUNMLMKKHKFFGH48CA,宋屋段高山下小段,95.23,都市：住
RPRNMLQKKHKFFGH58CA,建安段,59.04,非都市：特定農業區 ; 非都市編定：甲種建築用地
RPWNMLQKKHKFFGH09CA,義民段,118.79,都市：住
RPWNMLQKKHKFFGH09CA,義民段,19.35,都市：住
RPQTMLLKKHKFFAH08DA,興華段,28.77,都市：住
RPWOMLQJKHKFFBH68DA,中北段,20.20,都市：住
RPXOMLNJLHKFFGH98CA,賦北段,80.62,都市：農
RPQOMLKKKHKFFAH47DA,大有段,22.49,都市：住
RPXOMLKKKHKFFAH18DA,龍安段,11.75,都市：商
RPOPMLKKKHKFFAH37DA,桃園段公館頭小段,5.54,都市：其他
RPOPMLKKKHKFFAH37DA,桃園段公館頭小段,.37,都市：其他
RPPOMLLKKHKFFAH47DA,興華段,19.50,都市：商
RPSOMLNJLHKFFGH48CA,金星段,20.45,都市：住
RPPRMLPJKHKFFBH18DA,自立段,59.00,都市：住
RPQSMLMJLHKFFEH48DA,五塊厝段下埔小段,146.00,非都市：特定農業區 ; 非都市編定：甲種建築用地
RPQSMLMJLHKFFEH48DA,五塊厝段下埔小段,28.32,非都市：特定農業區 ; 非都市編定：甲種建築用地
RPWNMLPJKHKFFEH78DA,橫山段湳子小段,162.00,都市：農
RPURMLMJLHKFFEH78DA,五塊厝段下埔小段,110.00,非都市：特定農業區 ; 非都市編定：甲種建築用地
RPURMLMJLHKFFEH78DA,五塊厝段下埔小段,22.56,非都市：特定農業區 ; 非都市編定：甲種建築用地
RPXOMLPJKHKFFEH98DA,河底段,21.98,都市：住
RPXRMLMJLHKFFEH09DA,五塊厝段下埔小段,114.00,非都市：特定農業區 ; 非都市編定：甲種建築用地
RPXRMLMJLHKFFEH09DA,五塊厝段下埔小段,22.50,非都市：特定農業區 ; 非都市編定：甲種建築用地
RPSNMLOJLHKFFFH38CA,高城段,28.74,都市：住
RPSRMLMJLHKFFEH58DA,五塊厝段下埔小段,135.00,非都市：特定農業區 ; 非都市編定：甲種建築用地
RPSRMLMJLHKFFEH58DA,五塊厝段下埔小段,25.31,非都市：特定農業區 ; 非都市編定：甲種建築用地
RPRNMLPJKHKFFEH28DA,河底段,17.97,都市：商
RPOOMLMKKHKFFEH87DA,上興段,94.65,都市：其他
RPOOMLMKKHKFFEH87DA,上興段,1.55,都市：其他
RPOOMLMKKHKFFEH87DA,上興段,11.62,都市：其他
RPOOMLMKKHKFFEH87DA,上興段,4.62,都市：其他
RPOOMLMKKHKFFEH87DA,上興段,2.35,都市：其他
RPOOMLMKKHKFFEH87DA,上興段,1.39,都市：其他
RPOOMLMKKHKFFEH87DA,上興段,5.30,都市：其他
RPOOMLMKKHKFFEH87DA,上興段,2.62,都市：其他
RPOOMLMKKHKFFEH87DA,上竹段,40.90,都市：其他
RPOOMLMKKHKFFEH87DA,上竹段,1.72,都市：其他
RPOOMLMKKHKFFEH87DA,上竹段,49.89,都市：其他
RPWOMLPJKHKFFAH58EA,大林段,14.63,都市：工
RPWOMLPJKHKFFAH58EA,大林段,.04,都市：其他
RPQQMLQKKHKFFCH48DA,八張犁段,21.00,非都市：一般農業區 ; 非都市編定：水利用地
RPQQMLQKKHKFFCH48DA,八張犁段,68.00,非都市：一般農業區 ; 非都市編定：水利用地
RPPNMLQKKHKFFCH08DA,八張犁段,7.00,非都市：一般農業區 ; 非都市編定：水利用地
RPPNMLQKKHKFFCH08DA,八張犁段,6.00,非都市：一般農業區 ; 非都市編定：水利用地
RPPNMLPKKHKFFDH08DA,高上段,50.76,非都市：特定農業區 ; 非都市編定：甲種建築用地
RPQRMLLKKHKFFBH97DA,仁德段,67.47,都市：住
RPVNMLNKKHKFFDH48DA,二重溪段,68.00,非都市：一般農業區 ; 非都市編定：農牧用地
RPVNMLNKKHKFFDH48DA,二重溪段,90.00,非都市：一般農業區 ; 非都市編定：農牧用地
RPVNMLNKKHKFFDH48DA,二重溪段,1.00,都市：其他
RPVNMLNKKHKFFDH48DA,二重溪段,1973.00,非都市：一般農業區 ; 非都市編定：農牧用地
RPVNMLPJKHKFFCH48DA,建國段,133.36,非都市：鄉村區 ; 非都市編定：乙種建築用地
RPSOMLPJKHKFFBH28EA,興南段公坡小段,1.00,都市：住
RPSOMLPJKHKFFBH28EA,興南段公坡小段,120.00,都市：住
RPSOMLPJKHKFFBH28EA,興南段公坡小段,94.00,都市：住
RPVRMLOJKHKFFBH78EA,忠愛段,192.34,非都市：特定農業區 ; 非都市編定：農牧用地
RPVRMLOJKHKFFBH78EA,忠愛段,770.21,非都市：特定農業區 ; 非都市編定：農牧用地
RPUNMLLKLHKFFAH08EA,大同段,7.46,都市：住
RPQNMLTJKHKFFAH28EA,慈文段,60.00,都市：住
RPRPMLPJKHKFFBH28EA,水尾段水尾小段,4.69,都市：住
RPRNMLPJKHKFFGH48DA,山子頂段,462.89,都市：其他
RPSPMLLKKHKFFAH97EA,中埔段,22.93,都市：住
RPPOMLTJKHKFFGH78DA,廣豐段,24.98,都市：住
RPOPMLMKLHKFFAH77EA,中興段,40.25,都市：住
RPOPMLMKLHKFFAH77EA,中興段,.44,都市：其他
RPOPMLMKLHKFFAH77EA,中興段,.12,都市：其他
RPOPMLLKKHKFFEH97EA,坑子段頂社小段,129.00,非都市：一般農業區 ; 非都市編定：農牧用地
RPRNMLMKKHKFFEH18EA,公埔段,.03,都市：住
RPQOMLQLKHKFFDH58EA,頭重溪段,54.00,都市：住
RPQOMLQLKHKFFDH58EA,頭重溪段,47.00,都市：住
RPQOMLPJKHKFFFH48EA,廣隆段,1519.12,都市：農
RPQNMLPJKHKFFCH08EA,四方林段四方林小段,60.00,非都市：特定農業區 ; 非都市編定：甲種建築用地
RPPNMLPJKHKFFFH28EA,明智段,18.95,都市：住
RPRPMLTJLHKFFGH66EA,福林段,368.13,都市：農
RPTOMLQJKHKFFDH68EA,國寶段,76.84,都市：住
RPSQMLPJKHKFFDH58DA,楊湖段,11.50,非都市：特定農業區 ; 非都市編定：甲種建築用地
RPRNMLOKIIKFFEH28EA,水尾段,339.76,都市：工
RPVNMLRKLHKFFFH66EA,瑞豐段,64.22,非都市：鄉村區 ; 非都市編定：乙種建築用地
RPVNMLNKKHKFFEH68EA,大竹圍段,96.90,都市：住
RPROMLTJKHKFFEH88EA,竹圍段崁下小段,17.50,非都市：一般農業區 ; 非都市編定：甲種建築用地
RPROMLTJKHKFFEH88EA,竹圍段崁下小段,18.50,非都市：一般農業區 ; 非都市編定：甲種建築用地
RPPOMLQJLHKFFFH58EA,大華段,21.06,都市：住
RPVNMLMKKHKFFDH48EA,新秀段,542.32,非都市：山坡地保育區 ; 非都市編定：農牧用地
RPVNMLMKKHKFFDH48EA,新秀段,704.89,非都市：山坡地保育區 ; 非都市編定：農牧用地
RPVNMLMKKHKFFDH48EA,新秀段,200.30,非都市：山坡地保育區 ; 非都市編定：農牧用地
RPUOMLNLLHKFFFH98EA,興豐段,73.35,非都市：鄉村區 ; 非都市編定：乙種建築用地
RPPOMLLKKHKFFCH77EA,武嶺段,105.00,都市：住
RPPOMLLKKHKFFCH77EA,武嶺段,105.00,都市：住
RPROMLQJKHKFFAH18EA,埔子段埔子小段,92.00,都市：住
RPOOMLRKKHKFFGH68EA,湧星段,31.13,都市：住
RPOOMLRKKHKFFGH68EA,湧星段,.03,都市：住
RPXOMLQJKHKFFBH88EA,榮南段,465.14,都市：農
RPXOMLQJKHKFFBH88EA,榮南段,336.32,都市：農
RPOQMLMKKHKFFBH87EA,中工段,73.00,都市：住
RPXNMLTJKHKFFGH86DA,廣東段,17.23,都市：住
RPXNMLNKLHKFFAH58EA,富國段,50.10,都市：住
RPPQMLLKKHKFFEH08DA,羊稠段,16.02,都市：住
RPWNMLQJKHKFFBH58DA,興南段興南小段,3.88,都市：商
RPOPMLQJKHKFFAH87DA,桃鶯段,68.02,都市：其他
RPRPMLTJKHKFFBH58DA,興南段興南小段,10.30,都市：商
RPWOMLKKKHKFFAH08DA,大有段,128.92,都市：住
RPORMLPJKHKFFAH97DA,慈文段,18.75,都市：其他
RPOQMLQKKHKFFBH28EA,成功段,.99,都市：住
RPOQMLQKKHKFFBH28EA,成功段,.46,都市：住
RPOQMLQKKHKFFBH28EA,成功段,.54,都市：住
RPOQMLQKKHKFFBH28EA,成功段,1.00,都市：住
RPOQMLQKKHKFFBH28EA,成功段,1.00,都市：住
RPOQMLQKKHKFFBH28EA,成功段,1.00,都市：住
RPOQMLQKKHKFFBH28EA,成功段,.66,都市：住
RPOQMLQKKHKFFBH28EA,成功段,.51,都市：住
RPOQMLQKKHKFFBH28EA,成功段,1.00,都市：住
RPOQMLQKKHKFFBH28EA,成功段,1.00,都市：住
RPOQMLQKKHKFFBH28EA,成功段,1.00,都市：住
RPOQMLQKKHKFFBH28EA,成功段,.60,都市：住
RPOQMLQKKHKFFBH28EA,成功段,.24,都市：住
RPOQMLQKKHKFFBH28EA,成功段,1.00,都市：住
RPOQMLQKKHKFFBH28EA,成功段,1.00,都市：住
RPOQMLQKKHKFFBH28EA,成功段,1.00,都市：住
RPOQMLQKKHKFFBH28EA,成功段,1.00,都市：住
RPOQMLQKKHKFFBH28EA,成功段,.28,都市：住
RPOQMLQKKHKFFBH28EA,成功段,.37,都市：住
RPOQMLQKKHKFFBH28EA,成功段,1.00,都市：住
RPOQMLQKKHKFFBH28EA,成功段,1.00,都市：住
RPOQMLQKKHKFFBH28EA,成功段,.73,都市：住
RPOQMLQKKHKFFBH28EA,成功段,1.00,都市：住
RPOQMLQKKHKFFBH28EA,成功段,1.00,都市：住
RPOQMLQKKHKFFBH28EA,成功段,1.00,都市：住
RPROMLQKKHKFFGH68CA,金星段,14.92,都市：住
RPPOMLKKKHKFFAH37DA,大樹林段,22.90,都市：住
RPOOMLOLKHKFFGH28CA,金星段,18.12,都市：住
RPPOMLOLKHKFFGH38CA,金星段,23.45,都市：住
RPQOMLOLKHKFFGH48CA,金星段,19.72,都市：住
RPUOMLTJKHKFFAH68DA,塔寮坑段關公嶺小段,1009.00,非都市：山坡地保育區 ; 非都市編定：林業用地
RPVPMLLKKHKFFGH68CA,鎮東段,342.01,非都市：一般農業區 ; 非都市編定：農牧用地
RPPNMLRLKHKFFGH58CA,平鎮段,9.98,都市：住
RPPNMLKKKHKFFGH77CA,廣豐段,51.00,都市：農
RPQOMLQLNHKFFFH09EA,高明段,2357.19,都市：住
RPQOMLQLNHKFFFH09EA,高明段,373.19,都市：住
RPQOMLQLNHKFFFH09EA,高明段,19.61,都市：住
RPQOMLQLNHKFFFH09EA,高明段,49.43,都市：住
RPTNMLMKKHKFFGH38CA,廣北段,8.42,都市：商
RPRNMLMKKHKFFGH18CA,廣北段,7.12,都市：商
RPWNMLMKKHKFFGH68CA,廣北段,11.66,都市：商
RPSNMLMKKHKFFGH28CA,廣北段,7.12,都市：商
RPPNMLMKKHKFFGH97CA,廣北段,9.71,都市：商
RPOOMLMKKHKFFGH97CA,廣北段,9.71,都市：商
RPQNMLMKKHKFFGH08CA,廣北段,5.83,都市：商
RPXNMLMKKHKFFGH78CA,廣北段,13.92,都市：商
RPVVMLPJKHKFFGH96CA,高雙段,138.15,都市：農
RPVVMLPJKHKFFGH96CA,高雙段,1753.80,都市：農
RPVVMLPJKHKFFGH96CA,高雙段,28.55,都市：農
RPQPMLTJLHKFFDH88EA,二重溪段,84.00,非都市：山坡地保育區 ; 非都市編定：丙種建築用地
RPSOMLKKKHKFFFH08CA,茄明段,1.93,都市：其他
RPSOMLKKKHKFFFH08CA,茄明段,5.35,都市：其他
RPUNMLRKKHKFFFH88CA,福興段,30.13,都市：住
RPWNMLRKKHKFFFH09CA,福興段,29.55,都市：住
RPROMLQJKHKFFGH58CA,關爺段,25.00,非都市：鄉村區 ; 非都市編定：乙種建築用地
RPVNMLQJKHKFFFH78CA,龍友段,75.87,都市：其他
RPVNMLQJKHKFFFH78CA,龍友段,5.27,都市：其他
RPVNMLQJKHKFFFH78CA,龍友段,4.79,都市：其他
RPVNMLQJKHKFFFH78CA,龍友段,3.76,都市：其他
RPPPMLOLKHKFFEH28CA,竹圍段海口小段,71.40,非都市：鄉村區 ; 非都市編定：乙種建築用地
RPPOMLNKKHKFFEH97CA,許厝港段,864.00,非都市：一般農業區 ; 非都市編定：甲種建築用地
RPPOMLNKKHKFFEH97CA,許厝港段,508.00,非都市：一般農業區 ; 非都市編定：甲種建築用地
RPSRMLLKKHKFFFH48CA,大庄段,24.22,非都市：鄉村區 ; 非都市編定：乙種建築用地
RPOOMLQKKHKFFEH18CA,大興段,19.97,都市：住
RPUOMLLKKHKFFEH28CA,上興段,178.87,都市：農
RPUOMLLKKHKFFEH28CA,上興段,473.14,都市：農
RPUOMLLKKHKFFEH28CA,上興段,93.01,都市：農
RPRNMLTJKHKFFEH58CA,青峰段,42.38,都市：住
RPSNMLTJKHKFFEH68CA,青峰段,36.16,都市：住
RPTNMLQKKHKFFEH58CA,開南段,602.97,非都市：特定農業區 ; 非都市編定：農牧用地
RPTNMLQKKHKFFEH58CA,文新段,397.48,非都市：特定農業區 ; 非都市編定：農牧用地
RPTNMLQKKHKFFEH58CA,德林段,540.89,非都市：一般農業區 ; 非都市編定：農牧用地
RPUNMLTJKHKFFEH88CA,青峰段,44.08,都市：住
RPTNMLTJKHKFFEH78CA,青峰段,36.16,都市：住
RPWNMLLKKHKFFEH38CA,六福段,3.31,都市：住
RPVNMLQJKHKFFEH68CA,埔心段埔心小段,499.00,非都市：特定農業區 ; 非都市編定：農牧用地
RPQOMLOLKHKFFEH28CA,圳股頭段圳股頭小段,107.05,非都市：一般農業區 ; 非都市編定：甲種建築用地
RPVNMLTJKHKFFEH98CA,青峰段,46.90,都市：住
RPWNMLQJKHKFFEH78CA,埔心段埔心小段,250.00,非都市：特定農業區 ; 非都市編定：農牧用地
RPWNMLTJKHKFFEH09CA,青峰段,49.16,都市：住
RPQNMLPKKHKFFDH08CA,頭重溪段,180.63,都市：住
RPWOMLQLKHKFFDH98CA,二重溪段,198.00,非都市：山坡地保育區 ; 非都市編定：丙種建築用地
RPSOMLPLKHKFFDH48CA,下陰影窩段,33.09,非都市：特定農業區 ; 非都市編定：農牧用地
RPVNMLQKKHKFFDH68CA,清華段,1692.67,非都市：特定農業區 ; 非都市編定：農牧用地
RPXNMLQKKHKFFDH88CA,清華段,440.00,非都市：特定農業區 ; 非都市編定：農牧用地
RPXNMLQKKHKFFDH88CA,清華段,276.67,非都市：特定農業區 ; 非都市編定：農牧用地
RPXNMLQKKHKFFDH88CA,清華段,91.33,非都市：特定農業區 ; 非都市編定：農牧用地
RPXNMLQKKHKFFDH88CA,清華段,148.67,非都市：特定農業區 ; 非都市編定：農牧用地
RPXNMLQKKHKFFDH88CA,清華段,824.33,非都市：特定農業區 ; 非都市編定：農牧用地
RPVOMLLKKHKFFDH28CA,長岡嶺段,46.96,非都市：山坡地保育區 ; 非都市編定：丙種建築用地
RPROMLTJKHKFFDH58CA,埔頂段埔頂小段,67.96,非都市：特定農業區 ; 非都市編定：農牧用地
RPROMLTJKHKFFDH58CA,埔頂段埔頂小段,67.96,非都市：特定農業區 ; 非都市編定：農牧用地
RPVNMLTJKHKFFDH88CA,頭重溪段,98.00,都市：住
RPUNMLRJKHKFFDH58CA,長岡嶺段,77.79,非都市：山坡地保育區 ; 非都市編定：丙種建築用地
RPROMLPLKHKFFDH38CA,幼獅段,70.81,都市：農
RPROMLPLKHKFFDH38CA,幼獅段,68.70,都市：農
RPQNMLLKKHKFFDH67CA,梅高段,10.66,都市：商
RPWNMLTJKHKFFDH98CA,草湳坡段埔心小段,6.94,都市：住
RPWNMLTJKHKFFDH98CA,草湳坡段埔心小段,77.00,都市：住
RPXNMLMKKHKFFDH48CA,草湳坡段草湳坡小段,82.16,都市：工
RPXNMLMKKHKFFDH48CA,草湳坡段草湳坡小段,272.00,都市：工
RPXNMLMKKHKFFDH48CA,草湳坡段草湳坡小段,272.00,都市：工
RPSOMLKKKHKFFDH87CA,頭重溪段,24.63,都市：住
RPRPMLLKKHKFFCH87CA,新烏樹林段,81.62,非都市：特定農業區 ; 非都市編定：農牧用地
RPSOMLLKKHKFFCH87CA,水流東段,264.00,都市：其他
RPTOMLMKKHKFFDH18CA,草湳坡段埔心小段,70.88,都市：住
RPTOMLLKKHKFFCH97CA,水流東段,39.00,都市：其他
RPRNMLMKKHKFFCH77CA,三元段,42.56,非都市：鄉村區 ; 非都市編定：乙種建築用地
RPTNMLRKKHKFFCH48CA,埔頂段,26.57,都市：住
RPQOMLQJKHKFFCH08CA,仁文段,45.72,都市：住
RPWNMLQJKHKFFCH58CA,三層段三層小段,661.00,非都市：風景區 ; 非都市編定：農牧用地
RPVNMLQJKHKFFCH48CA,銅鑼圈段,33.50,非都市：山坡地保育區 ; 非都市編定：農牧用地
RPXNMLQJKHKFFCH68CA,三層段三層小段,379.00,非都市：風景區 ; 非都市編定：農牧用地
RPROMLQJKHKFFCH18CA,番子寮段,71.00,非都市：一般農業區 ; 非都市編定：甲種建築用地
RPSNMLNLKHKFFCH08CA,烏樹林段,29.26,非都市：鄉村區 ; 非都市編定：乙種建築用地
RPQNMLKKKHKFFCH47CA,三洽水段,252.00,非都市：山坡地保育區 ; 非都市編定：農牧用地
RPXNMLMKKHKFFCH38CA,三元段,42.74,非都市：鄉村區 ; 非都市編定：乙種建築用地
RPQPMLTJKHKFFBH38CA,忠福段,25.25,都市：住
RPXRMLKKKHKFFBH48CA,新街段,3.04,都市：商
RPXRMLKKKHKFFBH48CA,新街段,.01,都市：商
RPWNMLQJLHKFFEH88CA,沙崙段沙崙小段,366.00,非都市：一般農業區 ; 非都市編定：農牧用地
RPSOMLOLKHKFFBH18CA,草新段,28.03,都市：商
RPVRMLOKKHKFFBH68CA,自立段,21.92,都市：住
RPPSMLLKKHKFFBH87CA,中北段,6.48,都市：住
RPWNMLKKKHKFFBH97CA,大同段,1447.62,都市：農
RPQTMLLKKHKFFBH08CA,石頭段,10.95,都市：住
RPPNMLKKKHKFFCH37CA,仁善段,145.65,都市：住
RPSNMLMKKHKFFBH77CA,青平段,15.20,都市：商
RPTNMLMKKHKFFBH87CA,自立段,5.20,都市：住
RPTNMLMKKHKFFBH87CA,自立段,9.21,都市：住
RPQPMLRKKHKFFBH28CA,普義段,27.00,都市：住
RPSSMLLKKHKFFBH18CA,興南段興南小段,64.00,都市：商
RPUTMLLKKHKFFBH48CA,新坡段新坡小段,42.18,都市：其他
RPUTMLLKKHKFFBH48CA,新坡段新坡小段,35.82,都市：其他
RPUTMLLKKHKFFBH48CA,新坡段新坡小段,13.40,都市：住
RPOOMLMKKHKFFBH47CA,青平段,21.20,都市：商
RPXNMLMKKHKFFBH28CA,青平段,23.00,都市：商
RPUPMLQJKHKFFBH48CA,普義段,16.60,都市：住
RPTOMLQJKHKFFBH28CA,振興段,58.02,都市：住
RPTOMLQJKHKFFBH28CA,振興段,15.79,都市：其他
RPSNMLSLKHKFFBH48CA,忠福段,4.57,都市：住
RPRNMLMJLHKFFAH57CA,延壽段,1.98,都市：其他
RPTRMLPJLHKFFBH58CA,大湖段,62.10,非都市：鄉村區 ; 非都市編定：乙種建築用地
RPPQMLMJLHKFFAH67CA,大有段,23.26,都市：住
RPXPMLLKLHKFFAH38CA,桃鶯段,22.36,都市：住
RPTPMLLKLHKFFAH97CA,埔子段埔子小段,.24,都市：住
RPTPMLLKLHKFFAH97CA,埔子段埔子小段,.02,都市：住
RPTPMLLKLHKFFAH97CA,埔子段埔子小段,15.77,都市：住
RPTPMLLKLHKFFAH97CA,埔子段埔子小段,.24,都市：住
RPTPMLLKLHKFFAH97CA,埔子段埔子小段,1.34,都市：住
RPTPMLLKLHKFFAH97CA,埔子段埔子小段,3.00,都市：住
RPUNMLMJLHKFFAH87CA,埔子段埔子小段,.23,都市：住
RPUNMLMJLHKFFAH87CA,埔子段埔子小段,.02,都市：住
RPUNMLMJLHKFFAH87CA,埔子段埔子小段,14.84,都市：住
RPUNMLMJLHKFFAH87CA,埔子段埔子小段,.23,都市：住
RPUNMLMJLHKFFAH87CA,埔子段埔子小段,1.26,都市：住
RPUNMLMJLHKFFAH87CA,埔子段埔子小段,2.82,都市：住
RPUOMLMJLHKFFAH97CA,會稽段,16.61,都市：商
RPUNMLRKKHKFFAH38CA,同德段,.48,都市：商
RPTNMLRKKHKFFAH28CA,同德段,36.58,都市：商
RPSWMLQKKHKFFAH98CA,半嶺段,11.42,都市：商
RPOONLQKKHKFFAH87CA,新埔段,20.91,都市：其他
RPRPMLQKKHKFFAH18CA,富國段,25.60,都市：住
RPURMLQKKHKFFAH68CA,中路段,27.09,都市：住
RPPOMLRKKHKFFAH97CA,新埔段,21.49,都市：住
RPWNMLTJMHKFFCH09CA,銅鑼圈段,97.71,非都市：山坡地保育區 ; 非都市編定：丙種建築用地
RPURMLQLKHKFFAH78CA,小檜溪段,29.60,都市：住
RPQRMLQLKHKFFAH38CA,春日段,29.16,都市：住
RPTPMLTJKHKFFAH58CA,大埔段,228.04,都市：其他
RPTPMLTJKHKFFAH58CA,大埔段,129.37,都市：其他
RPQOMLTJKHKFFAH18CA,小檜溪段,9.43,都市：住
RPQOMLTJKHKFFAH18CA,小檜溪段,61.00,都市：住
RPQOMLTJKHKFFAH18CA,小檜溪段,.57,都市：住
RPVOMLTJKHKFFAH68CA,水汴頭段,149.03,都市：住
RPVPMLLKKHKFFAH08CA,寶山段,16.26,都市：住
RPVQMLPJKHKFFAH48CA,桃圳段,128.34,都市：其他
RPVQMLPJKHKFFAH48CA,桃圳段,18.23,都市：其他
RPVQMLPJKHKFFAH48CA,桃圳段,5.45,都市：其他
RPVQMLPJKHKFFAH48CA,桃圳段,2.75,都市：其他
RPVQMLPJKHKFFAH48CA,桃圳段,31.21,都市：其他
RPVQMLPJKHKFFAH48CA,桃圳段,18.20,都市：其他
RPVQMLPJKHKFFAH48CA,桃圳段,333.09,都市：其他
RPTQMLKKKHKFFAH87CA,大樹林段,222.23,都市：其他
RPWQMLKKKHKFFAH18CA,中平段,140.90,都市：其他
RPUQMLKKKHKFFAH97CA,龍祥段,364.18,都市：其他
RPRRMLKKKHKFFAH77CA,延壽段,3.25,都市：其他
RPRRMLKKKHKFFAH77CA,延壽段,2.52,都市：其他
RPTQMLPJKHKFFAH28CA,山鶯段,49.50,都市：其他
RPOPMLTJKHKFFAH08CA,忠義段,31.34,都市：住
RPOPMLTJKHKFFAH08CA,忠義段,.55,都市：住
RPUNMLNKKHKFFAH97CA,富國段,108.43,都市：住
RPQNMLMKKHKFFAH47CA,樂善段,29.22,都市：住
RPPPMLTJKHKFFAH18CA,忠義段,28.68,都市：住
RPPPMLTJKHKFFAH18CA,忠義段,.50,都市：住
RPRQMLQJKHKFFAH18CA,慈文段,29.96,都市：住
RPSQMLQJKHKFFAH28CA,慈文段,29.96,都市：住
RPPQMLQJKHKFFAH97CA,慈文段,16.67,都市：住
RPXPMLQJKHKFFAH68CA,慈文段,22.58,都市：住
RPWPMLQJKHKFFAH58CA,慈文段,29.75,都市：住
RPQQMLQJKHKFFAH08CA,慈文段,16.67,都市：住
RPQPMLTJKHKFFAH28CA,忠義段,28.68,都市：住
RPQPMLTJKHKFFAH28CA,忠義段,.50,都市：住
RPRRMLLKLHKFFBH08CA,富強段,6.08,都市：住
RPSOMLTJKHKFFAH38CA,寶山段,16.98,都市：住
RPWOMLLKKHKFFAH08CA,大興段,34.72,都市：住
RPOQMLKKKHKFFAH37CA,大有段,18.64,都市：住
RPWPMLKKKHKFFAH08CA,大有段,23.90,都市：住
RPRPMLLKKHKFFAH67CA,小檜溪段,100.00,都市：住
RPRPMLLKKHKFFAH67CA,小檜溪段,12.00,都市：其他
RPRNMLKKKHKFFAH37CA,埔子段埔子小段,92.00,都市：住
RPTOMLKKKHKFFAH67CA,三元段,8.97,都市：住
RPQOMLNKKHKFFAH67CA,三元段,14.74,都市：住
RPSPMLQKKHKFFAH28CA,中埔段,19.11,都市：住
RPPRMLNKKHKFFAH87CA,東嶺段,16.10,非都市：山坡地保育區 ; 非都市編定：丙種建築用地
RPPRMLNKKHKFFAH87CA,東嶺段,4.89,非都市：山坡地保育區 ; 非都市編定：丙種建築用地
RPPRMLNKKHKFFAH87CA,東嶺段,2.16,非都市：山坡地保育區 ; 非都市編定：丙種建築用地
RPPRMLNKKHKFFAH87CA,東嶺段,.31,非都市：山坡地保育區 ; 非都市編定：丙種建築用地
RPWRMLQKKHKFFAH88CA,桃鶯段,58.39,都市：住
RPUPMLLKKHKFFAH97CA,興華段,.10,都市：住
RPUPMLLKKHKFFAH97CA,興華段,33.13,都市：住
RPSTMLLKKHKFFAH18CA,文化段,21.71,都市：商
RPPNMLLJLHKFFAH27CA,公華段,137.48,都市：其他
RPOWMLQKKHKFFAH58CA,寶山段,13.31,都市：商
RPWOMLRKKHKFFAH68CA,延壽段,23.49,都市：住
RPXNMLTJKHKFFAH78CA,新埔段,30.82,都市：住
RPRONLQKKHKFFAH18CA,大同段,16.44,都市：住
RPOQMLRKKHKFFAH08CA,興華段,11.82,都市：商
RPUNNLQKKHKFFAH38CA,龍安段,18.93,都市：住
RPPOMLOLKHKFFAH77CA,同安段,38.91,都市：住
RPVPMLMJLHKFFAH18CA,興華段,51.11,都市：住
RPRNMLQJLHKFFAH97CA,埔子段埔子小段,.05,都市：住
RPSOMLQJLHKFFAH18CA,埔子段埔子小段,.05,都市：住
RPUQMLPLKHKFFAH58CA,大樹林段,84.00,都市：住
RPPOMLPJLHKFFAH77CA,國強段,5.07,都市：住
RPPOMLPJLHKFFAH77CA,國強段,10.53,都市：住
RPPOMLPJLHKFFAH77CA,國強段,6.80,都市：住
RPQOMLQJLHKFFAH97CA,埔子段埔子小段,.05,都市：住
RPXOMLPJLHKFFBH68CA,青平段,96.74,都市：住
RPXTMLLKKHKFFBH78CA,中原段,19.13,都市：其他
RPXTMLLKKHKFFBH78CA,中原段,.75,都市：其他
RPTOMLQJLHKFFBH38CA,忠孝段,25.51,都市：住
RPTOMLTJLHKFFAH58CA,龍祥段,12.16,都市：其他
RPRNMLTJKHKFFBH28CA,上大段,1481.00,非都市：特定農業區 ; 非都市編定：農牧用地
RPUOMLMKKHKFFBH08CA,青平段,314.65,都市：住
RPSOMLKKKHKFFBH67CA,三座屋段三座屋小段,1.14,都市：住
RPSOMLKKKHKFFBH67CA,三座屋段舊社小段,5.34,都市：住
RPURMLKKKHKFFBH18CA,雙嶺段,89.46,都市：工
RPURMLKKKHKFFBH18CA,雙嶺段,17.64,都市：工
RPRQMLLKKHKFFBH87CA,健行段,5.58,都市：其他
RPQPMLLKKHKFFBH67CA,自立段,34.85,都市：住
RPUPMLKKLHKFFAH97CA,富國段,.45,都市：住
RPVPMLKKLHKFFAH08CA,富國段,.91,都市：住
RPUQMLRKLHKFFBH88CA,大華段,601.25,都市：農
RPSNMLKKLHKFFBH67CA,仁美段,15.73,都市：住
RPVNMLTJLHKFFBH78CA,興南段興南小段,8.10,都市：商
RPVPMLLKKHKFFBH18CA,自立段,34.85,都市：住
RPTPMLLKKHKFFBH97CA,自立段,11.86,都市：住
RPUPMLLKKHKFFBH08CA,自立段,37.61,都市：住
RPWPMLLKKHKFFBH28CA,自立段,31.93,都市：住
RPSPMLLKKHKFFBH87CA,自立段,36.23,都市：住
RPPRMLQKKHKFFBH28CA,大潭段塘背小段,7620.00,非都市：特定農業區 ; 非都市編定：丁種建築用地
RPPRMLQKKHKFFBH28CA,大潭段塘背小段,612.00,非都市：特定農業區 ; 非都市編定：國土保安用地
RPPRMLQKKHKFFBH28CA,大潭段塘背小段,250.00,非都市：特定農業區 ; 非都市編定：丁種建築用地
RPPRMLQKKHKFFBH28CA,大潭段塘背小段,263.00,非都市：特定農業區 ; 非都市編定：國土保安用地
RPWNMLMKKHKFFBH18CA,三座屋段舊社小段,3.25,都市：住
RPWNMLMKKHKFFBH18CA,三座屋段舊社小段,4.75,都市：住
RPWNMLMKKHKFFBH18CA,三座屋段舊社小段,10.00,都市：住
RPWNMLMKKHKFFBH18CA,三座屋段舊社小段,.25,都市：住
RPWNMLMKKHKFFBH18CA,三座屋段舊社小段,6.00,都市：住
RPWNMLNJLHKFFBH28CA,仁美段,32.12,都市：住
RPOPMLLKKHKFFCH57CA,四方林段四方林小段,67.00,非都市：特定農業區 ; 非都市編定：甲種建築用地
RPTPMLRKKHKFFBH58CA,東寮段,65.61,都市：住
RPTPMLRKKHKFFBH58CA,東寮段,65.61,都市：住
RPQPMLLKKHKFFCH77CA,龍華段,67.19,都市：住
RPQPMLLKKHKFFCH77CA,龍華段,2.39,都市：住
RPQPMLLKKHKFFCH77CA,龍華段,2.48,都市：住
RPRPMLOLKHKFFBH18CA,青溪段,65.81,都市：住
RPUPMLOLKHKFFBH48CA,青溪段,71.00,都市：住
RPSPMLOLKHKFFBH28CA,青溪段,51.48,都市：住
RPVPMLOLKHKFFBH58CA,青溪段,51.24,都市：住
RPURMLQLKHKFFBH88CA,忠福段,11.72,都市：住
RPXNMLTJKHKFFDH09CA,頭重溪段,118.00,都市：住
RPPQMLMKKHKFFBH77CA,前寮段,69.61,都市：住
RPPQMLMKKHKFFBH77CA,前寮段,20.48,都市：其他
RPQQMLMKKHKFFBH87CA,環東段,12.05,都市：住
RPPOMLMKKHKFFDH77CA,國寶段,19.13,都市：住
RPPOMLMKKHKFFDH77CA,國寶段,8.00,都市：住
RPPOMLMKKHKFFDH77CA,國寶段,4.13,都市：住
RPTNMLRJKHKFFDH48CA,長岡嶺段,5550.40,都市：其他
RPUOMLPLKHKFFDH68CA,大坡段三角堀小段,2183.00,非都市：特定農業區 ; 非都市編定：農牧用地
RPUOMLPLKHKFFDH68CA,大坡段三角堀小段,2000.00,非都市：特定農業區 ; 非都市編定：農牧用地
RPWNMLMKKHKFFCH28CA,康莊段,67.48,都市：住
RPVNMLOJLHKFFDH48CA,大坡段三角堀小段,64.00,非都市：鄉村區 ; 非都市編定：乙種建築用地
RPVNMLOJLHKFFDH48CA,大坡段三角堀小段,35.00,非都市：鄉村區 ; 非都市編定：乙種建築用地
RPVNMLOJLHKFFDH48CA,大坡段三角堀小段,41.00,非都市：鄉村區 ; 非都市編定：乙種建築用地
RPUVMLQKKHKFFCH66CA,潛龍段,.53,非都市：鄉村區 ; 非都市編定：乙種建築用地
RPUVMLQKKHKFFCH66CA,潛龍段,35.96,非都市：鄉村區 ; 非都市編定：乙種建築用地
RPUOMLQJKHKFFDH58CA,草湳坡段埔心小段,23.50,都市：住
RPWOMLKKKHKFFDH28CA,高山段,2334.04,非都市：一般農業區 ; 非都市編定：農牧用地
RPXNMLKKKHKFFDH28CA,草湳坡段埔心小段,9.18,都市：商
RPVOMLPLKHKFFDH78CA,崁頭厝段崁頭厝小段,1320.00,非都市：一般農業區 ; 非都市編定：農牧用地
RPVOMLPLKHKFFDH78CA,崁頭厝段崁頭厝小段,1320.00,非都市：一般農業區 ; 非都市編定：農牧用地
RPVOMLTJKHKFFDH98CA,草湳坡段埔心小段,24.42,都市：住
RPQOMLQKKHKFFDH28CA,四湖段,15.58,非都市：特定農業區 ; 非都市編定：甲種建築用地
RPQOMLQKKHKFFDH28CA,四湖段,7.36,非都市：特定農業區 ; 非都市編定：甲種建築用地
RPQOMLQKKHKFFDH28CA,四湖段,56.00,非都市：特定農業區 ; 非都市編定：甲種建築用地
RPXOMLKKKHKFFDH38CA,高山段,1787.98,非都市：一般農業區 ; 非都市編定：林業用地
RPQOMLQJKHKFFEH28CA,羊稠段,23.57,都市：住
RPOOMLQJKHKFFEH08CA,南園段,33.12,都市：住
RPOOMLQJKHKFFEH08CA,南園段,.06,都市：住
RPPOMLOLKHKFFDH08CA,石磊子段石磊子小段,2057.00,非都市：特定農業區 ; 非都市編定：甲種建築用地
RPPOMLOLKHKFFDH08CA,石磊子段石磊子小段,222.00,非都市：特定農業區 ; 非都市編定：農牧用地
RPTNMLQJKHKFFEH48CA,六福段,4.25,都市：住
RPTPMLTJLHKFFDH98CA,四湖段,72.00,非都市：特定農業區 ; 非都市編定：甲種建築用地
RPPOMLMKKHKFFEH87CA,青峰段,193.33,都市：住
RPRNMLQKKHKFFDH28CA,大金山下段大金山下小段,7.19,都市：其他
RPPNMLQKKHKFFDH08CA,大金山下段大金山下小段,2.51,都市：住
RPQNMLQKKHKFFDH18CA,大金山下段大金山下小段,10.92,都市：住
RPQNMLQKKHKFFDH18CA,大金山下段大金山下小段,.25,都市：住
RPRPMLTJKHKFFEH78CA,沙崙段後厝小段,33.40,非都市：一般農業區 ; 非都市編定：農牧用地
RPRPMLTJKHKFFEH78CA,沙崙段後厝小段,33.40,非都市：一般農業區 ; 非都市編定：農牧用地
RPRPMLTJKHKFFEH78CA,沙崙段後厝小段,33.40,非都市：一般農業區 ; 非都市編定：農牧用地
RPRPMLTJKHKFFEH78CA,沙崙段後厝小段,33.40,非都市：一般農業區 ; 非都市編定：農牧用地
RPRPMLTJKHKFFEH78CA,沙崙段後厝小段,33.40,非都市：一般農業區 ; 非都市編定：農牧用地
RPVOMLQKKHKFFEH88CA,新中段,1801.43,都市：農
RPQQMLKKLHKFFDH97CA,長岡嶺段,724.05,非都市：特定農業區 ; 非都市編定：丁種建築用地
RPQQMLKKLHKFFDH97CA,長岡嶺段,729.39,非都市：特定農業區 ; 非都市編定：丁種建築用地
RPQQMLKKLHKFFDH97CA,長岡嶺段,24.02,非都市：特定農業區 ; 非都市編定：丁種建築用地
RPQQMLKKLHKFFDH97CA,長岡嶺段,395.03,非都市：特定農業區 ; 非都市編定：丁種建築用地
RPQQMLKKLHKFFDH97CA,長岡嶺段,596.16,非都市：特定農業區 ; 非都市編定：丁種建築用地
RPQQMLKKLHKFFDH97CA,長岡嶺段,2973.15,非都市：特定農業區 ; 非都市編定：丁種建築用地
RPQQMLKKLHKFFDH97CA,長岡嶺段,3196.01,非都市：特定農業區 ; 非都市編定：丁種建築用地
RPQTMLMJLHKFFEH48CA,南崁廟口段羊稠坑小段,351.00,都市：其他
RPUNMLKKKHKFFEH08CA,五福段,19.80,都市：住
RPTPMLMKKHKFFEH38CA,山鼻段,7.25,都市：其他
RPTPMLMKKHKFFEH38CA,長興段,2.25,都市：其他
RPRNMLRKKHKFFEH48CA,南崁廟口段營盤坑小段,248.00,都市：其他
RPRNMLRKKHKFFEH48CA,南崁廟口段營盤坑小段,36.00,都市：其他
RPRNMLRKKHKFFEH48CA,南崁廟口段營盤坑小段,30.00,都市：其他
RPSNMLLKKHKFFEH97CA,南崁廟口段營盤坑小段,56.06,都市：其他
RPSNMLLKKHKFFEH97CA,南崁廟口段營盤坑小段,26.50,都市：其他
RPPNMLMJLHKFFEH77CA,河底段,1.94,都市：住
RPXNMLRKKHKFFFH56CA,福興段,21.80,都市：住
RPTNMLPLKHKFFEH58CA,大新段,.57,都市：住
RPTNMLPLKHKFFEH58CA,大新段,6.37,都市：住
RPTNMLPLKHKFFEH58CA,大新段,.55,都市：住
RPTNMLPLKHKFFEH58CA,大新段,83.11,都市：住
RPTNMLPLKHKFFEH58CA,大新段,2.44,都市：住
RPQPMLTJKHKFFFH78CA,茄明段,12.89,都市：住
RPROMLQJLHKFFFH58CA,新興段,69.50,非都市：特定農業區 ; 非都市編定：甲種建築用地
RPTOMLQJKHKFFGH78CA,復旦段,24.39,都市：住
RPPNMLQJLHKFFEH18CA,河底段,19.19,都市：住
RPSPMLOLKHKFFFH68CA,福興段,24.11,都市：商
RPVPMLOLKHKFFFH98CA,福興段,15.73,都市：商
RPUPMLOLKHKFFFH88CA,福興段,15.19,都市：商
RPTOMLKKKHKFFGH28CA,新富段,12.84,都市：住
RPWNMLLKKHKFFGH58CA,廣豐段,.13,都市：住
RPORMLLKKHKFFGH18CA,金鍊段,62.16,都市：其他
RPXPMLLKKHKFFFH78CA,大庄段,28.87,非都市：鄉村區 ; 非都市編定：乙種建築用地
RPPPMLNKKHKFFGH28CA,東豐段,30.49,都市：住
RPPPMLNKKHKFFGH28CA,東豐段,.40,都市：住
RPRPMLNKKHKFFGH48CA,東豐段,26.48,都市：住
RPRPMLNKKHKFFGH48CA,東豐段,.40,都市：住
RPQPMLNKKHKFFGH38CA,東豐段,35.31,都市：住
RPQPMLNKKHKFFGH38CA,東豐段,.40,都市：住
RPSPMLNKKHKFFGH58CA,東豐段,24.88,都市：住
RPSPMLNKKHKFFGH58CA,東豐段,.40,都市：住
RPRPMLKKKHKFFGH18CA,平鎮段,9.99,都市：商
RPWOMLNJLHKFFGH88CA,台水段,3382.02,都市：工
RPPNMLQKKHKFFGH38CA,東北段,258.00,都市：住
RPQNMLQKKHKFFFH38CA,前程段,58.54,都市：住
RPPOMLMKKHKFFGH08CA,廣德段,28.08,都市：住
RPVNMLMKKHKFFGH58CA,廣東段,15.90,都市：住
RPVNMLKKKHKFFAH87DA,春日段,13.77,都市：住
RPROMLKKKHKFFAH57DA,中埔段,63.76,都市：住
RPQPMLLKKHKFFAH67DA,中埔段,27.12,都市：住
RPWOMLPLKHKFFAH68DA,中路段,12.40,都市：住
RPTRMLKKKHKFFBH18DA,普義段,60.34,都市：住
RPWOMLOJLHKFFEH78CA,青山段,1256.82,都市：住
RPTNMLOJLHKFFEH38CA,坑子外段外社小段,6.28,都市：其他
RPTNMLOJLHKFFEH38CA,坑子外段外社小段,1.78,都市：其他
RPTNMLOJLHKFFEH38CA,坑子外段外社小段,.18,都市：其他
RPTNMLOJLHKFFEH38CA,坑子外段外社小段,8.82,都市：其他
RPTNMLOJLHKFFEH38CA,坑子外段外社小段,3.99,都市：其他
RPTNMLOJLHKFFEH38CA,坑子外段外社小段,.86,都市：其他
RPTNMLOJLHKFFEH38CA,坑子外段外社小段,.74,都市：其他
RPTNMLOJLHKFFEH38CA,坑子外段外社小段,14.45,都市：其他
RPTNMLOJLHKFFEH38CA,南崁廟口段山鼻子小段,1.38,都市：農
RPTNMLOJLHKFFEH38CA,南崁廟口段山鼻子小段,.12,都市：農
RPTNMLOJLHKFFEH38CA,南崁廟口段山鼻子小段,.01,都市：農
RPTNMLOJLHKFFEH38CA,南崁廟口段山鼻子小段,.96,都市：農
RPTNMLOJLHKFFEH38CA,南崁廟口段山鼻子小段,3.06,都市：農
RPTNMLOJLHKFFEH38CA,南崁廟口段蕃子厝小段,2.09,都市：其他
RPTNMLOJLHKFFEH38CA,南崁廟口段蕃子厝小段,47.12,都市：其他
RPUQMLTJKHKFFBH98DA,復興段,14.45,都市：住
RPWNMLPLKHKFFDH88DA,永福段,119.68,都市：農
RPROMLTJLHKFFAH48DA,福元段,55.00,都市：住
RPQNMLOJLHKFFCH97DA,銅鑼圈段,85.00,非都市：山坡地保育區 ; 非都市編定：丙種建築用地
RPQNMLOJLHKFFCH97DA,銅鑼圈段,111.00,非都市：山坡地保育區 ; 非都市編定：丙種建築用地
RPQNMLOJLHKFFCH97DA,銅鑼圈段,70.00,非都市：山坡地保育區 ; 非都市編定：丙種建築用地
RPQNMLOJLHKFFCH97DA,銅鑼圈段,145.00,非都市：山坡地保育區 ; 非都市編定：丙種建築用地
RPQNMLOJLHKFFCH97DA,銅鑼圈段,329.00,非都市：山坡地保育區 ; 非都市編定：丙種建築用地
RPQNMLOJLHKFFCH97DA,銅鑼圈段,70.00,非都市：山坡地保育區 ; 非都市編定：丙種建築用地
RPQNMLOJLHKFFCH97DA,銅鑼圈段,78.00,非都市：山坡地保育區 ; 非都市編定：丙種建築用地
RPQNMLOJLHKFFCH97DA,銅鑼圈段,80.00,非都市：山坡地保育區 ; 非都市編定：丙種建築用地
RPQNMLOJLHKFFCH97DA,銅鑼圈段,82.00,非都市：山坡地保育區 ; 非都市編定：丙種建築用地
RPQNMLOJLHKFFCH97DA,銅鑼圈段,70.00,非都市：山坡地保育區 ; 非都市編定：丙種建築用地
RPQNMLOJLHKFFCH97DA,銅鑼圈段,111.00,非都市：山坡地保育區 ; 非都市編定：丙種建築用地
RPTNMLRKKHKFFGH88CA,東豐段,52.21,都市：住
RPPNMLTJKHKFFGH68DA,富貴段,114.16,非都市：特定農業區 ; 非都市編定：農牧用地
RPVQMLQKKHKFFAH78DA,中山段,21.36,都市：住
RPSOMLTJKHKFFEH88DA,羊稠段,13.71,都市：住
RPPNMLLKKHKFFBH57EA,中興段,6.27,都市：其他
RPPNMLLKKHKFFBH57EA,中興段,1.25,都市：其他
RPWOMLNJLHKFFBH48DA,富強段,3.84,都市：住
RPQNMLLKKHKFFBH67EA,中興段,10.56,都市：其他
RPSNMLLKKHKFFBH87EA,中興段,8.30,都市：其他
RPXNMLKKKHKFFCH28DA,八張犁段,83.00,非都市：鄉村區 ; 非都市編定：乙種建築用地
RPTOMLTJKHKFFGH56DA,平鎮段,20.17,都市：住
RPTOMLTJKHKFFGH56DA,平鎮段,82.00,都市：住
RPORMLQLKHKFFAH38EA,慈文段,23.00,都市：住
RPORMLQLKHKFFAH38EA,慈文段,95.00,都市：住
RPTNMLTJLHKFFBH78EA,華興段,21.40,都市：住
RPQNMLRKKHKFFBH28EA,上嶺段,165.29,都市：農
RPSNMLKKKHKFFBH77EA,中寮段,120.01,都市：住
RPSPMLKKLHKFFAH97EA,中路三段,26.10,都市：住
RPRNMLKKKHKFFBH67EA,中壢埔頂段,5.96,都市：住
RPPNMLTJKHKFFEH58EA,南新段,3.33,都市：住
RPTNMLTJKHKFFCH78EA,田心子段上田心子小段,13.43,都市：住
RPTOMLRKLHKFFFH56EA,華興段,64.90,非都市：鄉村區 ; 非都市編定：乙種建築用地
RPRNMLPJLHKFFCH28EA,八張犁段,85.00,非都市：鄉村區 ; 非都市編定：乙種建築用地
RPSNMLKKLHKFFGH38EA,西社段,38.98,都市：住
RPOPMLKLLHKFFAH67EA,三元段,37.50,都市：住
RPPNMLRKKHKFFEH48EA,大園段,41.50,都市：住
RPPNMLRKKHKFFEH48EA,大園段,68.00,都市：住
RPWNMLKKKHKFFEH48EA,河底段,16.56,都市：住
RPUQMLKLMHKFFAH48EA,陸光段,41.81,都市：住
RPPQMLKLMHKFFAH97EA,大有段,35.97,都市：住
RPTNMLRKLHKFFFH09EA,中華段,20.27,非都市：鄉村區 ; 非都市編定：乙種建築用地
RPTNMLRKLHKFFFH09EA,中華段,7.77,非都市：鄉村區 ; 非都市編定：乙種建築用地
RPSOMLTJLHKFFCH88EA,三元段,15.83,非都市：鄉村區 ; 非都市編定：乙種建築用地
RPQOMLTJKHKFFCH58EA,潛龍段,40.62,非都市：鄉村區 ; 非都市編定：乙種建築用地
RPRPMLPLKHKFFAH28DA,半嶺段,6.27,都市：住
RPRPMLPLKHKFFAH28DA,半嶺段,1.93,都市：住
RPRNMLTJLHKFFBH58EA,普義段,36.60,都市：住
RPUSMLQKKHKFFAH88DA,興華段,15.69,都市：商
RPXSMLQKKHKFFAH56DA,興華段,16.73,都市：商
RPTSMLQKKHKFFAH78DA,興華段,15.69,都市：商
RPWNMLOLLHKFFAH68EA,半嶺段,.59,都市：其他
RPWNMLOLLHKFFAH68EA,半嶺段,29.38,都市：住
RPWNMLOLLHKFFAH68EA,半嶺段,.64,都市：其他
RPWNMLOLLHKFFAH68EA,半嶺段,1.70,都市：其他
RPROMLNJLHKFFGH38CA,金星段,28.37,都市：住
RPROMLNJLHKFFGH38CA,金星段,88.43,都市：住
RPXOMLQKKHKFFGH66CA,振平段,29.91,都市：住
RPRNMLPKKHKFFGH48CA,山子頂段,59.38,都市：住
RPPQMLQKKHKFFBH38EA,成功段,.99,都市：住
RPPQMLQKKHKFFBH38EA,成功段,.46,都市：住
RPPQMLQKKHKFFBH38EA,成功段,.54,都市：住
RPPQMLQKKHKFFBH38EA,成功段,1.00,都市：住
RPPQMLQKKHKFFBH38EA,成功段,1.00,都市：住
RPPQMLQKKHKFFBH38EA,成功段,1.00,都市：住
RPPQMLQKKHKFFBH38EA,成功段,.66,都市：住
RPPQMLQKKHKFFBH38EA,成功段,.51,都市：住
RPPQMLQKKHKFFBH38EA,成功段,1.00,都市：住
RPPQMLQKKHKFFBH38EA,成功段,1.00,都市：住
RPPQMLQKKHKFFBH38EA,成功段,1.00,都市：住
RPPQMLQKKHKFFBH38EA,成功段,.60,都市：住
RPPQMLQKKHKFFBH38EA,成功段,.24,都市：住
RPPQMLQKKHKFFBH38EA,成功段,1.00,都市：住
RPPQMLQKKHKFFBH38EA,成功段,1.00,都市：住
RPPQMLQKKHKFFBH38EA,成功段,1.00,都市：住
RPPQMLQKKHKFFBH38EA,成功段,1.00,都市：住
RPPQMLQKKHKFFBH38EA,成功段,.28,都市：住
RPPQMLQKKHKFFBH38EA,成功段,.37,都市：住
RPPQMLQKKHKFFBH38EA,成功段,1.00,都市：住
RPPQMLQKKHKFFBH38EA,成功段,1.00,都市：住
RPPQMLQKKHKFFBH38EA,成功段,.73,都市：住
RPPQMLQKKHKFFBH38EA,成功段,1.00,都市：住
RPPQMLQKKHKFFBH38EA,成功段,1.00,都市：住
RPPQMLQKKHKFFBH38EA,成功段,1.00,都市：住
RPSOMLKKKHKFFGH18CA,北興段,15.27,都市：農
RPSOMLKKKHKFFGH18CA,北興段,1.35,都市：農
RPSOMLKKKHKFFGH18CA,北興段,26.44,都市：農
RPSOMLKKKHKFFGH18CA,北興段,121.76,都市：農
RPSOMLKKKHKFFGH18CA,北興段,14.12,都市：農
RPUOMLKKKHKFFGH38CA,西社段,5.63,都市：住
RPUOMLKKKHKFFGH38CA,西社段,17.51,都市：住
RPOQMLNKKHKFFGH28CA,東豐段,80.55,都市：商
RPQOMLTJKHKFFGH78CA,義民段,33.58,都市：住
RPSOMLTJKHKFFGH98CA,廣仁段,24.30,都市：工
RPUNMLPKMHKFFAH58EA,蔗園段,8.15,都市：工
RPXOMLQLLHKFFAH09EA,中山段,17.98,都市：住
RPPNMLTJLHKFFGH68CA,中央段,11.06,都市：農
RPUNMLTJKHKFFGH09CA,忠貞段,47.54,都市：住
RPUNMLTJKHKFFGH09CA,忠貞段,14.34,都市：住
RPQROLMKKHKFFGH68CA,中央段,11.06,都市：住
RPOQOLMKKHKFFGH38CA,宋屋段高山下小段,73.73,都市：住
RPQPMLLKKHKFFFH08CA,大發段,1689.27,非都市：特定農業區 ; 非都市編定：農牧用地
RPRQOLMKKHKFFGH68CA,廣北段,7.12,都市：商
RPPQOLMKKHKFFGH48CA,廣北段,7.77,都市：商
RPQQOLMKKHKFFGH58CA,廣北段,7.12,都市：商
RPWNMLQJLHKFFFH98CA,茄明段,554.76,都市：農
RPTNMLLKLHKFFGH38CA,金星段,15.40,都市：住
RPXSMLMJLHKFFEH09CA,河底段,11.68,都市：住
RPPNMLRJLHKFFGH48CA,新生段,67.94,都市：住
RPXNMLNKKHKFFEH68CA,坑子口段海湖小段,90.00,非都市：一般農業區 ; 非都市編定：甲種建築用地
RPTOMLQKKHKFFEH68CA,河底段,23.95,都市：住
RPVOMLOJLHKFFEH68CA,青山段,1542.74,都市：住
RPTNMLNKKHKFFEH28CA,竹圍段海方厝小段,265.02,非都市：一般農業區 ; 非都市編定：農牧用地
RPUOMLOJLHKFFEH58CA,青山段,1157.06,都市：住
RPQNMLOJLHKFFEH08CA,六福段,198.35,都市：其他
RPPNMLOJLHKFFEH97CA,六福段,599.00,都市：其他
RPPNMLOJLHKFFEH97CA,六福段,598.00,都市：其他
RPXNMLQJLHKFFEH98CA,南崁段,26.07,都市：住
RPQOMLQJLHKFFEH38CA,南華段,59.29,都市：住
RPOOMLQJLHKFFEH18CA,南崁段,26.07,都市：住
RPSOMLLKKHKFFEH08CA,五福段,24.03,都市：住
RPSNMLQKKHKFFEH48CA,文新段,56.68,都市：農
RPVNMLRKKHKFFEH88CA,青峰段,30.48,都市：住
RPTNMLKKKHKFFEH97CA,錦中段,198.09,都市：其他
RPTNMLKKKHKFFEH97CA,錦中段,72.45,都市：其他
RPVNMLKKKHKFFEH18CA,羊稠段,6.66,都市：住
RPVNMLKKKHKFFEH18CA,羊稠段,12.16,都市：住
RPVNMLKKKHKFFEH18CA,羊稠段,42.78,都市：住
RPTNMLLKKHKFFEH08CA,南崁廟口段營盤坑小段,46.17,都市：其他
RPTNMLLKKHKFFEH08CA,南崁廟口段營盤坑小段,90.24,都市：其他
RPSNMLMKKHKFFEH08CA,青峰段,63.99,都市：住
RPPNMLPKKHKFFEH08CA,南崁廟口段廟口小段,14.24,都市：住
RPRPMLMKKHKFFEH18CA,羊稠段,13.78,都市：商
RPVNMLRKKHKFFDH78CA,瑞上段,51.07,非都市：特定農業區 ; 非都市編定：甲種建築用地
RPPNMLRLKHKFFDH28CA,草湳坡段埔心小段,10.69,都市：住
RPVNMLOLKHKFFDH58CA,高榮段,70.34,非都市：一般農業區 ; 非都市編定：甲種建築用地
RPVNMLOLKHKFFDH58CA,高榮段,4.26,非都市：一般農業區 ; 非都市編定：甲種建築用地
RPQOMLLKKHKFFDH77CA,楊湖段,8.00,非都市：特定農業區 ; 非都市編定：甲種建築用地
RPTNMLPKKHKFFDH38CA,瑞坪段,93.07,非都市：山坡地保育區 ; 非都市編定：丙種建築用地
RPQOMLRKKHKFFCH28CA,銅鑼圈段,100.00,非都市：山坡地保育區 ; 非都市編定：農牧用地
RPQOMLRKKHKFFCH28CA,銅鑼圈段,2500.00,非都市：山坡地保育區 ; 非都市編定：農牧用地
RPQOMLRKKHKFFCH28CA,銅鑼圈段,2500.00,非都市：山坡地保育區 ; 非都市編定：農牧用地
RPXOMLOLKHKFFCH78CA,逸園段,157.40,非都市：一般農業區 ; 非都市編定：農牧用地
RPXOMLOLKHKFFCH78CA,逸園段,208.91,非都市：一般農業區 ; 非都市編定：農牧用地
RPXOMLOLKHKFFCH78CA,逸園段,395.49,非都市：一般農業區 ; 非都市編定：農牧用地
RPXOMLOLKHKFFCH78CA,逸園段,124.53,非都市：一般農業區 ; 非都市編定：農牧用地
RPWNMLOLKHKFFCH58CA,九座寮段,3.07,非都市：一般農業區 ; 非都市編定：窯業用地
RPWNMLOLKHKFFCH58CA,九座寮段,104.45,非都市：一般農業區 ; 非都市編定：窯業用地
RPWNMLOLKHKFFCH58CA,九座寮段,529.00,非都市：一般農業區 ; 非都市編定：窯業用地
RPROMLNKKHKFFDH08CA,啟明段,1722.67,都市：農
RPOPMLTJKHKFFDH38CA,秀才段,35.18,非都市：一般農業區 ; 非都市編定：甲種建築用地
RPPOMLKKKHKFFDH57CA,下田心子段下田心子小段,73.00,非都市：特定農業區 ; 非都市編定：甲種建築用地
RPTOMLMKLHKFFDH28CA,永寧段,64564.72,非都市：山坡地保育區 ; 非都市編定：遊憩用地
RPTOMLMKLHKFFDH28CA,永寧段,41.10,非都市：山坡地保育區 ; 非都市編定：特定目的事業用地
RPTOMLMKLHKFFDH28CA,永寧段,4581.54,非都市：山坡地保育區 ; 非都市編定：遊憩用地
RPTOMLMKLHKFFDH28CA,永寧段,16462.22,非都市：山坡地保育區 ; 非都市編定：遊憩用地
RPTOMLMKLHKFFDH28CA,永寧段,21162.12,非都市：山坡地保育區 ; 非都市編定：國土保安用地
RPTOMLMKLHKFFDH28CA,永寧段,9639.53,非都市：山坡地保育區 ; 非都市編定：國土保安用地
RPTOMLMKLHKFFDH28CA,永楊段,1961.29,非都市：山坡地保育區 ; 非都市編定：交通用地
RPTOMLMKLHKFFDH28CA,永楊段,1325.40,非都市：山坡地保育區 ; 非都市編定：遊憩用地
RPTOMLMKLHKFFDH28CA,永楊段,748.27,非都市：山坡地保育區 ; 非都市編定：交通用地
RPTOMLMKLHKFFDH28CA,永楊段,692.95,非都市：山坡地保育區 ; 非都市編定：遊憩用地
RPTOMLMKLHKFFDH28CA,永楊段,31.48,非都市：山坡地保育區 ; 非都市編定：國土保安用地
RPTOMLMKLHKFFDH28CA,永楊段,561.49,非都市：山坡地保育區 ; 非都市編定：交通用地
RPTOMLMKLHKFFDH28CA,永楊段,1091.05,非都市：山坡地保育區 ; 非都市編定：國土保安用地
RPTOMLMKLHKFFDH28CA,永楊段,106.38,非都市：山坡地保育區 ; 非都市編定：國土保安用地
RPTOMLMKLHKFFDH28CA,永楊段,1972.38,非都市：山坡地保育區 ; 非都市編定：交通用地
RPTOMLMKLHKFFDH28CA,永楊段,2636.74,非都市：山坡地保育區 ; 非都市編定：國土保安用地
RPTOMLMKLHKFFDH28CA,永楊段,1436.08,非都市：山坡地保育區 ; 非都市編定：國土保安用地
RPTOMLMKLHKFFDH28CA,永楊段,1077.80,非都市：山坡地保育區 ; 非都市編定：國土保安用地
RPTOMLMKLHKFFDH28CA,永楊段,49.02,非都市：山坡地保育區 ; 非都市編定：特定目的事業用地
RPTOMLMKLHKFFDH28CA,永楊段,161.38,非都市：山坡地保育區 ; 非都市編定：特定目的事業用地
RPTOMLMKLHKFFDH28CA,永楊段,2565.90,非都市：山坡地保育區 ; 非都市編定：遊憩用地
RPTOMLMKLHKFFDH28CA,永楊段,1592.75,非都市：山坡地保育區 ; 非都市編定：遊憩用地
RPTOMLMKLHKFFDH28CA,永楊段,279.58,非都市：山坡地保育區 ; 非都市編定：遊憩用地
RPTOMLMKLHKFFDH28CA,永楊段,189.27,非都市：山坡地保育區 ; 非都市編定：遊憩用地
RPTOMLMKLHKFFDH28CA,永楊段,76.80,非都市：山坡地保育區 ; 非都市編定：遊憩用地
RPTOMLMKLHKFFDH28CA,永楊段,453.74,非都市：山坡地保育區 ; 非都市編定：遊憩用地
RPTOMLMKLHKFFDH28CA,永楊段,1144.47,非都市：山坡地保育區 ; 非都市編定：遊憩用地
RPTOMLMKLHKFFDH28CA,永楊段,27443.64,非都市：山坡地保育區 ; 非都市編定：遊憩用地
RPTOMLMKLHKFFDH28CA,永楊段,200.18,非都市：山坡地保育區 ; 非都市編定：遊憩用地
RPTOMLMKLHKFFDH28CA,永楊段,257.52,非都市：山坡地保育區 ; 非都市編定：遊憩用地
RPTOMLMKLHKFFDH28CA,永楊段,2307.65,非都市：山坡地保育區 ; 非都市編定：遊憩用地
RPTOMLMKLHKFFDH28CA,永楊段,1301.88,非都市：山坡地保育區 ; 非都市編定：遊憩用地
RPTOMLMKLHKFFDH28CA,永楊段,6143.22,非都市：山坡地保育區 ; 非都市編定：遊憩用地
RPTOMLMKLHKFFDH28CA,永楊段,1578.17,非都市：山坡地保育區 ; 非都市編定：國土保安用地
RPTOMLMKLHKFFDH28CA,永楊段,1868.63,非都市：山坡地保育區 ; 非都市編定：國土保安用地
RPTOMLMKLHKFFDH28CA,永楊段,5554.03,非都市：山坡地保育區 ; 非都市編定：遊憩用地
RPTOMLMKLHKFFDH28CA,永楊段,1310.51,非都市：山坡地保育區 ; 非都市編定：遊憩用地
RPTOMLMKLHKFFDH28CA,永楊段,217.17,非都市：山坡地保育區 ; 非都市編定：遊憩用地
RPTOMLMKLHKFFDH28CA,永楊段,1107.94,非都市：山坡地保育區 ; 非都市編定：遊憩用地
RPTOMLMKLHKFFDH28CA,永楊段,12116.72,非都市：山坡地保育區 ; 非都市編定：遊憩用地
RPTOMLMKLHKFFDH28CA,永楊段,319.26,非都市：山坡地保育區 ; 非都市編定：遊憩用地
RPTOMLMKLHKFFDH28CA,永楊段,595.34,非都市：山坡地保育區 ; 非都市編定：交通用地
RPTOMLMKLHKFFDH28CA,永楊段,3137.18,非都市：山坡地保育區 ; 非都市編定：遊憩用地
RPTOMLMKLHKFFDH28CA,永楊段,339.38,非都市：山坡地保育區 ; 非都市編定：交通用地
RPTOMLMKLHKFFDH28CA,永楊段,33.36,非都市：山坡地保育區 ; 非都市編定：遊憩用地
RPTOMLMKLHKFFDH28CA,永楊段,4339.99,非都市：山坡地保育區 ; 非都市編定：遊憩用地
RPTOMLMKLHKFFDH28CA,永楊段,4073.20,非都市：山坡地保育區 ; 非都市編定：遊憩用地
RPTOMLMKLHKFFDH28CA,永楊段,265.14,非都市：山坡地保育區 ; 非都市編定：國土保安用地
RPTOMLMKLHKFFDH28CA,永楊段,256.45,非都市：山坡地保育區 ; 非都市編定：國土保安用地
RPTOMLMKLHKFFDH28CA,永楊段,486.48,非都市：山坡地保育區 ; 非都市編定：遊憩用地
RPTOMLMKLHKFFDH28CA,永楊段,4845.80,非都市：山坡地保育區 ; 非都市編定：遊憩用地
RPTOMLMKLHKFFDH28CA,永楊段,5151.06,非都市：山坡地保育區 ; 非都市編定：遊憩用地
RPTOMLMKLHKFFDH28CA,永楊段,10664.80,非都市：山坡地保育區 ; 非都市編定：遊憩用地
RPTOMLMKLHKFFDH28CA,永楊段,952.27,非都市：山坡地保育區 ; 非都市編定：遊憩用地
RPTOMLMKLHKFFDH28CA,永楊段,36.00,非都市：山坡地保育區 ; 非都市編定：遊憩用地
RPTOMLMKLHKFFDH28CA,永楊段,690.81,非都市：山坡地保育區 ; 非都市編定：遊憩用地
RPTOMLMKLHKFFDH28CA,永楊段,13185.55,非都市：山坡地保育區 ; 非都市編定：遊憩用地
RPTOMLMKLHKFFDH28CA,永楊段,3043.30,非都市：山坡地保育區 ; 非都市編定：遊憩用地
RPTOMLMKLHKFFDH28CA,永楊段,607.26,非都市：山坡地保育區 ; 非都市編定：遊憩用地
RPTOMLMKLHKFFDH28CA,永楊段,815.79,非都市：山坡地保育區 ; 非都市編定：遊憩用地
RPTOMLMKLHKFFDH28CA,永楊段,687.18,非都市：山坡地保育區 ; 非都市編定：遊憩用地
RPTOMLMKLHKFFDH28CA,永楊段,2127.54,非都市：山坡地保育區 ; 非都市編定：遊憩用地
RPTOMLMKLHKFFDH28CA,永楊段,953.39,非都市：山坡地保育區 ; 非都市編定：遊憩用地
RPTOMLMKLHKFFDH28CA,永楊段,4399.28,非都市：山坡地保育區 ; 非都市編定：遊憩用地
RPTOMLMKLHKFFDH28CA,永楊段,738.05,非都市：山坡地保育區 ; 非都市編定：遊憩用地
RPTOMLMKLHKFFDH28CA,永楊段,480.15,非都市：山坡地保育區 ; 非都市編定：遊憩用地
RPTOMLMKLHKFFDH28CA,永楊段,6048.70,非都市：山坡地保育區 ; 非都市編定：遊憩用地
RPTOMLMKLHKFFDH28CA,永楊段,5680.85,非都市：山坡地保育區 ; 非都市編定：遊憩用地
RPTOMLMKLHKFFDH28CA,永楊段,2152.51,非都市：山坡地保育區 ; 非都市編定：遊憩用地
RPTOMLMKLHKFFDH28CA,永楊段,522.94,非都市：山坡地保育區 ; 非都市編定：遊憩用地
RPTOMLMKLHKFFDH28CA,永楊段,1896.76,非都市：山坡地保育區 ; 非都市編定：遊憩用地
RPTOMLMKLHKFFDH28CA,永楊段,2565.12,非都市：山坡地保育區 ; 非都市編定：遊憩用地
RPTOMLMKLHKFFDH28CA,永楊段,1697.97,非都市：山坡地保育區 ; 非都市編定：遊憩用地
RPTOMLMKLHKFFDH28CA,永楊段,2045.58,非都市：山坡地保育區 ; 非都市編定：遊憩用地
RPTOMLMKLHKFFDH28CA,永楊段,351.06,非都市：山坡地保育區 ; 非都市編定：遊憩用地
RPTOMLMKLHKFFDH28CA,永楊段,2673.70,非都市：山坡地保育區 ; 非都市編定：遊憩用地
RPTOMLMKLHKFFDH28CA,永楊段,346.44,非都市：山坡地保育區 ; 非都市編定：遊憩用地
RPTOMLMKLHKFFDH28CA,永楊段,215.38,非都市：山坡地保育區 ; 非都市編定：遊憩用地
RPTOMLMKLHKFFDH28CA,永楊段,1610.67,非都市：山坡地保育區 ; 非都市編定：遊憩用地
RPTOMLMKLHKFFDH28CA,永楊段,9768.31,非都市：山坡地保育區 ; 非都市編定：遊憩用地
RPTOMLMKLHKFFDH28CA,永楊段,232.43,非都市：山坡地保育區 ; 非都市編定：遊憩用地
RPTOMLMKLHKFFDH28CA,永楊段,9062.10,非都市：山坡地保育區 ; 非都市編定：遊憩用地
RPTOMLMKLHKFFDH28CA,永楊段,377.31,非都市：山坡地保育區 ; 非都市編定：遊憩用地
RPTOMLMKLHKFFDH28CA,永楊段,1034.12,非都市：山坡地保育區 ; 非都市編定：遊憩用地
RPTOMLMKLHKFFDH28CA,永楊段,7337.56,非都市：山坡地保育區 ; 非都市編定：遊憩用地
RPTOMLMKLHKFFDH28CA,永楊段,1999.59,非都市：山坡地保育區 ; 非都市編定：遊憩用地
RPTOMLMKLHKFFDH28CA,永楊段,1035.53,非都市：山坡地保育區 ; 非都市編定：遊憩用地
RPTOMLMKLHKFFDH28CA,永楊段,124.91,非都市：山坡地保育區 ; 非都市編定：遊憩用地
RPTOMLMKLHKFFDH28CA,永楊段,568.17,非都市：山坡地保育區 ; 非都市編定：遊憩用地
RPTOMLMKLHKFFDH28CA,永楊段,329.52,非都市：山坡地保育區 ; 非都市編定：遊憩用地
RPTOMLMKLHKFFDH28CA,永楊段,3315.30,非都市：山坡地保育區 ; 非都市編定：遊憩用地
RPTOMLMKLHKFFDH28CA,永楊段,567.14,非都市：山坡地保育區 ; 非都市編定：遊憩用地
RPTOMLMKLHKFFDH28CA,永楊段,6681.47,非都市：山坡地保育區 ; 非都市編定：遊憩用地
RPTOMLMKLHKFFDH28CA,永楊段,828.26,非都市：山坡地保育區 ; 非都市編定：遊憩用地
RPTNMLMKKHKFFCH97CA,銅鑼圈段,42.75,非都市：山坡地保育區 ; 非都市編定：丙種建築用地
RPTNMLMKKHKFFCH97CA,銅鑼圈段,186.00,非都市：山坡地保育區 ; 非都市編定：丙種建築用地
RPPOMLMKKHKFFCH67CA,銅鑼圈段,42.75,非都市：山坡地保育區 ; 非都市編定：丙種建築用地
RPPOMLMKKHKFFCH67CA,銅鑼圈段,181.00,非都市：山坡地保育區 ; 非都市編定：丙種建築用地
RPUOMLMKLHKFFDH38CA,永寧段,7093.48,非都市：山坡地保育區 ; 非都市編定：遊憩用地
RPUOMLMKLHKFFDH38CA,永寧段,20210.94,非都市：山坡地保育區 ; 非都市編定：遊憩用地
RPUOMLMKLHKFFDH38CA,永寧段,1438.70,非都市：山坡地保育區 ; 非都市編定：遊憩用地
RPUOMLMKLHKFFDH38CA,永寧段,1264.82,非都市：山坡地保育區 ; 非都市編定：交通用地
RPUOMLMKLHKFFDH38CA,永寧段,17797.68,非都市：山坡地保育區 ; 非都市編定：遊憩用地
RPUOMLMKLHKFFDH38CA,永寧段,1620.27,非都市：山坡地保育區 ; 非都市編定：遊憩用地
RPUOMLMKLHKFFDH38CA,永寧段,13925.12,非都市：山坡地保育區 ; 非都市編定：國土保安用地
RPUOMLMKLHKFFDH38CA,永寧段,4738.25,非都市：山坡地保育區 ; 非都市編定：國土保安用地
RPUOMLMKLHKFFDH38CA,永寧段,127.19,非都市：山坡地保育區 ; 非都市編定：國土保安用地
RPUOMLMKLHKFFDH38CA,永寧段,233.37,非都市：山坡地保育區 ; 非都市編定：國土保安用地
RPUOMLMKLHKFFDH38CA,永寧段,10432.30,非都市：山坡地保育區 ; 非都市編定：遊憩用地
RPUOMLMKLHKFFDH38CA,永寧段,11584.04,非都市：山坡地保育區 ; 非都市編定：遊憩用地
RPUOMLMKLHKFFDH38CA,永寧段,662.36,非都市：山坡地保育區 ; 非都市編定：交通用地
RPUOMLMKLHKFFDH38CA,永寧段,461.01,非都市：山坡地保育區 ; 非都市編定：遊憩用地
RPUOMLMKLHKFFDH38CA,永寧段,768.94,非都市：山坡地保育區 ; 非都市編定：遊憩用地
RPUOMLMKLHKFFDH38CA,永寧段,413.68,非都市：山坡地保育區 ; 非都市編定：交通用地
RPUOMLMKLHKFFDH38CA,永寧段,1479.15,非都市：山坡地保育區 ; 非都市編定：遊憩用地
RPUOMLMKLHKFFDH38CA,永寧段,38020.19,非都市：山坡地保育區 ; 非都市編定：遊憩用地
RPUOMLMKLHKFFDH38CA,永楊段,3664.59,非都市：山坡地保育區 ; 非都市編定：國土保安用地
RPUOMLMKLHKFFDH38CA,永楊段,394.77,非都市：山坡地保育區 ; 非都市編定：交通用地
RPUOMLMKLHKFFDH38CA,永楊段,570.97,非都市：山坡地保育區 ; 非都市編定：國土保安用地
RPUOMLMKLHKFFDH38CA,永楊段,5633.33,非都市：山坡地保育區 ; 非都市編定：遊憩用地
RPUOMLMKLHKFFDH38CA,永楊段,152.61,非都市：山坡地保育區 ; 非都市編定：交通用地
RPUOMLMKLHKFFDH38CA,永楊段,9847.03,非都市：山坡地保育區 ; 非都市編定：遊憩用地
RPUOMLMKLHKFFDH38CA,永楊段,448.22,非都市：山坡地保育區 ; 非都市編定：交通用地
RPUOMLMKLHKFFDH38CA,永楊段,50.46,非都市：山坡地保育區 ; 非都市編定：交通用地
RPUOMLMKLHKFFDH38CA,永楊段,1150.06,非都市：山坡地保育區 ; 非都市編定：遊憩用地
RPUOMLMKLHKFFDH38CA,永楊段,8903.77,非都市：山坡地保育區 ; 非都市編定：國土保安用地
RPUOMLMKLHKFFDH38CA,永楊段,384.63,非都市：山坡地保育區 ; 非都市編定：交通用地
RPUOMLMKLHKFFDH38CA,永楊段,358.09,非都市：山坡地保育區 ; 非都市編定：交通用地
RPUOMLMKLHKFFDH38CA,永楊段,185.63,非都市：山坡地保育區 ; 非都市編定：國土保安用地
RPUOMLMKLHKFFDH38CA,永楊段,839.64,非都市：山坡地保育區 ; 非都市編定：交通用地
RPUOMLMKLHKFFDH38CA,永楊段,550.85,非都市：山坡地保育區 ; 非都市編定：國土保安用地
RPUOMLMKLHKFFDH38CA,永楊段,19809.23,非都市：山坡地保育區 ; 非都市編定：國土保安用地
RPUOMLMKLHKFFDH38CA,永楊段,202.99,非都市：山坡地保育區 ; 非都市編定：國土保安用地
RPUOMLMKLHKFFDH38CA,永楊段,65.10,非都市：山坡地保育區 ; 非都市編定：交通用地
RPUOMLMKLHKFFDH38CA,永楊段,10272.20,非都市：山坡地保育區 ; 非都市編定：遊憩用地
RPUOMLMKLHKFFDH38CA,永楊段,5000.62,非都市：山坡地保育區 ; 非都市編定：國土保安用地
RPUOMLMKLHKFFDH38CA,永楊段,1211.37,非都市：山坡地保育區 ; 非都市編定：國土保安用地
RPUOMLMKLHKFFDH38CA,永楊段,23727.95,非都市：山坡地保育區 ; 非都市編定：遊憩用地
RPUOMLMKLHKFFDH38CA,永楊段,183.47,非都市：山坡地保育區 ; 非都市編定：遊憩用地
RPUOMLMKLHKFFDH38CA,永楊段,402.81,非都市：山坡地保育區 ; 非都市編定：交通用地
RPUOMLMKLHKFFDH38CA,永楊段,114.50,非都市：山坡地保育區 ; 非都市編定：交通用地
RPUOMLMKLHKFFDH38CA,永楊段,10406.59,非都市：山坡地保育區 ; 非都市編定：遊憩用地
RPUOMLMKLHKFFDH38CA,永楊段,4876.44,非都市：山坡地保育區 ; 非都市編定：國土保安用地
RPUOMLMKLHKFFDH38CA,永楊段,233.30,非都市：山坡地保育區 ; 非都市編定：特定目的事業用地
RPUOMLMKLHKFFDH38CA,永楊段,33.70,非都市：山坡地保育區 ; 非都市編定：國土保安用地
RPUOMLMKLHKFFDH38CA,永楊段,5740.74,非都市：山坡地保育區 ; 非都市編定：國土保安用地
RPUOMLMKLHKFFDH38CA,永楊段,13040.40,非都市：山坡地保育區 ; 非都市編定：國土保安用地
RPUOMLMKLHKFFDH38CA,永楊段,6356.69,非都市：山坡地保育區 ; 非都市編定：國土保安用地
RPUOMLMKLHKFFDH38CA,永楊段,1129.83,非都市：山坡地保育區 ; 非都市編定：遊憩用地
RPUOMLMKLHKFFDH38CA,永楊段,2022.19,非都市：山坡地保育區 ; 非都市編定：國土保安用地
RPUOMLMKLHKFFDH38CA,永楊段,4583.42,非都市：山坡地保育區 ; 非都市編定：遊憩用地
RPUOMLMKLHKFFDH38CA,永楊段,3017.18,非都市：山坡地保育區 ; 非都市編定：遊憩用地
RPUOMLMKLHKFFDH38CA,永楊段,196.40,非都市：山坡地保育區 ; 非都市編定：國土保安用地
RPUOMLMKLHKFFDH38CA,永楊段,189.96,非都市：山坡地保育區 ; 非都市編定：國土保安用地
RPUOMLMKLHKFFDH38CA,永楊段,360.35,非都市：山坡地保育區 ; 非都市編定：遊憩用地
RPUOMLMKLHKFFDH38CA,永楊段,2976.80,非都市：山坡地保育區 ; 非都市編定：遊憩用地
RPUOMLMKLHKFFDH38CA,永楊段,4434.57,非都市：山坡地保育區 ; 非都市編定：遊憩用地
RPUOMLMKLHKFFDH38CA,永楊段,3451.32,非都市：山坡地保育區 ; 非都市編定：遊憩用地
RPUOMLMKLHKFFDH38CA,永楊段,72.00,非都市：山坡地保育區 ; 非都市編定：遊憩用地
RPUOMLMKLHKFFDH38CA,永楊段,679.56,非都市：山坡地保育區 ; 非都市編定：遊憩用地
RPUOMLMKLHKFFDH38CA,永楊段,3931.73,非都市：山坡地保育區 ; 非都市編定：遊憩用地
RPUOMLMKLHKFFDH38CA,永楊段,686.23,非都市：山坡地保育區 ; 非都市編定：遊憩用地
RPUOMLMKLHKFFDH38CA,永楊段,687.18,非都市：山坡地保育區 ; 非都市編定：遊憩用地
RPUOMLMKLHKFFDH38CA,永楊段,1020.11,非都市：山坡地保育區 ; 非都市編定：遊憩用地
RPUOMLMKLHKFFDH38CA,永楊段,2127.54,非都市：山坡地保育區 ; 非都市編定：遊憩用地
RPUOMLMKLHKFFDH38CA,永楊段,953.39,非都市：山坡地保育區 ; 非都市編定：遊憩用地
RPUOMLMKLHKFFDH38CA,永楊段,4906.55,非都市：山坡地保育區 ; 非都市編定：遊憩用地
RPUOMLMKLHKFFDH38CA,永楊段,11908.30,非都市：山坡地保育區 ; 非都市編定：遊憩用地
RPUOMLMKLHKFFDH38CA,永楊段,83.70,非都市：山坡地保育區 ; 非都市編定：特定目的事業用地
RPUOMLMKLHKFFDH38CA,永楊段,1762.44,非都市：山坡地保育區 ; 非都市編定：遊憩用地
RPUOMLMKLHKFFDH38CA,永楊段,2942.13,非都市：山坡地保育區 ; 非都市編定：遊憩用地
RPUOMLMKLHKFFDH38CA,永楊段,6703.92,非都市：山坡地保育區 ; 非都市編定：遊憩用地
RPVNMLQLKHKFFCH68CA,康莊段,120.00,都市：住
RPPPMLNKKHKFFCH87CA,銅鑼圈段,42.75,非都市：山坡地保育區 ; 非都市編定：丙種建築用地
RPPPMLNKKHKFFCH87CA,銅鑼圈段,186.00,非都市：山坡地保育區 ; 非都市編定：丙種建築用地
RPPPMLLKKHKFFCH67CA,四方林段四方林小段,151.02,非都市：山坡地保育區 ; 非都市編定：丙種建築用地
RPOPMLMJLHKFFDH77CA,楊梅段,91.00,都市：商
RPTOMLMJLHKFFCH08CA,烏樹林段,29.26,非都市：鄉村區 ; 非都市編定：乙種建築用地
RPWNMLTJKHKFFCH88CA,員林段,113.00,非都市：鄉村區 ; 非都市編定：乙種建築用地
RPWNMLTJKHKFFCH88CA,員林段,4.00,非都市：鄉村區 ; 非都市編定：乙種建築用地
RPRNMLMJLHKFFCH77CA,烏樹林段,25.60,非都市：鄉村區 ; 非都市編定：乙種建築用地
RPTPMLNKKHKFFCH28CA,銅鑼圈段,42.75,非都市：山坡地保育區 ; 非都市編定：丙種建築用地
RPTPMLNKKHKFFCH28CA,銅鑼圈段,183.00,非都市：山坡地保育區 ; 非都市編定：丙種建築用地
RPQRMLKKKHKFFCH87CA,義盛段,150.00,都市：住
RPPOMLLKKHKFFCH57CA,三林段,1813.25,非都市：一般農業區 ; 非都市編定：農牧用地
RPOSMLKKKHKFFCH77CA,八張犁段,139.50,非都市：一般農業區 ; 非都市編定：農牧用地
RPOSMLKKKHKFFCH77CA,八張犁段,1081.00,非都市：一般農業區 ; 非都市編定：農牧用地
RPTNMLLKKHKFFCH87CA,仁善段,204.73,都市：住
RPPPMLMKKHKFFBH67CA,中北段,5.13,都市：住
RPRQMLMKKHKFFBH97CA,中壢埔頂段,7.94,都市：住
RPSQMLMKKHKFFBH08CA,普義段,4.79,都市：住
RPRPMLRKKHKFFBH38CA,復興段,11.40,都市：住
RPQOMLOLKHKFFBH97CA,草新段,80.00,都市：住
RPWNMLRKKHKFFBH68CA,培英段,25.11,都市：住
RPTSMLNKKHKFFBH48CA,東寮段,12.87,都市：商
RPWOMLOLKHKFFBH58CA,西寮段,32.77,都市：住
RPVSMLNKKHKFFBH68CA,東寮段,17.82,都市：商
RPWSMLNKKHKFFBH78CA,東寮段,22.37,都市：住
RPUSMLNKKHKFFBH58CA,東寮段,17.22,都市：商
RPXSMLNKKHKFFBH88CA,東寮段,19.16,都市：商
RPPTMLNKKHKFFBH18CA,東寮段,19.16,都市：商
RPOTMLNKKHKFFBH08CA,東寮段,22.37,都市：商
RPXPMLOLKHKFFBH78CA,青溪段,41.59,都市：住
RPSQMLOLKHKFFBH38CA,青溪段,41.35,都市：住
RPQQMLOLKHKFFBH18CA,青溪段,76.52,都市：住
RPTQMLOLKHKFFBH48CA,青溪段,52.71,都市：住
RPPQMLOLKHKFFBH08CA,青溪段,41.35,都市：住
RPRQMLOLKHKFFBH28CA,青溪段,41.35,都市：住
RPOQMLOLKHKFFBH97CA,青溪段,41.35,都市：住
RPVNMLQKKHKFFBH48CA,大潭段塘背小段,86.75,非都市：特定農業區 ; 非都市編定：農牧用地
RPVNMLQKKHKFFBH48CA,大潭段塘背小段,155.00,非都市：特定農業區 ; 非都市編定：農牧用地
RPVNMLQKKHKFFBH48CA,大潭段塘背小段,155.00,非都市：特定農業區 ; 非都市編定：農牧用地
RPVNMLQKKHKFFBH48CA,大潭段塘背小段,103.75,非都市：特定農業區 ; 非都市編定：農牧用地
RPVNMLQKKHKFFBH48CA,大潭段塘背小段,500.00,非都市：特定農業區 ; 非都市編定：農牧用地
RPVNMLQKKHKFFBH48CA,大潭段塘背小段,199.00,非都市：特定農業區 ; 非都市編定：農牧用地
RPUPMLQKKHKFFBH58CA,興南段興南小段,12.45,都市：住
RPQPMLOLKHKFFBH08CA,遠東段,29.00,都市：住
RPQPMLOLKHKFFBH08CA,遠東段,30.00,都市：住
RPQPMLOLKHKFFBH08CA,遠東段,9.90,都市：住
RPVPMLQKKHKFFBH68CA,興南段興南小段,12.57,都市：住
RPSQMLLKKHKFFBH97CA,仁德段,571.33,都市：農
RPSQMLLKKHKFFBH97CA,仁德段,63.05,都市：其他
RPOQMLLKKHKFFBH57CA,自立段,32.47,都市：住
RPXPMLLKKHKFFBH38CA,自立段,24.42,都市：住
RPPQMLLKKHKFFBH67CA,自立段,31.88,都市：住
RPQQMLLKKHKFFBH77CA,自立段,26.49,都市：住
RPUSMLKKKHKFFBH28CA,三座屋段三座屋小段,157.08,都市：住
RPQOMLLKKHKFFBH57CA,興南段興南小段,2.48,都市：其他
RPTQMLTJKHKFFBH78CA,中壢埔頂段,21.10,都市：住
RPVOMLLKKHKFFBH08CA,振興段,13.71,都市：住
RPVOMLLKKHKFFBH08CA,振興段,.05,都市：住
RPXRMLLKKHKFFBH58CA,五權段,70.00,都市：住
RPVOMLPJLHKFFBH48CA,雙嶺段,4858.35,都市：工
RPVOMLPJLHKFFBH48CA,雙嶺段,6555.34,都市：工
RPVOMLPJLHKFFBH48CA,雙嶺段,6555.34,都市：工
RPVOMLPJLHKFFBH48CA,雙嶺段,7059.60,都市：工
RPVOMLPJLHKFFBH48CA,雙嶺段,1816.40,都市：工
RPVOMLPJLHKFFBH48CA,雙嶺段,5042.58,都市：工
RPVOMLPJLHKFFBH48CA,雙嶺段,3476.33,都市：工
RPUNMLQKLHKFFBH48CA,芭里段,165.89,非都市：特定農業區 ; 非都市編定：農牧用地
RPRSMLLKKHKFFBH08CA,中壢埔頂段,7.73,都市：住
RPOOMLKKLHKFFBH37CA,忠福段,38.94,都市：住
RPOOMLKKLHKFFBH37CA,忠福段,17.59,都市：住
RPUNMLOLKHKFFAH18CA,國際段,9.50,都市：農
RPUNMLOLKHKFFAH18CA,國際段,71.64,都市：農
RPUNMLOLKHKFFAH18CA,國際段,218.24,都市：農
RPPNMLQLKHKFFAH87CA,國聖段,8.81,都市：住
RPPUMLQKKHKFFAH48CA,三聖段,205.30,都市：住
RPQQMLQKKHKFFAH18CA,會稽段,16.08,都市：住
RPVQMLLKLHKFFAH28CA,新埔段,19.51,都市：住
RPQSMLLKKHKFFAH87CA,大同段,10.94,都市：住
RPROMLQJLHKFFAH08CA,埔子段埔子小段,19.29,都市：住
RPXNMLNKKHKFFAH28CA,蔗園段,47.73,都市：工
RPQQMLKKKHKFFAH57CA,桃園段武陵小段,8.36,都市：其他
RPQRMLQKKHKFFAH28CA,慈文段,23.94,都市：住
RPXQMLKKKHKFFAH28CA,埔子段埔子小段,.72,都市：住
RPXQMLKKKHKFFAH28CA,埔子段埔子小段,15.32,都市：住
RPXQMLKKKHKFFAH28CA,埔子段埔子小段,7.55,都市：住
RPXQMLKKKHKFFAH28CA,埔子段埔子小段,.70,都市：住
RPXQMLKKKHKFFAH28CA,埔子段埔子小段,.62,都市：住
RPXQMLKKKHKFFAH28CA,埔子段埔子小段,1.52,都市：住
RPXQMLKKKHKFFAH28CA,埔子段埔子小段,.45,都市：住
RPXQMLKKKHKFFAH28CA,埔子段埔子小段,2.07,都市：住
RPQRMLKKKHKFFAH67CA,大有段,17.04,都市：住
RPQOMLLKKHKFFAH47CA,富國段,.00,都市：住
RPQOMLLKKHKFFAH47CA,富國段,.79,都市：住
RPQQMLTJKHKFFAH38CA,兔子坑段大湖頂小段,63.10,非都市：山坡地保育區 ; 非都市編定：農牧用地
RPQPMLLKLHKFFBH77CA,藍埔段,693.00,非都市：特定農業區 ; 非都市編定：農牧用地
RPQPMLLKLHKFFBH77CA,藍埔段,693.00,非都市：特定農業區 ; 非都市編定：農牧用地
RPWQMLLKLHKFFBH48CA,石頭段,13.51,都市：住
RPWQMLLKLHKFFBH48CA,石頭段,12.74,都市：住
RPTOMLLKLHKFFBH97CA,環東段,12.04,都市：住
RPXSMLKKKHKFFAH48CA,兔子坑段大湖頂小段,37.89,非都市：山坡地保育區 ; 非都市編定：農牧用地
RPOTMLKKKHKFFAH67CA,兔子坑段大湖頂小段,27.37,非都市：山坡地保育區 ; 非都市編定：農牧用地
RPUNMLLKKHKFFAH77CA,下湖段,197.19,都市：其他
RPUNMLLKKHKFFAH77CA,下湖段,270.06,都市：其他
RPSNMLKKKHKFFAH47CA,雲盟段,55.53,都市：住
RPVQMLKKKHKFFAH08CA,大有段,8.07,都市：住
RPVQMLKKKHKFFAH08CA,大有段,11.23,都市：住
RPPTMLKKKHKFFAH77CA,桃園段武陵小段,3.97,都市：住
RPPPMLLKKHKFFAH47CA,鹽埕段,36.18,都市：工
RPPOMLNKKHKFFAH57CA,埔子段埔子小段,24.71,都市：住
RPTOMLMKKHKFFAH87CA,富國段,12.60,都市：住
RPROMLNKKHKFFAH77CA,蔗園段,47.73,都市：工
RPOQMLNKKHKFFAH67CA,蔗園段,47.40,都市：工
RPQRMLNKKHKFFAH97CA,新路段,.43,都市：住
RPQRMLNKKHKFFAH97CA,新路段,25.33,都市：住
RPQRMLNKKHKFFAH97CA,新路段,1.21,都市：住
SPSOMLNKKHKFFAH97CA,蔗園段,40.16,都市：工
RPSOMLNKKHKFFAH87CA,蔗園段,47.40,都市：工
RPRPMLNKKHKFFAH87CA,鹽埕段,99.29,都市：工
RPRPMLNKKHKFFAH87CA,龍祥段,3.32,都市：其他
RPRPMLNKKHKFFAH87CA,龍祥段,9.86,都市：其他
RPRPMLNKKHKFFAH87CA,龍祥段,60.78,都市：住
RPPQMLMKKHKFFAH67CA,汴洲段,54.72,都市：工
RPSPMLNKKHKFFAH97CA,鹽埕段,99.29,都市：工
RPSPMLNKKHKFFAH97CA,龍祥段,3.32,都市：其他
RPSPMLNKKHKFFAH97CA,龍祥段,9.86,都市：其他
RPSPMLNKKHKFFAH97CA,龍祥段,60.78,都市：住
RPQQMLMKKHKFFAH77CA,國聖段,26.92,都市：住
RPWPMLNKKHKFFAH38CA,興華段,19.29,都市：商
RPVPMLMKKHKFFAH18CA,大有段,37.39,都市：住
RPXPMLQKKHKFFAH78CA,埔子段埔子小段,15.30,都市：住
RPPRMLQKKHKFFAH18CA,蔗園段,47.40,都市：工
RPSQMLRKKHKFFAH48CA,大有段,22.49,都市：住
RPOOMLMJLHKFFAH37CA,慈文段,21.69,都市：住
RPOPMLPJLHKFFAH77CA,龍鳳段,6.61,都市：住
RPOPMLPJLHKFFAH77CA,龍鳳段,6.61,都市：住
RPOPMLPJLHKFFAH77CA,龍鳳段,6.61,都市：住
RPOPMLPJLHKFFAH77CA,龍鳳段,.25,都市：住
RPOPMLPJLHKFFAH77CA,龍鳳段,6.61,都市：住
RPOPMLPJLHKFFAH77CA,龍鳳段,6.61,都市：住
RPOPMLPJLHKFFAH77CA,龍鳳段,6.62,都市：住
RPOPMLPJLHKFFAH77CA,龍鳳段,6.66,都市：住
RPOPMLPJLHKFFAH77CA,龍鳳段,6.61,都市：住
RPOPMLPJLHKFFAH77CA,龍鳳段,6.61,都市：住
RPOPMLPJLHKFFAH77CA,龍鳳段,6.62,都市：住
RPOPMLPJLHKFFAH77CA,龍鳳段,6.61,都市：住
RPOPMLPJLHKFFAH77CA,龍鳳段,6.62,都市：住
RPOPMLPJLHKFFAH77CA,龍鳳段,6.61,都市：住
RPOPMLPJLHKFFAH77CA,龍鳳段,6.61,都市：住
RPPQMLLKLHKFFAH67CA,和平段,28.08,都市：住
RPRQMLPLKHKFFAH28CA,龍鳳段,19.47,都市：其他
RPRQMLPLKHKFFAH28CA,龍鳳段,.00,都市：其他
RPRPMLTJLHKFFAH48CA,同安段,5.14,都市：住
RPSQMLQLKHKFFAH48CA,富國段,323.44,都市：農
RPQVMLQKKHKFFAH68CA,中埔段,94.12,都市：住
RPTQMLMJLHKFFAH08CA,慈文段,16.93,都市：住
RPPNMLSJLHKFFAH97CA,文化段,50.12,都市：住
RPUOMLNJLHKFFAH08CA,國聖段,8.12,都市：工
RPOOMLPJLHKFFAH67CA,桃園段公館頭小段,4.98,都市：商
RPOSMLLKKHKFFBH77CA,復興段,9.78,都市：住
RPPTMLLKKHKFFBH97CA,山嶺段,2806.37,非都市：特定農業區 ; 非都市編定：農牧用地
RPPTMLLKKHKFFBH97CA,山嶺段,1.00,非都市：特定農業區 ; 非都市編定：交通用地
RPWOMLMKKHKFFBH28CA,草富段,.04,都市：住
RPWOMLMKKHKFFBH28CA,草富段,.03,都市：住
RPWOMLMKKHKFFBH28CA,草富段,.06,都市：住
RPVNMLMKLHKFFAH08CA,江南段,16.42,都市：住
RPOTMLLKKHKFFBH87CA,興南段中壢老小段,20.85,都市：商
RPWNMLQJLHKFFBH58CA,後寮段,46.33,都市：住
RPXNMLQJLHKFFBH68CA,新街段,27.37,都市：住
RPQPMLTJLHKFFBH48CA,三座屋段舊社小段,2.00,都市：住
RPQPMLTJLHKFFBH48CA,三座屋段舊社小段,12.80,都市：住
RPQPMLTJLHKFFBH48CA,三座屋段舊社小段,7.00,都市：住
RPRSMLKKKHKFFBH97CA,復興段,25.52,都市：住
RPPNMLMKKHKFFBH47CA,仁愛段,12.90,都市：商
RPPOMLMKKHKFFBH57CA,興南段興南小段,33.33,都市：商
RPPOMLMKKHKFFBH57CA,興南段興南小段,7.00,都市：商
RPXQMLOLKHKFFBH88CA,青溪段,63.29,都市：住
RPUQMLOLKHKFFBH58CA,青溪段,52.71,都市：住
RPWQMLOLKHKFFBH78CA,青溪段,52.95,都市：住
RPROMLMKKHKFFBH77CA,忠孝段,7.00,都市：住
RPROMLMKKHKFFBH77CA,忠孝段,17.20,都市：住
RPVQMLOLKHKFFBH68CA,青溪段,52.71,都市：住
RPRRMLMKLHKFFBH18CA,環東段,8.18,都市：住
RPQRMLOLKHKFFBH28CA,青溪段,33.98,都市：住
RPORMLOLKHKFFBH08CA,青溪段,34.22,都市：住
RPPRMLOLKHKFFBH18CA,青溪段,33.98,都市：住
RPUNMLNJLHKFFBH08CA,中壢埔頂段,25.92,都市：住
RPRRMLOLKHKFFBH38CA,青溪段,33.98,都市：住
RPURMLOLKHKFFBH68CA,青溪段,34.22,都市：住
RPWPMLQKKHKFFBH78CA,五權段,87.38,都市：農
RPWPMLQKKHKFFBH78CA,五權段,541.00,都市：農
RPSRMLOLKHKFFBH48CA,青溪段,34.22,都市：住
RPTRMLOLKHKFFBH58CA,青溪段,34.22,都市：住
RPTOMLOLKHKFFBH28CA,觀玉段,32671.47,非都市：工業區 ; 非都市編定：丁種建築用地
RPVRMLOLKHKFFBH78CA,青溪段,34.22,都市：住
RPUNMLLKKHKFFCH97CA,埔頂段,66.00,都市：住
RPXRMLOKKHKFFBH88CA,後興段,3.11,都市：住
RPXRMLOKKHKFFBH88CA,後興段,3.11,都市：住
RPVNMLNKKHKFFBH18CA,興崙段,54.08,非都市：特定農業區 ; 非都市編定：農牧用地
RPVNMLNKKHKFFBH18CA,興崙段,125.88,非都市：特定農業區 ; 非都市編定：農牧用地
RPPPMLNKKHKFFBH77CA,富強段,93.66,都市：住
RPPPMLNKKHKFFBH77CA,富強段,93.66,都市：住
RPPPMLNKKHKFFBH77CA,富強段,7.86,都市：住
RPPPMLNKKHKFFBH77CA,富強段,7.86,都市：住
RPPPMLNKKHKFFBH77CA,富強段,19.86,都市：住
RPPPMLNKKHKFFBH77CA,富強段,19.86,都市：住
RPXNMLLKKHKFFCH28CA,仁善段,133.04,都市：住
RPWNMLLKKHKFFCH18CA,潛龍段,35.21,非都市：鄉村區 ; 非都市編定：乙種建築用地
RPWNMLLKKHKFFCH18CA,潛龍段,.60,非都市：鄉村區 ; 非都市編定：乙種建築用地
RPWPMLMKKHKFFBH38CA,新坡段新坡小段,245.83,都市：住
RPWPMLMKKHKFFBH38CA,新坡段新坡小段,23.33,都市：其他
RPOOMLLKKHKFFCH47CA,仁善段,136.85,都市：住
RPVOMLLKKHKFFCH18CA,三元段,32.44,非都市：一般農業區 ; 非都市編定：甲種建築用地
RPOQMLMKKHKFFBH67CA,大華段,26.40,都市：住
RPSOMLQKKHKFFBH28CA,中北段,32.50,都市：工
RPSOMLQKKHKFFBH28CA,中北段,32.50,都市：工
RPRQMLNKKHKFFCH18CA,銅鑼圈段,42.75,非都市：山坡地保育區 ; 非都市編定：丙種建築用地
RPRQMLNKKHKFFCH18CA,銅鑼圈段,226.00,非都市：山坡地保育區 ; 非都市編定：丙種建築用地
RPTNMLQLKHKFFBH38CA,青溪段,52.47,都市：住
RPXPMLNKKHKFFCH68CA,銅鑼圈段,42.75,非都市：山坡地保育區 ; 非都市編定：丙種建築用地
RPXPMLNKKHKFFCH68CA,銅鑼圈段,174.00,非都市：山坡地保育區 ; 非都市編定：丙種建築用地
RPVPMLNKKHKFFCH48CA,銅鑼圈段,42.75,非都市：山坡地保育區 ; 非都市編定：丙種建築用地
RPVPMLNKKHKFFCH48CA,銅鑼圈段,170.00,非都市：山坡地保育區 ; 非都市編定：丙種建築用地
RPPOMLQKKHKFFCH08CA,民豐段,18.84,非都市：鄉村區 ; 非都市編定：乙種建築用地
RPSPMLOLKHKFFCH38CA,九座寮段,55.00,非都市：一般農業區 ; 非都市編定：甲種建築用地
RPSNMLRKKHKFFBH28CA,石頭段,24.80,都市：住
RPPQMLQKKHKFFCH28CA,民豐段,30.25,非都市：鄉村區 ; 非都市編定：乙種建築用地
RPOQMLQKKHKFFCH18CA,民豐段,17.73,非都市：鄉村區 ; 非都市編定：乙種建築用地
RPSQMLQKKHKFFCH58CA,民豐段,36.00,非都市：鄉村區 ; 非都市編定：乙種建築用地
RPSPMLMJLHKFFCH08CA,三層段八結小段,115.00,非都市：山坡地保育區 ; 非都市編定：交通用地
RPVPMLMJLHKFFCH38CA,水流東段,32.00,非都市：山坡地保育區 ; 非都市編定：交通用地
RPVPMLMJLHKFFCH38CA,水流東段,84.00,非都市：山坡地保育區 ; 非都市編定：交通用地
RPWOMLMJLHKFFCH38CA,三層段十三份小段,56.00,非都市：山坡地保育區 ; 非都市編定：交通用地
RPQPMLMJLHKFFCH87CA,三層段十三份小段,1000.00,非都市：山坡地保育區 ; 非都市編定：暫未編定
RPXNMLRKKHKFFCH88CA,四方林段四方林小段,89.00,非都市：一般農業區 ; 非都市編定：甲種建築用地
RPRWMLQKKHKFFCH09CA,民豐段,18.82,非都市：鄉村區 ; 非都市編定：乙種建築用地
RPVWMLQKKHKFFCH86CA,民豐段,14.08,非都市：鄉村區 ; 非都市編定：乙種建築用地
RPVWMLQKKHKFFCH86CA,民豐段,20.29,非都市：鄉村區 ; 非都市編定：乙種建築用地
RPWWMLQKKHKFFCH96CA,民豐段,20.21,非都市：鄉村區 ; 非都市編定：乙種建築用地
RPTWMLQKKHKFFCH66CA,民豐段,15.11,非都市：鄉村區 ; 非都市編定：乙種建築用地
RPUWMLQKKHKFFCH76CA,民豐段,27.32,非都市：鄉村區 ; 非都市編定：乙種建築用地
RPUWMLQKKHKFFCH76CA,民豐段,14.83,非都市：鄉村區 ; 非都市編定：乙種建築用地
RPORMLQKKHKFFCH28CA,民豐段,19.95,非都市：鄉村區 ; 非都市編定：乙種建築用地
RPROMLMKKHKFFDH97CA,高上段,458.44,非都市：一般農業區 ; 非都市編定：農牧用地
RPWNMLKKKHKFFDH18CA,永福段,27.53,都市：住
RPVNMLKKKHKFFDH08CA,永福段,31.02,都市：住
RPQOMLMKKHKFFDH87CA,二重溪段,176.00,非都市：山坡地保育區 ; 非都市編定：丙種建築用地
RPQOMLLKLHKFFCH77CA,三層段阿姆坪小段,14.86,都市：其他
RPROMLKKKHKFFDH77CA,頭重溪段,8.00,都市：住
RPROMLKKKHKFFDH77CA,頭重溪段,101.00,都市：住
RPTOMLKKKHKFFDH97CA,草湳坡段埔心小段,49.67,都市：其他
RPTOMLKKKHKFFDH97CA,草湳坡段埔心小段,.92,都市：其他
RPTOMLKKKHKFFDH97CA,草湳坡段埔心小段,17.08,都市：其他
RPSOMLMKKHKFFDH08CA,高上段,32.39,非都市：一般農業區 ; 非都市編定：甲種建築用地
RPSOMLMKKHKFFDH08CA,高上段,304.25,非都市：一般農業區 ; 非都市編定：甲種建築用地
RPVOMLMKLHKFFCH38CA,烏塗窟段,8.00,非都市：山坡地保育區 ; 非都市編定：丙種建築用地
RPQPMLMKLHKFFCH97CA,烏塗窟段,1.00,非都市：山坡地保育區 ; 非都市編定：丙種建築用地
RPPPMLMKLHKFFCH87CA,烏塗窟段,19.00,非都市：山坡地保育區 ; 非都市編定：丙種建築用地
RPTOMLMKLHKFFCH18CA,烏塗窟段,70.00,非都市：山坡地保育區 ; 非都市編定：丙種建築用地
RPUOMLMKLHKFFCH28CA,烏塗窟段,2.00,非都市：山坡地保育區 ; 非都市編定：丙種建築用地
RPUOMLMKKHKFFDH28CA,幼獅段,35.55,都市：住
RPVNMLLKKHKFFDH18CA,東寧段,60.44,非都市：山坡地保育區 ; 非都市編定：丙種建築用地
RPVNMLLKKHKFFDH18CA,東寧段,1.00,非都市：山坡地保育區 ; 非都市編定：丙種建築用地
RPVNMLLKKHKFFDH18CA,東寧段,8.06,非都市：山坡地保育區 ; 非都市編定：丙種建築用地
RPVNMLLKKHKFFDH18CA,東寧段,1.44,非都市：山坡地保育區 ; 非都市編定：丙種建築用地
RPVNMLLKKHKFFDH18CA,東寧段,.55,非都市：山坡地保育區 ; 非都市編定：丙種建築用地
RPRNMLLKKHKFFDH77CA,高山段,35.27,非都市：鄉村區 ; 非都市編定：乙種建築用地
RPWNMLMKKHKFFDH38CA,高上段,306.64,非都市：特定農業區 ; 非都市編定：農牧用地
RPOOMLLKKHKFFDH57CA,幼獅段,7.90,都市：住
RPXOMLMJLHKFFDH58CA,頭重溪段,25.58,都市：其他
RPXOMLMJLHKFFDH58CA,頭重溪段,13.69,都市：其他
RPUNMLMKKHKFFDH18CA,梅獅段,14.93,都市：住
RPTNMLOLKHKFFDH38CA,石牌嶺段,2636.00,非都市：特定農業區 ; 非都市編定：農牧用地
RPPOMLMJLHKFFDH77CA,石磊子段水流小段,6.74,非都市：特定農業區 ; 非都市編定：甲種建築用地
RPPOMLMJLHKFFDH77CA,石磊子段水流小段,54.40,非都市：特定農業區 ; 非都市編定：甲種建築用地
RPPOMLMJLHKFFDH77CA,石磊子段水流小段,5.50,非都市：特定農業區 ; 非都市編定：甲種建築用地
RPPOMLMJLHKFFDH77CA,石磊子段水流小段,1.38,非都市：特定農業區 ; 非都市編定：甲種建築用地
RPWNMLQLKHKFFDH88CA,中興段,2340.54,都市：其他
RPVPMLMJLHKFFDH48CA,頭重溪段,19.70,都市：住
RPRNMLPKKHKFFDH18CA,富岡段,9.10,非都市：特定農業區 ; 非都市編定：甲種建築用地
RPRNMLPKKHKFFDH18CA,富岡段,12.55,非都市：特定農業區 ; 非都市編定：甲種建築用地
RPRNMLPKKHKFFDH18CA,富岡段,60.00,非都市：特定農業區 ; 非都市編定：甲種建築用地
RPSNMLOLKHKFFDH28CA,東寧段,77.84,非都市：山坡地保育區 ; 非都市編定：丙種建築用地
RPSNMLOLKHKFFDH28CA,東寧段,3.24,非都市：山坡地保育區 ; 非都市編定：丙種建築用地
RPSNMLOLKHKFFDH28CA,東寧段,3.61,非都市：山坡地保育區 ; 非都市編定：丙種建築用地
RPSNMLOLKHKFFDH28CA,東寧段,9.35,非都市：山坡地保育區 ; 非都市編定：丙種建築用地
RPWOMLMKLHKFFDH58CA,永寧段,2004.80,非都市：山坡地保育區 ; 非都市編定：國土保安用地
RPWOMLMKLHKFFDH58CA,永寧段,2565.04,非都市：山坡地保育區 ; 非都市編定：國土保安用地
RPWOMLMKLHKFFDH58CA,永寧段,1803.47,非都市：山坡地保育區 ; 非都市編定：國土保安用地
RPWOMLMKLHKFFDH58CA,永寧段,5345.28,非都市：山坡地保育區 ; 非都市編定：交通用地
RPWOMLMKLHKFFDH58CA,永寧段,8784.63,非都市：山坡地保育區 ; 非都市編定：國土保安用地
RPWOMLMKLHKFFDH58CA,永寧段,10844.15,非都市：山坡地保育區 ; 非都市編定：遊憩用地
RPWOMLMKLHKFFDH58CA,永寧段,41429.98,非都市：山坡地保育區 ; 非都市編定：遊憩用地
RPWOMLMKLHKFFDH58CA,永寧段,4227.48,非都市：山坡地保育區 ; 非都市編定：國土保安用地
RPWOMLMKLHKFFDH58CA,永寧段,16920.50,非都市：山坡地保育區 ; 非都市編定：遊憩用地
RPWOMLMKLHKFFDH58CA,永寧段,1065.75,非都市：山坡地保育區 ; 非都市編定：交通用地
RPWOMLMKLHKFFDH58CA,永寧段,1132.91,非都市：山坡地保育區 ; 非都市編定：遊憩用地
RPWOMLMKLHKFFDH58CA,永寧段,994.58,非都市：山坡地保育區 ; 非都市編定：國土保安用地
RPWOMLMKLHKFFDH58CA,永楊段,167.34,非都市：山坡地保育區 ; 非都市編定：遊憩用地
RPWOMLMKLHKFFDH58CA,永楊段,460.13,非都市：山坡地保育區 ; 非都市編定：交通用地
RPWOMLMKLHKFFDH58CA,永楊段,5394.07,非都市：山坡地保育區 ; 非都市編定：遊憩用地
RPWOMLMKLHKFFDH58CA,永楊段,5375.57,非都市：山坡地保育區 ; 非都市編定：遊憩用地
RPWOMLMKLHKFFDH58CA,永楊段,2669.04,非都市：山坡地保育區 ; 非都市編定：遊憩用地
RPWOMLMKLHKFFDH58CA,永楊段,12853.69,非都市：山坡地保育區 ; 非都市編定：遊憩用地
RPWOMLMKLHKFFDH58CA,永楊段,905.16,非都市：山坡地保育區 ; 非都市編定：遊憩用地
RPWOMLMKLHKFFDH58CA,永楊段,58.92,非都市：山坡地保育區 ; 非都市編定：國土保安用地
RPWOMLMKLHKFFDH58CA,永楊段,56.99,非都市：山坡地保育區 ; 非都市編定：國土保安用地
RPWOMLMKLHKFFDH58CA,永楊段,108.11,非都市：山坡地保育區 ; 非都市編定：遊憩用地
RPWOMLMKLHKFFDH58CA,永楊段,3028.56,非都市：山坡地保育區 ; 非都市編定：遊憩用地
RPWOMLMKLHKFFDH58CA,永楊段,1086.60,非都市：山坡地保育區 ; 非都市編定：遊憩用地
RPWOMLMKLHKFFDH58CA,永楊段,3364.16,非都市：山坡地保育區 ; 非都市編定：遊憩用地
RPWOMLMKLHKFFDH58CA,永楊段,1507.55,非都市：山坡地保育區 ; 非都市編定：遊憩用地
RPWOMLMKLHKFFDH58CA,永楊段,7817.69,非都市：山坡地保育區 ; 非都市編定：遊憩用地
RPWOMLMKLHKFFDH58CA,永楊段,3198.63,非都市：山坡地保育區 ; 非都市編定：遊憩用地
RPWOMLMKLHKFFDH58CA,永楊段,557.41,非都市：山坡地保育區 ; 非都市編定：遊憩用地
RPVOMLMKLHKFFDH48CA,永寧段,1406.79,非都市：山坡地保育區 ; 非都市編定：丙種建築用地
RPVOMLMKLHKFFDH48CA,永寧段,1406.09,非都市：山坡地保育區 ; 非都市編定：遊憩用地
RPVOMLMKLHKFFDH48CA,永寧段,3762.19,非都市：山坡地保育區 ; 非都市編定：遊憩用地
RPVOMLMKLHKFFDH48CA,永寧段,605.27,非都市：山坡地保育區 ; 非都市編定：交通用地
RPVOMLMKLHKFFDH48CA,永寧段,396.40,非都市：山坡地保育區 ; 非都市編定：遊憩用地
RPVOMLMKLHKFFDH48CA,永寧段,2155.60,非都市：山坡地保育區 ; 非都市編定：遊憩用地
RPVOMLMKLHKFFDH48CA,永楊段,228.22,非都市：山坡地保育區 ; 非都市編定：遊憩用地
RPVOMLMKLHKFFDH48CA,永楊段,318.55,非都市：山坡地保育區 ; 非都市編定：遊憩用地
RPVOMLMKLHKFFDH48CA,永楊段,196.79,非都市：山坡地保育區 ; 非都市編定：國土保安用地
RPVOMLMKLHKFFDH48CA,永楊段,4182.33,非都市：山坡地保育區 ; 非都市編定：國土保安用地
RPVOMLMKLHKFFDH48CA,永楊段,445.95,非都市：山坡地保育區 ; 非都市編定：特定目的事業用地
RPVOMLMKLHKFFDH48CA,永楊段,6726.12,非都市：山坡地保育區 ; 非都市編定：遊憩用地
RPVOMLMKLHKFFDH48CA,永楊段,2161.31,非都市：山坡地保育區 ; 非都市編定：遊憩用地
RPVOMLMKLHKFFDH48CA,永楊段,55.92,非都市：山坡地保育區 ; 非都市編定：遊憩用地
RPVOMLMKLHKFFDH48CA,永楊段,37.85,非都市：山坡地保育區 ; 非都市編定：遊憩用地
RPVOMLMKLHKFFDH48CA,永楊段,15.36,非都市：山坡地保育區 ; 非都市編定：遊憩用地
RPVOMLMKLHKFFDH48CA,永楊段,90.75,非都市：山坡地保育區 ; 非都市編定：遊憩用地
RPVOMLMKLHKFFDH48CA,永楊段,228.89,非都市：山坡地保育區 ; 非都市編定：遊憩用地
RPVOMLMKLHKFFDH48CA,永楊段,5488.73,非都市：山坡地保育區 ; 非都市編定：遊憩用地
RPVOMLMKLHKFFDH48CA,永楊段,40.04,非都市：山坡地保育區 ; 非都市編定：遊憩用地
RPVOMLMKLHKFFDH48CA,永楊段,51.50,非都市：山坡地保育區 ; 非都市編定：遊憩用地
RPVOMLMKLHKFFDH48CA,永楊段,461.53,非都市：山坡地保育區 ; 非都市編定：遊憩用地
RPVOMLMKLHKFFDH48CA,永楊段,260.38,非都市：山坡地保育區 ; 非都市編定：遊憩用地
RPVOMLMKLHKFFDH48CA,永楊段,7844.68,非都市：山坡地保育區 ; 非都市編定：遊憩用地
RPVOMLMKLHKFFDH48CA,永楊段,510.64,非都市：山坡地保育區 ; 非都市編定：國土保安用地
RPVOMLMKLHKFFDH48CA,永楊段,493.91,非都市：山坡地保育區 ; 非都市編定：國土保安用地
RPVOMLMKLHKFFDH48CA,永楊段,936.92,非都市：山坡地保育區 ; 非都市編定：遊憩用地
RPVOMLMKLHKFFDH48CA,永楊段,72.00,非都市：山坡地保育區 ; 非都市編定：遊憩用地
RPVOMLMKLHKFFDH48CA,永楊段,1379.71,非都市：山坡地保育區 ; 非都市編定：遊憩用地
RPVOMLMKLHKFFDH48CA,永楊段,165.62,非都市：山坡地保育區 ; 非都市編定：遊憩用地
RPVOMLMKLHKFFDH48CA,永楊段,222.49,非都市：山坡地保育區 ; 非都市編定：遊憩用地
RPVOMLMKLHKFFDH48CA,永楊段,2349.28,非都市：山坡地保育區 ; 非都市編定：遊憩用地
RPVOMLMKLHKFFDH48CA,永楊段,7273.52,非都市：山坡地保育區 ; 非都市編定：遊憩用地
RPVOMLMKLHKFFDH48CA,永楊段,3259.41,非都市：山坡地保育區 ; 非都市編定：遊憩用地
RPVOMLMKLHKFFDH48CA,永楊段,7126.04,非都市：山坡地保育區 ; 非都市編定：遊憩用地
RPVOMLMKLHKFFDH48CA,永楊段,2583.60,非都市：山坡地保育區 ; 非都市編定：遊憩用地
RPPNMLQLKHKFFDH18CA,楊富段,87.00,非都市：特定農業區 ; 非都市編定：甲種建築用地
RPPNMLLKKHKFFDH57CA,高山段,71.55,非都市：鄉村區 ; 非都市編定：乙種建築用地
RPSOMLKKKHKFFEH97CA,文新段,28.38,都市：農
RPVNMLLKKHKFFEH28CA,羊稠段,60.29,都市：住
RPTOMLLKKHKFFEH18CA,公埔段,273.17,都市：工
RPWNMLMKKHKFFEH48CA,公埔段,459.65,都市：工
RPUNMLNKLHKFFDH38CA,二重溪段,15.15,非都市：山坡地保育區 ; 非都市編定：丙種建築用地
RPUNMLNKLHKFFDH38CA,二重溪段,15.43,非都市：山坡地保育區 ; 非都市編定：丙種建築用地
RPVOMLNKLHKFFDH58CA,草湳坡段埔心小段,28.83,都市：住
RPQOMLNKLHKFFDH08CA,頭重溪段,19.18,都市：住
RPQQMLQKKHKFFEH58CA,沙崙段埔頂小段,953.00,非都市：一般農業區 ; 非都市編定：農牧用地
RPROMLMKKHKFFEH08CA,河底段,4.98,都市：住
RPRNMLNKKHKFFEH08CA,竹圍段三塊石小段,1416.00,非都市：特定農業區 ; 非都市編定：農牧用地
RPTOMLMKKHKFFEH28CA,南崁廟口段羊稠坑小段,6.15,都市：其他
RPTOMLMKKHKFFEH28CA,南崁廟口段羊稠坑小段,40.44,都市：住
RPUOMLMKKHKFFEH38CA,五福段,36.93,都市：住
RPUSMLMJLHKFFEH78CA,新福段,1360.31,都市：工
RPWQMLMJLHKFFEH78CA,青山段,43.13,都市：住
RPUOMLQLKHKFFEH88CA,坑子口段海湖小段,16.67,非都市：鄉村區 ; 非都市編定：乙種建築用地
RPUOMLQLKHKFFEH88CA,坑子口段海湖小段,104.00,非都市：鄉村區 ; 非都市編定：乙種建築用地
RPUOMLQLKHKFFEH88CA,坑子口段海湖小段,15.55,非都市：鄉村區 ; 非都市編定：乙種建築用地
RPUOMLQLKHKFFEH88CA,坑子口段海湖小段,10.45,非都市：鄉村區 ; 非都市編定：乙種建築用地
RPUOMLQLKHKFFEH88CA,坑子口段海湖小段,.73,非都市：鄉村區 ; 非都市編定：乙種建築用地
RPUOMLQLKHKFFEH88CA,坑子口段海湖小段,.73,非都市：鄉村區 ; 非都市編定：乙種建築用地
RPUOMLQLKHKFFEH88CA,坑子口段海湖小段,18.00,非都市：鄉村區 ; 非都市編定：乙種建築用地
RPOQMLOLKHKFFFH38CA,茄明段,18.13,都市：住
RPUOMLPLKHKFFEH78CA,河底段,20.93,都市：住
RPXPMLOLKHKFFFH56CA,興豐段,108.34,都市：住
RPTNMLPLKHKFFFH68CA,建國段,79.00,非都市：特定農業區 ; 非都市編定：甲種建築用地
RPROMLPJLHKFFDH28CA,社子段,2.15,非都市：特定農業區 ; 非都市編定：遊憩用地
RPROMLPJLHKFFDH28CA,社子段,3992.00,非都市：特定農業區 ; 非都市編定：丁種建築用地
RPROMLPJLHKFFDH28CA,社子段,179.04,非都市：特定農業區 ; 非都市編定：丁種建築用地
RPROMLPJLHKFFDH28CA,社子段,20.30,非都市：特定農業區 ; 非都市編定：水利用地
RPROMLPJLHKFFDH28CA,社子段,29.73,非都市：特定農業區 ; 非都市編定：丁種建築用地
RPROMLPJLHKFFDH28CA,社子段,47.92,非都市：特定農業區 ; 非都市編定：丁種建築用地
RPROMLPJLHKFFDH28CA,社子段,29.65,非都市：特定農業區 ; 非都市編定：丁種建築用地
RPROMLPJLHKFFDH28CA,社子段,25.08,非都市：特定農業區 ; 非都市編定：丁種建築用地
RPROMLPJLHKFFDH28CA,社子段,15.34,非都市：特定農業區 ; 非都市編定：水利用地
RPROMLPJLHKFFDH28CA,社子段,27.36,非都市：特定農業區 ; 非都市編定：交通用地
RPROMLPJLHKFFDH28CA,社子段,15.47,非都市：特定農業區 ; 非都市編定：水利用地
RPROMLPJLHKFFDH28CA,社子段,474.00,非都市：特定農業區 ; 非都市編定：農牧用地
RPROMLPJLHKFFDH28CA,社子段,47.16,非都市：特定農業區 ; 非都市編定：農牧用地
RPROMLPJLHKFFDH28CA,社子段,14.10,非都市：特定農業區 ; 非都市編定：農牧用地
RPROMLPJLHKFFDH28CA,社子段,18.45,非都市：特定農業區 ; 非都市編定：農牧用地
RPROMLPJLHKFFDH28CA,社子段,26.65,非都市：特定農業區 ; 非都市編定：農牧用地
RPROMLPJLHKFFDH28CA,社子段,11.58,非都市：特定農業區 ; 非都市編定：農牧用地
RPROMLPJLHKFFDH28CA,社子段,101.23,非都市：特定農業區 ; 非都市編定：農牧用地
RPPOMLMKKHKFFFH97CA,八塊段,23.80,都市：住
RPQNMLOJLHKFFFH18CA,瑞祥段,18.65,非都市：鄉村區 ; 非都市編定：乙種建築用地
RPQNMLOJLHKFFFH18CA,瑞祥段,12.78,非都市：鄉村區 ; 非都市編定：乙種建築用地
RPRNMLQKKHKFFFH48CA,大明段,15.08,非都市：鄉村區 ; 非都市編定：乙種建築用地
RPRNMLQKKHKFFFH48CA,大明段,11.25,非都市：鄉村區 ; 非都市編定：乙種建築用地
RPQOMLMKKHKFFFH08CA,八塊段,23.80,都市：住
RPUNMLQLKHKFFEH78CA,大新段,22.85,都市：商
RPUNMLQLKHKFFEH78CA,大新段,.05,都市：商
RPQTMLLKKHKFFFH48CA,瑞豐段,21.88,非都市：鄉村區 ; 非都市編定：乙種建築用地
RPTOMLQKKHKFFFH78CA,福興段,13.71,都市：商
RPSQOLMKKHKFFGH78CA,廣北段,6.80,都市：商
RPROMLQKKHKFFFH58CA,前程段,15.90,都市：商
RPTQOLMKKHKFFGH88CA,廣北段,8.42,都市：商
RPUQOLMKKHKFFGH98CA,廣北段,9.71,都市：商
RPRPMLLKKHKFFGH28CA,廣仁段,20.41,都市：住
RPRPMLLKKHKFFGH28CA,廣仁段,46.95,都市：住
RPRPMLLKKHKFFGH28CA,廣仁段,1.50,都市：住
RPQNMLLKKHKFFGH97CA,福林段,143.31,非都市：特定農業區 ; 非都市編定：農牧用地
RPPNMLTJLHKFFFH58CA,營盤段,39.49,非都市：特定農業區 ; 非都市編定：甲種建築用地
RPVPMLKKKHKFFGH58CA,廣南段,451.00,都市：其他
RPQNMLLKLHKFFEH87CA,南崁廟口段山鼻子小段,1.75,非都市：特定農業區 ; 非都市編定：農牧用地
RPQNMLLKLHKFFEH87CA,南崁廟口段山鼻子小段,.52,非都市：特定農業區 ; 非都市編定：農牧用地
RPQNMLLKLHKFFEH87CA,南崁廟口段山鼻子小段,1.48,都市：其他
RPQNMLLKLHKFFEH87CA,南崁廟口段山鼻子小段,.15,非都市：特定農業區 ; 非都市編定：農牧用地
RPQNMLLKLHKFFEH87CA,南崁廟口段山鼻子小段,.92,非都市：特定農業區 ; 非都市編定：農牧用地
RPQNMLLKLHKFFEH87CA,南崁廟口段山鼻子小段,11.49,非都市：特定農業區 ; 非都市編定：農牧用地
RPQNMLLKLHKFFEH87CA,南崁廟口段山鼻子小段,1.47,非都市：特定農業區 ; 非都市編定：農牧用地
RPQNMLLKLHKFFEH87CA,南崁廟口段山鼻子小段,24.18,非都市：一般農業區 ; 非都市編定：農牧用地
RPQNMLLKLHKFFEH87CA,南崁廟口段山鼻子小段,10.79,都市：其他
RPQNMLLKLHKFFEH87CA,南崁廟口段山鼻子小段,.90,都市：其他
RPQNMLLKLHKFFEH87CA,南崁廟口段山鼻子小段,3.28,都市：其他
RPQNMLLKLHKFFEH87CA,南崁廟口段山鼻子小段,4.10,都市：其他
RPQNMLLKLHKFFEH87CA,南崁廟口段山鼻子小段,3.35,都市：其他
RPQNMLLKLHKFFEH87CA,南崁廟口段山鼻子小段,8.66,都市：其他
RPQNMLLKLHKFFEH87CA,南崁廟口段山鼻子小段,4.62,都市：其他
RPQNMLLKLHKFFEH87CA,南崁廟口段山鼻子小段,2.90,都市：其他
RPQNMLLKLHKFFEH87CA,南崁廟口段山鼻子小段,1.20,都市：其他
RPQNMLLKLHKFFEH87CA,南崁廟口段山鼻子小段,.54,都市：其他
RPQNMLLKLHKFFEH87CA,南崁廟口段山鼻子小段,305.20,都市：其他
RPQNMLLKLHKFFEH87CA,南崁廟口段山鼻子小段,1.39,都市：其他
RPQNMLLKLHKFFEH87CA,南崁廟口段山鼻子小段,5.11,都市：其他
RPQNMLLKLHKFFEH87CA,南崁廟口段山鼻子小段,6.82,都市：其他
RPQNMLLKLHKFFEH87CA,南崁廟口段山鼻子小段,4.88,都市：其他
RPQNMLLKLHKFFEH87CA,南崁廟口段山鼻子小段,.63,都市：其他
RPQNMLLKLHKFFEH87CA,南崁廟口段山鼻子小段,29.22,都市：其他
RPQNMLLKLHKFFEH87CA,南崁廟口段山鼻子小段,4.28,都市：其他
RPQNMLLKLHKFFEH87CA,南崁廟口段山鼻子小段,2.11,都市：其他
RPQNMLLKLHKFFEH87CA,南崁廟口段山鼻子小段,9.26,非都市：一般農業區 ; 非都市編定：農牧用地
RPQNMLLKLHKFFEH87CA,南崁廟口段山鼻子小段,.34,都市：其他
RPQNMLLKLHKFFEH87CA,南崁廟口段山鼻子小段,.00,非都市：山坡地保育區 ; 非都市編定：農牧用地
RPQNMLLKLHKFFEH87CA,南崁廟口段山鼻子小段,7.13,都市：其他
RPQNMLLKLHKFFEH87CA,南崁廟口段山鼻子小段,1.36,都市：其他
RPQNMLLKLHKFFEH87CA,南崁廟口段山鼻子小段,19.81,都市：其他
RPQNMLLKLHKFFEH87CA,南崁廟口段山鼻子小段,2.18,都市：其他
RPQNMLLKLHKFFEH87CA,南崁廟口段山鼻子小段,15.68,都市：其他
RPQNMLLKLHKFFEH87CA,南崁廟口段山鼻子小段,.82,都市：其他
RPQNMLLKLHKFFEH87CA,南崁廟口段山鼻子小段,13.95,都市：其他
RPQNMLLKLHKFFEH87CA,南崁廟口段山鼻子小段,72.56,都市：其他
RPQNMLLKLHKFFEH87CA,南崁廟口段山鼻子小段,3.31,都市：其他
RPQNMLLKLHKFFEH87CA,南崁廟口段山鼻子小段,2.77,都市：其他
RPQNMLLKLHKFFEH87CA,南崁廟口段山鼻子小段,36.27,都市：其他
RPQNMLLKLHKFFEH87CA,南崁廟口段山鼻子小段,42.82,都市：其他
RPQNMLLKLHKFFEH87CA,南崁廟口段山鼻子小段,2.35,都市：其他
RPQNMLLKLHKFFEH87CA,南崁廟口段山鼻子小段,16.58,都市：其他
RPQNMLLKLHKFFEH87CA,南崁廟口段山鼻子小段,.74,都市：其他
RPQNMLLKLHKFFEH87CA,南崁廟口段山鼻子小段,.90,都市：其他
RPQNMLLKLHKFFEH87CA,南崁廟口段山鼻子小段,2.48,都市：其他
RPQNMLLKLHKFFEH87CA,南崁廟口段山鼻子小段,.84,都市：其他
RPQNMLLKLHKFFEH87CA,南崁廟口段山鼻子小段,1.68,都市：其他
RPQNMLLKLHKFFEH87CA,南崁廟口段山鼻子小段,.84,都市：其他
RPQNMLLKLHKFFEH87CA,南崁廟口段山鼻子小段,.32,都市：其他
RPQNMLLKLHKFFEH87CA,南崁廟口段山鼻子小段,1.54,都市：其他
RPQNMLLKLHKFFEH87CA,南崁廟口段山鼻子小段,8.82,都市：其他
RPQNMLLKLHKFFEH87CA,南崁廟口段山鼻子小段,7.93,都市：其他
RPQNMLLKLHKFFEH87CA,南崁廟口段山鼻子小段,1.18,都市：其他
RPQNMLLKLHKFFEH87CA,南崁廟口段山鼻子小段,.43,都市：其他
RPQNMLLKLHKFFEH87CA,南崁廟口段山鼻子小段,10.15,都市：其他
RPQNMLLKLHKFFEH87CA,南崁廟口段山鼻子小段,6.50,都市：其他
RPQNMLLKLHKFFEH87CA,南崁廟口段山鼻子小段,7.78,都市：其他
RPQNMLLKLHKFFEH87CA,南崁廟口段山鼻子小段,7.86,都市：其他
RPQNMLLKLHKFFEH87CA,南崁廟口段山鼻子小段,2.15,都市：其他
RPQNMLLKLHKFFEH87CA,南崁廟口段山鼻子小段,2.48,都市：其他
RPQNMLLKLHKFFEH87CA,南崁廟口段山鼻子小段,16.85,都市：其他
RPQNMLLKLHKFFEH87CA,南崁廟口段山鼻子小段,.48,都市：其他
RPQNMLLKLHKFFEH87CA,南崁廟口段山鼻子小段,33.41,都市：其他
RPQNMLLKLHKFFEH87CA,南崁廟口段山鼻子小段,21.89,都市：其他
RPQNMLLKLHKFFEH87CA,南崁廟口段山鼻子小段,2.50,都市：其他
RPQNMLLKLHKFFEH87CA,南崁廟口段山鼻子小段,1.82,都市：其他
RPQNMLLKLHKFFEH87CA,南崁廟口段山鼻子小段,7.50,都市：其他
RPQNMLLKLHKFFEH87CA,南崁廟口段山鼻子小段,6.01,都市：其他
RPQNMLLKLHKFFEH87CA,南崁廟口段山鼻子小段,66.74,都市：其他
RPQNMLLKLHKFFEH87CA,南崁廟口段山鼻子小段,2.21,都市：其他
RPQNMLLKLHKFFEH87CA,南崁廟口段山鼻子小段,6.08,都市：其他
RPQNMLLKLHKFFEH87CA,南崁廟口段山鼻子小段,34.97,都市：其他
RPQNMLLKLHKFFEH87CA,南崁廟口段山鼻子小段,4.82,都市：其他
RPQNMLLKLHKFFEH87CA,南崁廟口段山鼻子小段,5.73,都市：其他
RPQNMLLKLHKFFEH87CA,南崁廟口段山鼻子小段,1.76,都市：其他
RPQNMLLKLHKFFEH87CA,南崁廟口段山鼻子小段,1.13,非都市：一般農業區 ; 非都市編定：農牧用地
RPQNMLLKLHKFFEH87CA,南崁廟口段山鼻子小段,.48,非都市：一般農業區 ; 非都市編定：農牧用地
RPQNMLLKLHKFFEH87CA,南崁廟口段山鼻子小段,.02,非都市：一般農業區 ; 非都市編定：農牧用地
RPQNMLLKLHKFFEH87CA,南崁廟口段山鼻子小段,.01,非都市：一般農業區 ; 非都市編定：農牧用地
RPQNMLLKLHKFFEH87CA,南崁廟口段山鼻子小段,.16,非都市：一般農業區 ; 非都市編定：農牧用地
RPQNMLLKLHKFFEH87CA,南崁廟口段山鼻子小段,4.76,都市：其他
RPQNMLLKLHKFFEH87CA,南崁廟口段山鼻子小段,40.19,都市：其他
RPQNMLLKLHKFFEH87CA,南崁廟口段山鼻子小段,12.10,都市：其他
RPQNMLLKLHKFFEH87CA,南崁廟口段山鼻子小段,3.63,都市：其他
RPQNMLLKLHKFFEH87CA,南崁廟口段山鼻子小段,8.31,都市：其他
RPQNMLLKLHKFFEH87CA,南崁廟口段山鼻子小段,1.89,都市：其他
RPQNMLLKLHKFFEH87CA,南崁廟口段山鼻子小段,13.26,都市：其他
RPQNMLLKLHKFFEH87CA,南崁廟口段山鼻子小段,3.12,都市：其他
RPQNMLLKLHKFFEH87CA,南崁廟口段山鼻子小段,.20,都市：其他
RPQNMLLKLHKFFEH87CA,南崁廟口段山鼻子小段,1.05,都市：其他
RPQNMLLKLHKFFEH87CA,南崁廟口段山鼻子小段,.35,都市：其他
RPQNMLLKLHKFFEH87CA,南崁廟口段山鼻子小段,46.69,都市：其他
RPQNMLLKLHKFFEH87CA,南崁廟口段山鼻子小段,22.85,都市：其他
RPQNMLLKLHKFFEH87CA,南崁廟口段山鼻子小段,2.26,非都市：一般農業區 ; 非都市編定：農牧用地
RPQNMLLKLHKFFEH87CA,南崁廟口段山鼻子小段,1.86,都市：其他
RPQNMLLKLHKFFEH87CA,南崁廟口段山鼻子小段,1.49,都市：其他
RPQNMLLKLHKFFEH87CA,南崁廟口段山鼻子小段,14.15,都市：其他
RPQNMLLKLHKFFEH87CA,南崁廟口段山鼻子小段,1.05,都市：其他
RPQNMLLKLHKFFEH87CA,南崁廟口段山鼻子小段,8.68,都市：其他
RPQNMLLKLHKFFEH87CA,南崁廟口段山鼻子小段,5.91,都市：其他
RPQNMLLKLHKFFEH87CA,南崁廟口段山鼻子小段,7.67,都市：其他
RPQNMLLKLHKFFEH87CA,南崁廟口段山鼻子小段,33.53,都市：其他
RPQNMLLKLHKFFEH87CA,南崁廟口段山鼻子小段,10.49,都市：其他
RPQNMLLKLHKFFEH87CA,南崁廟口段山鼻子小段,1.28,都市：其他
RPQNMLLKLHKFFEH87CA,南崁廟口段山鼻子小段,4.53,都市：其他
RPQNMLLKLHKFFEH87CA,南崁廟口段山鼻子小段,6.09,都市：工
RPQNMLLKLHKFFEH87CA,南崁廟口段山鼻子小段,6.19,都市：其他
RPQNMLLKLHKFFEH87CA,南崁廟口段山鼻子小段,58.44,都市：其他
RPQNMLLKLHKFFEH87CA,南崁廟口段山鼻子小段,6.85,都市：其他
RPQNMLLKLHKFFEH87CA,南崁廟口段山鼻子小段,1.26,都市：其他
RPQNMLLKLHKFFEH87CA,南崁廟口段山鼻子小段,6.73,都市：其他
RPQNMLLKLHKFFEH87CA,南崁廟口段山鼻子小段,.56,都市：其他
RPQNMLLKLHKFFEH87CA,南崁廟口段山鼻子小段,.90,都市：其他
RPQNMLLKLHKFFEH87CA,南崁廟口段山鼻子小段,2.30,都市：其他
RPQNMLLKLHKFFEH87CA,南崁廟口段山鼻子小段,.35,都市：其他
RPQNMLLKLHKFFEH87CA,南崁廟口段山鼻子小段,28.37,都市：其他
RPQNMLLKLHKFFEH87CA,南崁廟口段山鼻子小段,118.52,都市：其他
RPQNMLLKLHKFFEH87CA,南崁廟口段山鼻子小段,48.02,都市：其他
RPQNMLLKLHKFFEH87CA,南崁廟口段山鼻子小段,3.64,都市：其他
RPQNMLLKLHKFFEH87CA,南崁廟口段山鼻子小段,2.96,都市：其他
RPQNMLLKLHKFFEH87CA,南崁廟口段山鼻子小段,2.82,都市：其他
RPQNMLLKLHKFFEH87CA,南崁廟口段山鼻子小段,2.95,非都市：一般農業區 ; 非都市編定：農牧用地
RPQNMLLKLHKFFEH87CA,南崁廟口段山鼻子小段,1.04,都市：其他
RPQNMLLKLHKFFEH87CA,南崁廟口段山鼻子小段,.50,都市：其他
RPQNMLLKLHKFFEH87CA,南崁廟口段山鼻子小段,1.66,都市：其他
RPQNMLLKLHKFFEH87CA,南崁廟口段山鼻子小段,6.28,都市：其他
RPQNMLLKLHKFFEH87CA,南崁廟口段山鼻子小段,3.09,都市：其他
RPQNMLLKLHKFFEH87CA,南崁廟口段山鼻子小段,.55,都市：其他
RPQNMLLKLHKFFEH87CA,南崁廟口段山鼻子小段,1.25,都市：其他
RPQNMLLKLHKFFEH87CA,南崁廟口段山鼻子小段,7.68,都市：其他
RPQNMLLKLHKFFEH87CA,南崁廟口段山鼻子小段,4.25,都市：其他
RPQNMLLKLHKFFEH87CA,南崁廟口段山鼻子小段,3.35,都市：其他
RPQNMLLKLHKFFEH87CA,南崁廟口段山鼻子小段,7.42,都市：工
RPQNMLLKLHKFFEH87CA,南崁廟口段山鼻子小段,51.21,都市：其他
RPQNMLLKLHKFFEH87CA,南崁廟口段山鼻子小段,22.99,都市：其他
RPQNMLLKLHKFFEH87CA,南崁廟口段山鼻子小段,.85,都市：其他
RPQNMLLKLHKFFEH87CA,南崁廟口段山鼻子小段,1.07,都市：其他
RPQNMLLKLHKFFEH87CA,南崁廟口段山鼻子小段,32.42,都市：其他
RPQNMLLKLHKFFEH87CA,南崁廟口段山鼻子小段,4.42,都市：其他
RPQNMLLKLHKFFEH87CA,南崁廟口段山鼻子小段,72.66,都市：其他
RPQNMLLKLHKFFEH87CA,南崁廟口段山鼻子小段,.52,都市：其他
RPQNMLLKLHKFFEH87CA,南崁廟口段山鼻子小段,1.58,都市：其他
RPQNMLLKLHKFFEH87CA,南崁廟口段山鼻子小段,.03,都市：其他
RPQNMLLKLHKFFEH87CA,南崁廟口段山鼻子小段,.23,都市：其他
RPQNMLLKLHKFFEH87CA,南崁廟口段山鼻子小段,8.54,都市：其他
RPQNMLLKLHKFFEH87CA,南崁廟口段山鼻子小段,66.30,都市：其他
RPQNMLLKLHKFFEH87CA,南崁廟口段山鼻子小段,57.61,都市：其他
RPQNMLLKLHKFFEH87CA,南崁廟口段山鼻子小段,1.72,都市：其他
RPQNMLLKLHKFFEH87CA,南崁廟口段山鼻子小段,8.51,都市：其他
RPUNMLTJLHKFFGH56CA,台水段,46.18,都市：農
RPVNMLTJLHKFFGH66CA,賦北段,8.95,都市：農
RPTROLMKKHKFFGH98CA,富貴段,497.94,都市：農
RPRROLMKKHKFFGH78CA,山子頂段,250.00,都市：住
RPRROLMKKHKFFGH78CA,山子頂段,1098.00,都市：住
RPRROLMKKHKFFGH78CA,山子頂段,38.00,都市：其他
RPRROLMKKHKFFGH78CA,山子頂段,111.00,都市：其他
RPRROLMKKHKFFGH78CA,山子頂段,1.00,都市：其他
RPTOMLLKKHKFFAH87DA,春日段,16.83,都市：住
RPPNMLOKKHKFFGH18CA,雙連段,72.59,都市：工
RPRTMLLKKHKFFAH18DA,埔子段埔子小段,13.21,都市：住
RPWOMLKKKHKFFBH18DA,仁祥段,106.23,都市：其他
RPWQMLLKKHKFFBH48DA,忠富段,400.09,非都市：特定農業區 ; 非都市編定：農牧用地
RPRPMLNKKHKFFBH08DA,中壢埔頂段,20.53,都市：住
RPTNMLMJLHKFFAH87DA,陸光段,36.27,都市：住
RPORMLQKKHKFFAH18DA,埔子段埔子小段,11.25,都市：住
RPORMLQKKHKFFAH18DA,埔子段埔子小段,17.25,都市：住
RPWOMLTJLHKFFGH86CA,平東段,53.38,都市：住
RPWOMLTJLHKFFGH86CA,平東段,13.80,都市：其他
RPURMLLKLHKFFBH48DA,山上段,29.77,非都市：特定農業區 ; 非都市編定：甲種建築用地
RPURMLLKLHKFFBH48DA,山上段,57.63,非都市：特定農業區 ; 非都市編定：甲種建築用地
RPURMLLKLHKFFBH48DA,山上段,25.36,非都市：特定農業區 ; 非都市編定：農牧用地
RPVRMLLKLHKFFBH58DA,山上段,37.06,非都市：特定農業區 ; 非都市編定：甲種建築用地
RPVRMLLKLHKFFBH58DA,山上段,71.75,非都市：特定農業區 ; 非都市編定：甲種建築用地
RPVRMLLKLHKFFBH58DA,山上段,25.36,非都市：特定農業區 ; 非都市編定：農牧用地
RPXRMLLKLHKFFBH78DA,山上段,27.26,非都市：特定農業區 ; 非都市編定：甲種建築用地
RPXRMLLKLHKFFBH78DA,山上段,52.77,非都市：特定農業區 ; 非都市編定：甲種建築用地
RPXRMLLKLHKFFBH78DA,山上段,25.36,非都市：特定農業區 ; 非都市編定：農牧用地
RPQSMLLKLHKFFBH18DA,山上段,29.07,非都市：特定農業區 ; 非都市編定：甲種建築用地
RPQSMLLKLHKFFBH18DA,山上段,56.29,非都市：特定農業區 ; 非都市編定：甲種建築用地
RPQSMLLKLHKFFBH18DA,山上段,25.36,非都市：特定農業區 ; 非都市編定：農牧用地
RPORMLLKLHKFFBH87DA,山上段,31.74,非都市：特定農業區 ; 非都市編定：甲種建築用地
RPORMLLKLHKFFBH87DA,山上段,61.46,非都市：特定農業區 ; 非都市編定：甲種建築用地
RPORMLLKLHKFFBH87DA,山上段,25.36,非都市：特定農業區 ; 非都市編定：農牧用地
RPTRMLLKLHKFFBH38DA,山上段,30.47,非都市：特定農業區 ; 非都市編定：甲種建築用地
RPTRMLLKLHKFFBH38DA,山上段,59.00,非都市：特定農業區 ; 非都市編定：甲種建築用地
RPTRMLLKLHKFFBH38DA,山上段,25.36,非都市：特定農業區 ; 非都市編定：農牧用地
RPWRMLLKLHKFFBH68DA,山上段,27.26,非都市：特定農業區 ; 非都市編定：甲種建築用地
RPWRMLLKLHKFFBH68DA,山上段,52.77,非都市：特定農業區 ; 非都市編定：甲種建築用地
RPWRMLLKLHKFFBH68DA,山上段,25.36,非都市：特定農業區 ; 非都市編定：農牧用地
RPSRMLLKLHKFFBH28DA,山上段,30.47,非都市：特定農業區 ; 非都市編定：甲種建築用地
RPSRMLLKLHKFFBH28DA,山上段,59.00,非都市：特定農業區 ; 非都市編定：甲種建築用地
RPSRMLLKLHKFFBH28DA,山上段,40.39,非都市：特定農業區 ; 非都市編定：農牧用地
RPRSMLLKLHKFFBH28DA,山上段,29.07,非都市：特定農業區 ; 非都市編定：甲種建築用地
RPRSMLLKLHKFFBH28DA,山上段,56.29,非都市：特定農業區 ; 非都市編定：甲種建築用地
RPRSMLLKLHKFFBH28DA,山上段,25.36,非都市：特定農業區 ; 非都市編定：農牧用地
RPQRMLLKLHKFFBH08DA,山上段,31.53,非都市：特定農業區 ; 非都市編定：甲種建築用地
RPQRMLLKLHKFFBH08DA,山上段,61.04,非都市：特定農業區 ; 非都市編定：甲種建築用地
RPQRMLLKLHKFFBH08DA,山上段,25.36,非都市：特定農業區 ; 非都市編定：農牧用地
RPSSMLLKLHKFFBH38DA,山上段,30.14,非都市：特定農業區 ; 非都市編定：甲種建築用地
RPSSMLLKLHKFFBH38DA,山上段,58.35,非都市：特定農業區 ; 非都市編定：甲種建築用地
RPSSMLLKLHKFFBH38DA,山上段,25.36,非都市：特定農業區 ; 非都市編定：農牧用地
RPTSMLLKLHKFFBH48DA,山上段,30.29,非都市：特定農業區 ; 非都市編定：甲種建築用地
RPTSMLLKLHKFFBH48DA,山上段,58.63,非都市：特定農業區 ; 非都市編定：甲種建築用地
RPTSMLLKLHKFFBH48DA,山上段,25.36,非都市：特定農業區 ; 非都市編定：農牧用地
RPUSMLLKLHKFFBH58DA,山上段,31.78,非都市：特定農業區 ; 非都市編定：甲種建築用地
RPUSMLLKLHKFFBH58DA,山上段,61.52,非都市：特定農業區 ; 非都市編定：甲種建築用地
RPUSMLLKLHKFFBH58DA,山上段,40.39,非都市：特定農業區 ; 非都市編定：農牧用地
RPPNMLMKLHKFFBH67DA,山上段,30.21,非都市：特定農業區 ; 非都市編定：甲種建築用地
RPPNMLMKLHKFFBH67DA,山上段,58.49,非都市：特定農業區 ; 非都市編定：甲種建築用地
RPPNMLMKLHKFFBH67DA,山上段,25.36,非都市：特定農業區 ; 非都市編定：農牧用地
RPXSMLLKLHKFFBH88DA,山上段,30.21,非都市：特定農業區 ; 非都市編定：甲種建築用地
RPXSMLLKLHKFFBH88DA,山上段,58.49,非都市：特定農業區 ; 非都市編定：甲種建築用地
RPXSMLLKLHKFFBH88DA,山上段,25.36,非都市：特定農業區 ; 非都市編定：農牧用地
RPVSMLLKLHKFFBH68DA,山上段,30.29,非都市：特定農業區 ; 非都市編定：甲種建築用地
RPVSMLLKLHKFFBH68DA,山上段,58.63,非都市：特定農業區 ; 非都市編定：甲種建築用地
RPVSMLLKLHKFFBH68DA,山上段,40.39,非都市：特定農業區 ; 非都市編定：農牧用地
RPQTMLLKLHKFFBH28DA,山上段,30.29,非都市：特定農業區 ; 非都市編定：甲種建築用地
RPQTMLLKLHKFFBH28DA,山上段,58.63,非都市：特定農業區 ; 非都市編定：甲種建築用地
RPQTMLLKLHKFFBH28DA,山上段,25.36,非都市：特定農業區 ; 非都市編定：農牧用地
RPPTMLLKLHKFFBH18DA,山上段,41.45,非都市：特定農業區 ; 非都市編定：甲種建築用地
RPPTMLLKLHKFFBH18DA,山上段,80.26,非都市：特定農業區 ; 非都市編定：甲種建築用地
RPPTMLLKLHKFFBH18DA,山上段,25.36,非都市：特定農業區 ; 非都市編定：農牧用地
RPOTMLLKLHKFFBH08DA,山上段,30.29,非都市：特定農業區 ; 非都市編定：甲種建築用地
RPOTMLLKLHKFFBH08DA,山上段,58.63,非都市：特定農業區 ; 非都市編定：甲種建築用地
RPOTMLLKLHKFFBH08DA,山上段,25.36,非都市：特定農業區 ; 非都市編定：農牧用地
RPWSMLLKLHKFFBH78DA,山上段,30.21,非都市：特定農業區 ; 非都市編定：甲種建築用地
RPWSMLLKLHKFFBH78DA,山上段,58.49,非都市：特定農業區 ; 非都市編定：甲種建築用地
RPWSMLLKLHKFFBH78DA,山上段,25.36,非都市：特定農業區 ; 非都市編定：農牧用地
RPQNMLMKLHKFFBH77DA,山上段,30.21,非都市：特定農業區 ; 非都市編定：甲種建築用地
RPQNMLMKLHKFFBH77DA,山上段,58.49,非都市：特定農業區 ; 非都市編定：甲種建築用地
RPQNMLMKLHKFFBH77DA,山上段,25.36,非都市：特定農業區 ; 非都市編定：農牧用地
RPSNMLMKLHKFFBH97DA,山上段,34.75,非都市：特定農業區 ; 非都市編定：甲種建築用地
RPRNMLMKLHKFFBH87DA,山上段,30.29,非都市：特定農業區 ; 非都市編定：甲種建築用地
RPRNMLMKLHKFFBH87DA,山上段,58.63,非都市：特定農業區 ; 非都市編定：甲種建築用地
RPRNMLMKLHKFFBH87DA,山上段,25.36,非都市：特定農業區 ; 非都市編定：農牧用地
RPSNMLMKLHKFFBH97DA,山上段,67.27,非都市：特定農業區 ; 非都市編定：甲種建築用地
RPSNMLMKLHKFFBH97DA,山上段,25.36,非都市：特定農業區 ; 非都市編定：農牧用地
RPUNMLMKLHKFFBH18DA,山上段,30.29,非都市：特定農業區 ; 非都市編定：甲種建築用地
RPUNMLMKLHKFFBH18DA,山上段,58.63,非都市：特定農業區 ; 非都市編定：甲種建築用地
RPUNMLMKLHKFFBH18DA,山上段,40.39,非都市：特定農業區 ; 非都市編定：農牧用地
RPVNMLMKLHKFFBH28DA,山上段,30.14,非都市：特定農業區 ; 非都市編定：甲種建築用地
RPVNMLMKLHKFFBH28DA,山上段,58.35,非都市：特定農業區 ; 非都市編定：甲種建築用地
RPVNMLMKLHKFFBH28DA,山上段,40.39,非都市：特定農業區 ; 非都市編定：農牧用地
RPQOMLMKLHKFFBH87DA,山上段,30.29,非都市：特定農業區 ; 非都市編定：甲種建築用地
RPQOMLMKLHKFFBH87DA,山上段,58.63,非都市：特定農業區 ; 非都市編定：甲種建築用地
RPQOMLMKLHKFFBH87DA,山上段,25.36,非都市：特定農業區 ; 非都市編定：農牧用地
RPQOMLMKLHKFFBH87DA,山上段,19.15,非都市：特定農業區 ; 非都市編定：農牧用地
RPWNMLMKLHKFFBH38DA,山上段,30.29,非都市：特定農業區 ; 非都市編定：甲種建築用地
RPWNMLMKLHKFFBH38DA,山上段,58.63,非都市：特定農業區 ; 非都市編定：甲種建築用地
RPWNMLMKLHKFFBH38DA,山上段,25.36,非都市：特定農業區 ; 非都市編定：農牧用地
RPOOMLMKLHKFFBH67DA,山上段,30.29,非都市：特定農業區 ; 非都市編定：甲種建築用地
RPPOMLMKLHKFFBH77DA,山上段,30.36,非都市：特定農業區 ; 非都市編定：甲種建築用地
RPOOMLMKLHKFFBH67DA,山上段,58.63,非都市：特定農業區 ; 非都市編定：甲種建築用地
RPOOMLMKLHKFFBH67DA,山上段,25.36,非都市：特定農業區 ; 非都市編定：農牧用地
RPPOMLMKLHKFFBH77DA,山上段,58.77,非都市：特定農業區 ; 非都市編定：甲種建築用地
RPOOMLMKLHKFFBH67DA,山上段,21.64,非都市：特定農業區 ; 非都市編定：農牧用地
RPPOMLMKLHKFFBH77DA,山上段,40.39,非都市：特定農業區 ; 非都市編定：農牧用地
RPPOMLMKLHKFFBH77DA,山上段,17.07,非都市：特定農業區 ; 非都市編定：農牧用地
RPXNMLMKLHKFFBH48DA,山上段,33.67,非都市：特定農業區 ; 非都市編定：甲種建築用地
RPXNMLMKLHKFFBH48DA,山上段,65.18,非都市：特定農業區 ; 非都市編定：甲種建築用地
RPXNMLMKLHKFFBH48DA,山上段,40.39,非都市：特定農業區 ; 非都市編定：農牧用地
RPXNMLMKLHKFFBH48DA,山上段,20.59,非都市：特定農業區 ; 非都市編定：農牧用地
RPROMLMKLHKFFBH97DA,山上段,35.20,非都市：特定農業區 ; 非都市編定：甲種建築用地
RPROMLMKLHKFFBH97DA,山上段,68.15,非都市：特定農業區 ; 非都市編定：甲種建築用地
RPROMLMKLHKFFBH97DA,山上段,25.36,非都市：特定農業區 ; 非都市編定：農牧用地
RPROMLMKLHKFFBH97DA,山上段,42.57,非都市：特定農業區 ; 非都市編定：農牧用地
RPTOMLMKLHKFFBH18DA,山上段,30.24,非都市：特定農業區 ; 非都市編定：甲種建築用地
RPTOMLMKLHKFFBH18DA,山上段,58.54,非都市：特定農業區 ; 非都市編定：甲種建築用地
RPTOMLMKLHKFFBH18DA,山上段,25.36,非都市：特定農業區 ; 非都市編定：農牧用地
RPTOMLMKLHKFFBH18DA,山上段,14.66,非都市：特定農業區 ; 非都市編定：農牧用地
RPSOMLMKLHKFFBH08DA,山上段,39.47,非都市：特定農業區 ; 非都市編定：甲種建築用地
RPSOMLMKLHKFFBH08DA,山上段,76.42,非都市：特定農業區 ; 非都市編定：甲種建築用地
RPSOMLMKLHKFFBH08DA,山上段,25.36,非都市：特定農業區 ; 非都市編定：農牧用地
RPSOMLMKLHKFFBH08DA,山上段,24.74,非都市：特定農業區 ; 非都市編定：農牧用地
RPUOMLMKLHKFFBH28DA,山上段,29.74,非都市：特定農業區 ; 非都市編定：甲種建築用地
RPUOMLMKLHKFFBH28DA,山上段,57.57,非都市：特定農業區 ; 非都市編定：甲種建築用地
RPUOMLMKLHKFFBH28DA,山上段,25.36,非都市：特定農業區 ; 非都市編定：農牧用地
RPUOMLMKLHKFFBH28DA,山上段,10.30,非都市：特定農業區 ; 非都市編定：農牧用地
RPXPMLMKKHKFFBH58DA,復興段,.36,都市：其他
RPXPMLMKKHKFFBH58DA,復興段,.02,都市：住
RPXPMLMKKHKFFBH58DA,復興段,.38,都市：住
RPXPMLMKKHKFFBH58DA,復興段,25.48,都市：住
RPXOMLMKLHKFFBH58DA,山上段,26.73,非都市：特定農業區 ; 非都市編定：甲種建築用地
RPXOMLMKLHKFFBH58DA,山上段,51.75,非都市：特定農業區 ; 非都市編定：甲種建築用地
RPXOMLMKLHKFFBH58DA,山上段,25.36,非都市：特定農業區 ; 非都市編定：農牧用地
RPXOMLMKLHKFFBH58DA,山上段,12.13,非都市：特定農業區 ; 非都市編定：農牧用地
RPVOMLMKLHKFFBH38DA,山上段,29.74,非都市：特定農業區 ; 非都市編定：甲種建築用地
RPVOMLMKLHKFFBH38DA,山上段,57.57,非都市：特定農業區 ; 非都市編定：甲種建築用地
RPVOMLMKLHKFFBH38DA,山上段,25.36,非都市：特定農業區 ; 非都市編定：農牧用地
RPVOMLMKLHKFFBH38DA,山上段,10.58,非都市：特定農業區 ; 非都市編定：農牧用地
RPOPMLMKLHKFFBH77DA,山上段,31.44,非都市：特定農業區 ; 非都市編定：甲種建築用地
RPOPMLMKLHKFFBH77DA,山上段,60.87,非都市：特定農業區 ; 非都市編定：甲種建築用地
RPOPMLMKLHKFFBH77DA,山上段,25.36,非都市：特定農業區 ; 非都市編定：農牧用地
RPOPMLMKLHKFFBH77DA,山上段,15.66,非都市：特定農業區 ; 非都市編定：農牧用地
RPRPMLMKLHKFFBH08DA,山上段,33.20,非都市：特定農業區 ; 非都市編定：甲種建築用地
RPRPMLMKLHKFFBH08DA,山上段,64.28,非都市：特定農業區 ; 非都市編定：甲種建築用地
RPRPMLMKLHKFFBH08DA,山上段,25.36,非都市：特定農業區 ; 非都市編定：農牧用地
RPRPMLMKLHKFFBH08DA,山上段,36.82,非都市：特定農業區 ; 非都市編定：農牧用地
RPSPMLMKLHKFFBH18DA,山上段,39.21,非都市：特定農業區 ; 非都市編定：甲種建築用地
RPSPMLMKLHKFFBH18DA,山上段,75.91,非都市：特定農業區 ; 非都市編定：甲種建築用地
RPSPMLMKLHKFFBH18DA,山上段,25.36,非都市：特定農業區 ; 非都市編定：農牧用地
RPSPMLMKLHKFFBH18DA,山上段,169.45,非都市：特定農業區 ; 非都市編定：農牧用地
RPPPMLMKLHKFFBH87DA,山上段,32.72,非都市：特定農業區 ; 非都市編定：甲種建築用地
RPPPMLMKLHKFFBH87DA,山上段,63.34,非都市：特定農業區 ; 非都市編定：甲種建築用地
RPPPMLMKLHKFFBH87DA,山上段,40.39,非都市：特定農業區 ; 非都市編定：農牧用地
RPPPMLMKLHKFFBH87DA,山上段,22.80,非都市：特定農業區 ; 非都市編定：農牧用地
RPRNMLLKKHKFFBH77EA,中興段,8.13,都市：其他
RPRNMLLKKHKFFBH77EA,中興段,7.02,都市：其他
RPWNMLNKKHKFFBH48EA,忠福段,27.21,都市：住
RPTPMLNKKHKFFBH38EA,自立段,53.43,都市：住
RPSRMLKKKHKFFBH18EA,石頭段,1.11,都市：商
RPURMLLKKHKFFAH38EA,中路段,9.92,都市：住
RPSNMLKLLHKFFAH87EA,中埔段,74.38,都市：住
RPUNMLKKLHKFFBH08EA,忠福段,18.20,都市：住
RPUNMLKKLHKFFBH08EA,忠福段,8.80,都市：住
RPTQMLKKKHKFFBH18EA,新坡段,18.69,非都市：特定農業區 ; 非都市編定：甲種建築用地
RPTQMLKKKHKFFBH18EA,新坡段,58.00,非都市：特定農業區 ; 非都市編定：甲種建築用地
RPTQMLKKKHKFFBH18EA,新坡段,5.12,非都市：特定農業區 ; 非都市編定：甲種建築用地
RPRQMLQKKHKFFBH58EA,成功段,.99,都市：住
RPRQMLQKKHKFFBH58EA,成功段,.46,都市：住
RPRQMLQKKHKFFBH58EA,成功段,.54,都市：住
RPRQMLQKKHKFFBH58EA,成功段,1.00,都市：住
RPRQMLQKKHKFFBH58EA,成功段,1.00,都市：住
RPRQMLQKKHKFFBH58EA,成功段,1.00,都市：住
RPRQMLQKKHKFFBH58EA,成功段,.66,都市：住
RPRQMLQKKHKFFBH58EA,成功段,.51,都市：住
RPRQMLQKKHKFFBH58EA,成功段,1.00,都市：住
RPRQMLQKKHKFFBH58EA,成功段,1.00,都市：住
RPRQMLQKKHKFFBH58EA,成功段,1.00,都市：住
RPRQMLQKKHKFFBH58EA,成功段,.60,都市：住
RPRQMLQKKHKFFBH58EA,成功段,.24,都市：住
RPRQMLQKKHKFFBH58EA,成功段,1.00,都市：住
RPRQMLQKKHKFFBH58EA,成功段,1.00,都市：住
RPRQMLQKKHKFFBH58EA,成功段,1.00,都市：住
RPRQMLQKKHKFFBH58EA,成功段,1.00,都市：住
RPRQMLQKKHKFFBH58EA,成功段,.28,都市：住
RPRQMLQKKHKFFBH58EA,成功段,.37,都市：住
RPRQMLQKKHKFFBH58EA,成功段,1.00,都市：住
RPRQMLQKKHKFFBH58EA,成功段,1.00,都市：住
RPRQMLQKKHKFFBH58EA,成功段,.73,都市：住
RPRQMLQKKHKFFBH58EA,成功段,1.00,都市：住
RPRQMLQKKHKFFBH58EA,成功段,1.00,都市：住
RPRQMLQKKHKFFBH58EA,成功段,1.00,都市：住
RPQQMLQKKHKFFBH48EA,成功段,.99,都市：住
RPQQMLQKKHKFFBH48EA,成功段,.46,都市：住
RPQQMLQKKHKFFBH48EA,成功段,.54,都市：住
RPQQMLQKKHKFFBH48EA,成功段,1.00,都市：住
RPQQMLQKKHKFFBH48EA,成功段,1.00,都市：住
RPQQMLQKKHKFFBH48EA,成功段,1.00,都市：住
RPQQMLQKKHKFFBH48EA,成功段,.66,都市：住
RPQQMLQKKHKFFBH48EA,成功段,.51,都市：住
RPQQMLQKKHKFFBH48EA,成功段,1.00,都市：住
RPQQMLQKKHKFFBH48EA,成功段,1.00,都市：住
RPQQMLQKKHKFFBH48EA,成功段,1.00,都市：住
RPQQMLQKKHKFFBH48EA,成功段,.60,都市：住
RPQQMLQKKHKFFBH48EA,成功段,.24,都市：住
RPQQMLQKKHKFFBH48EA,成功段,1.00,都市：住
RPQQMLQKKHKFFBH48EA,成功段,1.00,都市：住
RPQQMLQKKHKFFBH48EA,成功段,1.00,都市：住
RPQQMLQKKHKFFBH48EA,成功段,1.00,都市：住
RPQQMLQKKHKFFBH48EA,成功段,.28,都市：住
RPQQMLQKKHKFFBH48EA,成功段,.37,都市：住
RPQQMLQKKHKFFBH48EA,成功段,1.00,都市：住
RPQQMLQKKHKFFBH48EA,成功段,1.00,都市：住
RPQQMLQKKHKFFBH48EA,成功段,.73,都市：住
RPQQMLQKKHKFFBH48EA,成功段,1.00,都市：住
RPQQMLQKKHKFFBH48EA,成功段,1.00,都市：住
RPQQMLQKKHKFFBH48EA,成功段,1.00,都市：住
RPSNMLLKKHKFFDH97DA,上湖段,22.39,非都市：特定農業區 ; 非都市編定：甲種建築用地
RPSNMLLKKHKFFDH97DA,上湖段,95.00,非都市：特定農業區 ; 非都市編定：甲種建築用地
RPQNMLLKKHKFFEH87DA,坑子口段頭前小段,632.00,非都市：工業區 ; 非都市編定：農牧用地
RPQNMLLKKHKFFEH87DA,坑子口段頭前小段,3.00,非都市：工業區 ; 非都市編定：農牧用地
RPXPMLNKKHKFFGH56DA,廣東段,17.23,都市：住
RPROMLQKKHKFFEH58DA,坑子口段頭前小段,99.20,非都市：一般農業區 ; 非都市編定：農牧用地
RPRNMLLKKHKFFEH97DA,坑子口段頭前小段,5.72,非都市：工業區 ; 非都市編定：農牧用地
RPRNMLLKKHKFFEH97DA,坑子口段頭前小段,18.00,非都市：工業區 ; 非都市編定：農牧用地
RPRNMLLKKHKFFEH97DA,坑子口段頭前小段,48.00,非都市：工業區 ; 非都市編定：農牧用地
RPSOMLQKKHKFFEH68DA,坑子口段頭前小段,24.97,非都市：一般農業區 ; 非都市編定：農牧用地
RPSOMLQKKHKFFEH68DA,坑子口段頭前小段,230.80,非都市：一般農業區 ; 非都市編定：農牧用地
RPVOMLQLKHKFFEH09DA,五塊厝段下埔小段,55.00,非都市：特定農業區 ; 非都市編定：甲種建築用地
RPVOMLQLKHKFFEH09DA,五塊厝段下埔小段,21.02,非都市：特定農業區 ; 非都市編定：甲種建築用地
RPPOMLOJLHKFFCH97DA,內柵段埔尾小段,31.67,非都市：風景區 ; 非都市編定：殯葬用地
RPOOMLOJLHKFFCH87DA,內柵段埔尾小段,15.83,非都市：風景區 ; 非都市編定：殯葬用地
RPSNMLMJLHKFFCH08EA,義盛段,111.00,都市：其他
RPSNMLQKKHKFFFH68DA,廣隆段,20.06,都市：住
RPSNMLNKKHKFFDH28EA,瑞湖段,332.70,非都市：特定農業區 ; 非都市編定：水利用地
RPSNMLNKKHKFFDH28EA,瑞原段,917.52,非都市：特定農業區 ; 非都市編定：水利用地
RPSNMLNKKHKFFDH28EA,民豐段,982.30,非都市：特定農業區 ; 非都市編定：農牧用地
RPOQMLMJLHKFFEH08DA,五塊厝段下埔小段,55.00,非都市：特定農業區 ; 非都市編定：甲種建築用地
RPOQMLMJLHKFFEH08DA,五塊厝段下埔小段,21.02,非都市：特定農業區 ; 非都市編定：甲種建築用地
RPSOMLQLKHKFFEH78DA,五塊厝段下埔小段,55.00,非都市：特定農業區 ; 非都市編定：甲種建築用地
RPSOMLQLKHKFFEH78DA,五塊厝段下埔小段,21.02,非都市：特定農業區 ; 非都市編定：甲種建築用地
RPOPMLQLKHKFFEH48DA,五塊厝段下埔小段,55.00,非都市：特定農業區 ; 非都市編定：甲種建築用地
RPOPMLQLKHKFFEH48DA,五塊厝段下埔小段,21.02,非都市：特定農業區 ; 非都市編定：甲種建築用地
RPTNMLOLKHKFFCH48EA,烏塗窟段,191.00,非都市：山坡地保育區 ; 非都市編定：丙種建築用地
RPXPOLMKKHKFFGH76EA,六和段,97.23,非都市：特定農業區 ; 非都市編定：甲種建築用地
RPXNMLPJLHKFFEH09EA,大園段,28.25,都市：其他
RPVNMLPJLHKFFEH88EA,大園段,9.42,都市：其他
RPQNMLLKKHKFFFH08EA,瑞豐段,21.51,非都市：鄉村區 ; 非都市編定：乙種建築用地
RPOOMLMKKHKFFEH97EA,竹圍段拔子林小段,42.79,都市：住
RPOOMLMKKHKFFEH97EA,竹圍段拔子林小段,46.83,都市：住
RPUOMLNKKHKFFGH78DA,金獅段,117.86,非都市：特定農業區 ; 非都市編定：農牧用地
RPOQMLLMLHKFFAH97EA,蔗園段,145.31,都市：其他
RPOQMLLMLHKFFAH97EA,蔗園段,145.10,都市：其他
RPVNMLQKKHKFFFH98DA,茄明段,16.32,都市：住
RPRQMLQKKHKFFEH78DA,羊稠段,8.35,都市：商
RPVOMLNKKHKFFAH38EA,下湖段,9.82,都市：其他
RPOOMLPKKHKFFDH08DA,民豐段,4879.98,非都市：特定農業區 ; 非都市編定：農牧用地
RPUPMLKLLHKFFAH28EA,大林段,24.11,都市：工
RPUPMLKLLHKFFAH28EA,大林段,.02,都市：工
RPTNMLRKKHKFFBH58EA,成功段,.99,都市：住
RPTNMLRKKHKFFBH58EA,成功段,.46,都市：住
RPTNMLRKKHKFFBH58EA,成功段,.54,都市：住
RPTNMLRKKHKFFBH58EA,成功段,1.00,都市：住
RPTNMLRKKHKFFBH58EA,成功段,1.00,都市：住
RPTNMLRKKHKFFBH58EA,成功段,1.00,都市：住
RPTNMLRKKHKFFBH58EA,成功段,.66,都市：住
RPTNMLRKKHKFFBH58EA,成功段,.51,都市：住
RPTNMLRKKHKFFBH58EA,成功段,1.00,都市：住
RPTNMLRKKHKFFBH58EA,成功段,1.00,都市：住
RPTNMLRKKHKFFBH58EA,成功段,1.00,都市：住
RPTNMLRKKHKFFBH58EA,成功段,.60,都市：住
RPTNMLRKKHKFFBH58EA,成功段,.24,都市：住
RPTNMLRKKHKFFBH58EA,成功段,1.00,都市：住
RPTNMLRKKHKFFBH58EA,成功段,1.00,都市：住
RPTNMLRKKHKFFBH58EA,成功段,1.00,都市：住
RPTNMLRKKHKFFBH58EA,成功段,1.00,都市：住
RPTNMLRKKHKFFBH58EA,成功段,.28,都市：住
RPTNMLRKKHKFFBH58EA,成功段,.37,都市：住
RPTNMLRKKHKFFBH58EA,成功段,1.00,都市：住
RPTNMLRKKHKFFBH58EA,成功段,1.00,都市：住
RPTNMLRKKHKFFBH58EA,成功段,.73,都市：住
RPTNMLRKKHKFFBH58EA,成功段,1.00,都市：住
RPTNMLRKKHKFFBH58EA,成功段,1.00,都市：住
RPTNMLRKKHKFFBH58EA,成功段,1.00,都市：住
RPUNMLRKKHKFFBH68EA,成功段,.99,都市：住
RPUNMLRKKHKFFBH68EA,成功段,.46,都市：住
RPUNMLRKKHKFFBH68EA,成功段,.54,都市：住
RPUNMLRKKHKFFBH68EA,成功段,1.00,都市：住
RPUNMLRKKHKFFBH68EA,成功段,1.00,都市：住
RPUNMLRKKHKFFBH68EA,成功段,1.00,都市：住
RPUNMLRKKHKFFBH68EA,成功段,.66,都市：住
RPUNMLRKKHKFFBH68EA,成功段,.51,都市：住
RPUNMLRKKHKFFBH68EA,成功段,1.00,都市：住
RPUNMLRKKHKFFBH68EA,成功段,1.00,都市：住
RPUNMLRKKHKFFBH68EA,成功段,1.00,都市：住
RPUNMLRKKHKFFBH68EA,成功段,.60,都市：住
RPUNMLRKKHKFFBH68EA,成功段,.24,都市：住
RPUNMLRKKHKFFBH68EA,成功段,1.00,都市：住
RPUNMLRKKHKFFBH68EA,成功段,1.00,都市：住
RPUNMLRKKHKFFBH68EA,成功段,1.00,都市：住
RPUNMLRKKHKFFBH68EA,成功段,1.00,都市：住
RPUNMLRKKHKFFBH68EA,成功段,.28,都市：住
RPUNMLRKKHKFFBH68EA,成功段,.37,都市：住
RPUNMLRKKHKFFBH68EA,成功段,1.00,都市：住
RPUNMLRKKHKFFBH68EA,成功段,1.00,都市：住
RPUNMLRKKHKFFBH68EA,成功段,.73,都市：住
RPUNMLRKKHKFFBH68EA,成功段,1.00,都市：住
RPUNMLRKKHKFFBH68EA,成功段,1.00,都市：住
RPUNMLRKKHKFFBH68EA,成功段,1.00,都市：住
RPUNMLQLKHKFFEH98EA,南崁廟口段羊稠坑小段,25.77,都市：住
RPSQMLQKKHKFFBH68EA,成功段,.99,都市：住
RPSQMLQKKHKFFBH68EA,成功段,.46,都市：住
RPSQMLQKKHKFFBH68EA,成功段,.54,都市：住
RPSQMLQKKHKFFBH68EA,成功段,1.00,都市：住
RPSQMLQKKHKFFBH68EA,成功段,1.00,都市：住
RPSQMLQKKHKFFBH68EA,成功段,1.00,都市：住
RPSQMLQKKHKFFBH68EA,成功段,.66,都市：住
RPSQMLQKKHKFFBH68EA,成功段,.51,都市：住
RPSQMLQKKHKFFBH68EA,成功段,1.00,都市：住
RPSQMLQKKHKFFBH68EA,成功段,1.00,都市：住
RPSQMLQKKHKFFBH68EA,成功段,1.00,都市：住
RPSQMLQKKHKFFBH68EA,成功段,.60,都市：住
RPSQMLQKKHKFFBH68EA,成功段,.24,都市：住
RPSQMLQKKHKFFBH68EA,成功段,1.00,都市：住
RPSQMLQKKHKFFBH68EA,成功段,1.00,都市：住
RPSQMLQKKHKFFBH68EA,成功段,1.00,都市：住
RPSQMLQKKHKFFBH68EA,成功段,1.00,都市：住
RPSQMLQKKHKFFBH68EA,成功段,.28,都市：住
RPSQMLQKKHKFFBH68EA,成功段,.37,都市：住
RPSQMLQKKHKFFBH68EA,成功段,1.00,都市：住
RPSQMLQKKHKFFBH68EA,成功段,1.00,都市：住
RPSQMLQKKHKFFBH68EA,成功段,.73,都市：住
RPSQMLQKKHKFFBH68EA,成功段,1.00,都市：住
RPSQMLQKKHKFFBH68EA,成功段,1.00,都市：住
RPSQMLQKKHKFFBH68EA,成功段,1.00,都市：住
RPTPMLMKKHKFFBH28EA,環東段,71.00,都市：住
RPPQMLMKKHKFFBH97EA,廣福段,41.62,非都市：特定農業區 ; 非都市編定：甲種建築用地
RPRNMLMKKHKFFAH67DA,龍鳳段,.87,都市：住
RPVOMLMKKHKFFBH28DA,東寮段,127.11,都市：住
RPVOMLMKKHKFFBH28DA,東寮段,16.28,都市：住
RPUNMLRKMHKFFAH78EA,桃園段長美小段,62.00,都市：住
RPUPMLNKKHKFFAH28DA,迴龍段,34.15,都市：住
RPWQMLQKKHKFFAH88DA,慈文段,10.94,都市：住
RPWQMLQKKHKFFAH88DA,慈文段,.15,都市：住
RPSTMLQKKHKFFAH78DA,富國段,9.64,都市：住
RPQNMLQKKHKFFAH97DA,福元段,14.04,都市：住
RPWRMLNKKHKFFBH88EA,普義段,4.24,都市：住
RPWNMLPKKHKFFCH68DA,員林段,129.00,非都市：鄉村區 ; 非都市編定：乙種建築用地
RPTQMLQLKHKFFAH68DA,桃園段武陵小段,18.04,都市：住
RPUOMLOLLHKFFBH68EA,東寮段,16.89,都市：商
RPTNMLTJLHKFFGH09CA,平鎮段,9.96,都市：商
RPTPMLNKKHKFFGH68CA,東豐段,35.31,都市：住
RPUOMLRLLHKFFAH88EA,忠義段,16.47,都市：住
RPTPMLNKKHKFFGH68CA,東豐段,.40,都市：住
RPUPMLNKKHKFFGH78CA,東豐段,28.89,都市：住
RPUPMLNKKHKFFGH78CA,東豐段,.40,都市：住
RPRNMLOJLHKFFGH38CA,金星段,17.88,都市：住
RPTNMLOJLHKFFGH58CA,金星段,24.66,都市：住
RPSNMLOJLHKFFGH48CA,金星段,17.90,都市：住
RPPNMLMKLHKFFGH08CA,廣仁段,24.30,都市：工
RPXQMLLKKHKFFGH98CA,湧安段,132.68,都市：住
RPVOMLOLKHKFFGH98CA,廣豐段,32.80,都市：住
RPVNMLQLKHKFFFH98CA,興豐段,193.59,都市：住
RPUNMLRKKHKFFGH98CA,金鍊段,53.08,都市：住
RPQNMLPKKHKFFGH38CA,湧安段,37.20,都市：住
RPPNMLNKKHKFFFH97CA,新興段,245.00,非都市：特定農業區 ; 非都市編定：甲種建築用地
RPTNMLNJLHKFFGH48CA,廣東段,10.81,都市：住
RPQNMLNJLHKFFGH18CA,宋屋段高山下小段,38.83,都市：住
RPQNMLLKKHKFFCH77EA,中興段,60.29,非都市：鄉村區 ; 非都市編定：乙種建築用地
RPPNMLPJLHKFFGH28CA,環南段,8.92,都市：住
RPPOMLNJLHKFFFH08CA,豐田段,26.92,都市：住
RPUNMLPLKHKFFFH78CA,豐田段,25.97,都市：住
RPVPMLSJNHKFFBH66EA,青溪段,33.98,都市：住
RPOOMLNJLHKFFFH97CA,豐田段,26.92,都市：住
RPWNMLNJLHKFFFH68CA,豐田段,34.10,都市：住
RPXNMLNJLHKFFFH78CA,豐田段,26.92,都市：住
RPUNMLNJLHKFFFH48CA,豐田段,34.10,都市：住
RPWNMLPLKHKFFFH98CA,豐田段,29.17,都市：住
RPWPMLOLKHKFFFH09CA,興豐段,99.41,都市：住
RPROMLNJLHKFFFH28CA,豐田段,46.66,都市：住
RPQOMLNJLHKFFFH18CA,豐田段,42.18,都市：住
RPSOMLNJLHKFFFH38CA,豐田段,46.66,都市：住
RPTOMLNJLHKFFFH48CA,豐田段,42.18,都市：住
RPTOMLMJLHKFFFH38CA,豐田段,46.66,都市：住
RPUOMLMJLHKFFFH48CA,豐田段,42.18,都市：住
RPTPMLMJLHKFFFH48CA,豐田段,35.00,都市：住
RPVOMLMJLHKFFFH58CA,豐田段,46.66,都市：住
RPRPMLMJLHKFFFH28CA,豐田段,35.00,都市：住
RPXOMLMJLHKFFFH78CA,豐田段,35.00,都市：住
RPSPMLMJLHKFFFH38CA,豐田段,35.00,都市：住
RPWOMLMJLHKFFFH68CA,豐田段,35.90,都市：住
RPQPMLMJLHKFFFH18CA,豐田段,35.00,都市：住
RPPPMLMJLHKFFFH08CA,豐田段,35.00,都市：住
RPOPMLMJLHKFFFH97CA,豐田段,35.00,都市：住
RPXOMLMKKHKFFEH68CA,福興段,285.00,都市：農
RPVOMLMKKHKFFEH48CA,水尾段,6838.22,都市：工
RPVOMLMKKHKFFEH48CA,水尾段,665.92,都市：工
RPVOMLMKKHKFFEH48CA,水尾段,293.09,都市：工
RPOTMLMJLHKFFEH28CA,青峰段,48.38,都市：住
RPSOMLMKKHKFFEH18CA,五福段,15.45,都市：住
RPOPMLMKKHKFFEH87CA,福興段,95.00,都市：農
RPQNMLNJLHKFFFH08CA,豐田段,35.90,都市：住
RPVOMLMJLHKFFDH38CA,頭重溪段,72.92,都市：其他
RPVOMLMJLHKFFDH38CA,頭重溪段,25.03,都市：其他
RPPNMLNJLHKFFFH97CA,豐田段,35.90,都市：住
RPRNMLNJLHKFFFH18CA,豐田段,35.90,都市：住
RPSNMLNJLHKFFFH28CA,豐田段,26.92,都市：住
RPOOMLNKKHKFFEH87CA,坑子口段海湖小段,4.00,非都市：一般農業區 ; 非都市編定：甲種建築用地
RPOOMLNKKHKFFEH87CA,坑子口段海湖小段,86.00,非都市：一般農業區 ; 非都市編定：甲種建築用地
RPQOMLNKKHKFFEH08CA,河底段,18.80,都市：住
RPQNMLMJLHKFFDH77CA,社子段,4.50,非都市：特定農業區 ; 非都市編定：農牧用地
RPQNMLMJLHKFFDH77CA,社子段,1.35,非都市：特定農業區 ; 非都市編定：農牧用地
RPQNMLMJLHKFFDH77CA,社子段,1.76,非都市：特定農業區 ; 非都市編定：農牧用地
RPQNMLMJLHKFFDH77CA,社子段,2.54,非都市：特定農業區 ; 非都市編定：農牧用地
RPQNMLMJLHKFFDH77CA,社子段,1.11,非都市：特定農業區 ; 非都市編定：農牧用地
RPQNMLMJLHKFFDH77CA,社子段,.21,非都市：特定農業區 ; 非都市編定：遊憩用地
RPQNMLMJLHKFFDH77CA,社子段,9.67,非都市：特定農業區 ; 非都市編定：農牧用地
RPQNMLMJLHKFFDH77CA,社子段,112.86,非都市：特定農業區 ; 非都市編定：丁種建築用地
RPQNMLMJLHKFFDH77CA,社子段,11.85,非都市：特定農業區 ; 非都市編定：水利用地
RPQNMLMJLHKFFDH77CA,社子段,17.35,非都市：特定農業區 ; 非都市編定：丁種建築用地
RPQNMLMJLHKFFDH77CA,社子段,27.97,非都市：特定農業區 ; 非都市編定：丁種建築用地
RPQNMLMJLHKFFDH77CA,社子段,17.31,非都市：特定農業區 ; 非都市編定：丁種建築用地
RPQNMLMJLHKFFDH77CA,社子段,14.64,非都市：特定農業區 ; 非都市編定：丁種建築用地
RPQNMLMJLHKFFDH77CA,社子段,1554.00,非都市：特定農業區 ; 非都市編定：丁種建築用地
RPQNMLMJLHKFFDH77CA,社子段,8.95,非都市：特定農業區 ; 非都市編定：水利用地
RPQNMLMJLHKFFDH77CA,社子段,15.97,非都市：特定農業區 ; 非都市編定：交通用地
RPQNMLMJLHKFFDH77CA,社子段,9.03,非都市：特定農業區 ; 非都市編定：水利用地
RPOOMLMKKHKFFDH67CA,吉祥段,296.72,非都市：特定農業區 ; 非都市編定：甲種建築用地
RPOOMLPJLHKFFDH97CA,和平段,.18,非都市：特定農業區 ; 非都市編定：甲種建築用地
RPOOMLPJLHKFFDH97CA,和平段,.37,非都市：特定農業區 ; 非都市編定：甲種建築用地
RPOOMLPJLHKFFDH97CA,和平段,20.11,非都市：特定農業區 ; 非都市編定：甲種建築用地
RPPNMLNJLHKFFCH67CA,凌雲段,6.55,都市：農
RPUPMLQJLHKFFDH78CA,頭重溪段,95.70,都市：住
RPUPMLQJLHKFFDH78CA,頭重溪段,39.60,都市：住
RPOPMLOLKHKFFCH97CA,民有段,14.25,都市：其他
RPOPMLOLKHKFFCH97CA,民有段,5.71,都市：其他
RPPOMLPJLHKFFCH97CA,烏樹林段,20.12,非都市：鄉村區 ; 非都市編定：乙種建築用地
RPQNMLMKKHKFFCH67CA,上華段,175.27,非都市：特定農業區 ; 非都市編定：農牧用地
RPQNMLMKKHKFFCH67CA,上華段,9.88,非都市：特定農業區 ; 非都市編定：農牧用地
RPQOMLPJLHKFFCH08CA,烏樹林段,22.56,非都市：鄉村區 ; 非都市編定：乙種建築用地
RPVOMLNKKHKFFBH28CA,自立段,31.88,都市：住
RPPNMLMKKHKFFDH67CA,社子段,90.99,非都市：特定農業區 ; 非都市編定：甲種建築用地
RPTOMLQKKHKFFBH38CA,廣福段,384.00,非都市：特定農業區 ; 非都市編定：甲種建築用地
RPXOMLNKKHKFFBH48CA,自立段,18.98,都市：住
RPXNMLPLKHKFFCH78CA,五福段,30.57,都市：住
RPXQMLNKKHKFFBH68CA,前寮段,91.78,都市：住
RPXQMLNKKHKFFBH68CA,前寮段,13.97,都市：其他
RPRNMLNKKHKFFBH77CA,草富段,112.91,都市：住
RPVNMLOLKHKFFCH48CA,僑愛段,.42,都市：其他
RPVNMLOLKHKFFCH48CA,僑愛段,6.84,都市：其他
RPVNMLOLKHKFFCH48CA,僑愛段,4.20,都市：其他
RPVNMLOLKHKFFCH48CA,僑愛段,60.25,都市：其他
RPVNMLOLKHKFFCH48CA,僑愛段,23.48,都市：其他
RPVNMLOLKHKFFCH48CA,僑愛段,2.57,都市：其他
RPVNMLOLKHKFFCH48CA,僑愛段,.15,都市：其他
RPVNMLOLKHKFFCH48CA,僑愛段,6.54,都市：其他
RPVNMLOLKHKFFCH48CA,僑愛段,.03,都市：其他
RPVNMLOLKHKFFCH48CA,僑愛段,.04,都市：其他
RPVNMLOLKHKFFCH48CA,僑愛段,.01,都市：其他
RPVNMLOLKHKFFCH48CA,僑愛段,2.70,都市：其他
RPVNMLOLKHKFFCH48CA,僑愛段,2.55,都市：其他
RPVNMLOLKHKFFCH48CA,仁和段,2.86,都市：其他
RPVNMLOLKHKFFCH48CA,仁和段,1.95,都市：其他
RPSNMLRKLHKFFDH58CA,二重溪段,12.10,都市：住
RPSNMLRKLHKFFDH58CA,二重溪段,6.13,都市：住
RPSNMLRKLHKFFDH58CA,二重溪段,.20,都市：住
RPSOMLRKKHKFFBH38CA,崙尾段,948.17,非都市：一般農業區 ; 非都市編定：林業用地
RPUNMLOLKHKFFBH28CA,工業區段二小段,132.00,非都市：工業區 ; 非都市編定：丁種建築用地
RPUNMLOLKHKFFBH28CA,工業區段二小段,99.00,非都市：工業區 ; 非都市編定：丁種建築用地
RPWNMLOLKHKFFBH48CA,培英段,23.92,都市：住
RPTNMLOLKHKFFBH18CA,培英段,24.51,都市：住
RPWRMLOLKHKFFBH88CA,青溪段,33.98,都市：住
RPXRMLOLKHKFFBH98CA,青溪段,34.22,都市：住
RPPOMLPLKHKFFBH97CA,石頭段,7.60,都市：商
RPOSMLOLKHKFFBH18CA,青溪段,34.22,都市：住
RPOQMLNKKHKFFCH87CA,凌雲段,6.84,都市：農
RPQNMLQKKHKFFBH97CA,忠孝段,63.00,都市：住
RPQNMLQLKHKFFBH08CA,青溪段,17.13,都市：住
RPQNMLQLKHKFFBH08CA,青溪段,17.09,都市：住
RPUPMLMKKHKFFBH18CA,東寮段,42.23,都市：農
RPUPMLMKKHKFFBH18CA,東寮段,125.57,都市：農
RPUPMLMKKHKFFBH18CA,東寮段,125.57,都市：農
RPTPMLMKKHKFFBH08CA,自立段,7.92,都市：住
RPVPMLMKKHKFFBH28CA,自立段,14.63,都市：住
RPRNMLMJLHKFFBH67CA,山嶺段,80.20,都市：住
RPRNMLMJLHKFFBH67CA,山嶺段,.27,都市：其他
RPRNMLMJLHKFFBH67CA,山嶺段,2.24,都市：其他
RPSPMLMKKHKFFBH97CA,東寮段,21.11,都市：農
RPSPMLMKKHKFFBH97CA,東寮段,125.57,都市：農
RPSOMLMKKHKFFBH87CA,自立段,31.85,都市：住
RPOPMLMKKHKFFBH57CA,中觀段,1.28,非都市：特定農業區 ; 非都市編定：甲種建築用地
RPOPMLMKKHKFFBH57CA,中觀段,93.59,非都市：特定農業區 ; 非都市編定：甲種建築用地
RPOPMLMKKHKFFBH57CA,中觀段,.15,非都市：特定農業區 ; 非都市編定：特定目的事業用地
RPOPMLMKKHKFFBH57CA,中觀段,.91,非都市：特定農業區 ; 非都市編定：特定目的事業用地
RPXOMLMKKHKFFBH38CA,普義段,3.72,都市：住
RPOOMLMKKHKFFCH57CA,民豐段,91.07,非都市：鄉村區 ; 非都市編定：乙種建築用地
RPXPMLRKLHKFFBH09CA,聖德段,189.59,都市：農
RPXOMLOJLHKFFAH48CA,大有段,16.48,都市：住
RPQOMLMJLHKFFAH57CA,雲林段,16.94,都市：住
RPXRMLMKLHKFFBH78CA,東寮段,20.59,都市：住
RPQQMLLKLHKFFAH77CA,和平段,28.08,都市：住
RPQNMLOJLHKFFAH67CA,中山段,20.91,都市：住
RPRQMLLKLHKFFAH87CA,和平段,28.08,都市：住
RPPQMLTJLHKFFBH48CA,富強段,15.92,都市：住
RPTOMLOJLHKFFAH08CA,大有段,16.46,都市：住
RPSQMLLKLHKFFAH97CA,和平段,28.08,都市：住
RPSOMLPJLHKFFAH08CA,長安段,34.53,都市：住
RPTQMLLKLHKFFAH08CA,和平段,28.08,都市：住
RPUQMLMKLHKFFBH38CA,青溪段,41.83,都市：住
RPTNMLTJLHKFFAH48CA,福元段,13.24,都市：住
RPTOMLKKLHKFFAH77CA,南崁頂段陳厝坑小段,59.00,都市：農
RPUPMLQLKHKFFAH58CA,桃圳段,353.34,非都市：特定農業區 ; 非都市編定：農牧用地
RPVPMLQLKHKFFAH68CA,桃圳段,193.09,非都市：特定農業區 ; 非都市編定：農牧用地
RPXQMLOLKHKFFAH78CA,新埔段,27.96,都市：住
RPTNMLQLKHKFFAH28CA,和平段,18.29,都市：住
RPSQMLOLKHKFFAH28CA,半嶺段,10.97,都市：商
RPORMLOLKHKFFAH97CA,新埔段,27.81,都市：住
RPPQMLOLKHKFFAH97CA,半嶺段,16.36,都市：商
RPRVMLQKKHKFFAH78CA,迴龍段,15.45,都市：住
RPSVMLQKKHKFFAH88CA,慈文段,15.82,都市：住
RPOVMLQKKHKFFAH48CA,和平段,68.33,都市：住
RPVNMLRKKHKFFAH48CA,新埔段,166.00,都市：住
RPVRMLQLKHKFFAH88CA,大樹林段,3.52,都市：商
RPPVMLQKKHKFFAH58CA,慈文段,22.37,都市：住
RPVUMLQKKHKFFAH09CA,楓樹坑段楓樹坑小段,184.08,都市：農
RPPTMLQKKHKFFAH38CA,中路段,82.00,都市：住
RPPTMLQKKHKFFAH38CA,中路段,50.00,都市：住
RPRTMLQKKHKFFAH58CA,延壽段,11.48,都市：其他
RPRTMLQKKHKFFAH58CA,延壽段,71.75,都市：其他
RPRTMLQKKHKFFAH58CA,延壽段,218.25,都市：其他
RPRTMLQKKHKFFAH58CA,延壽段,204.20,都市：其他
RPTWMLQKKHKFFAH09CA,三元段,59.78,都市：農
RPTWMLQKKHKFFAH09CA,三元段,4.27,都市：農
RPTWMLQKKHKFFAH09CA,三元段,24.26,都市：農
RPWTMLQKKHKFFAH09CA,國聖段,102.95,都市：其他
RPWUMLQKKHKFFAH56CA,慈文段,29.75,都市：住
RPUVMLQKKHKFFAH09CA,慈文段,22.37,都市：住
RPVTMLQKKHKFFAH98CA,中平段,622.17,都市：其他
RPXRMLQKKHKFFAH98CA,大同段,7.94,都市：住
RPURMLMKKHKFFAH28CA,陸光段,24.36,都市：住
RPUQMLMKKHKFFAH18CA,三元段,12.13,都市：住
RPUQMLMKKHKFFAH18CA,三元段,34.72,都市：住
RPUQMLMKKHKFFAH18CA,三元段,11.52,都市：住
RPUQMLMKKHKFFAH18CA,三元段,96.25,都市：住
RPVNMLNKKHKFFAH08CA,埔子段埔子小段,.23,都市：住
RPVNMLNKKHKFFAH08CA,埔子段埔子小段,.38,都市：住
RPVNMLNKKHKFFAH08CA,埔子段埔子小段,.05,都市：住
RPVNMLNKKHKFFAH08CA,埔子段埔子小段,.09,都市：住
RPVNMLNKKHKFFAH08CA,埔子段埔子小段,6.80,都市：住
RPVNMLNKKHKFFAH08CA,埔子段埔子小段,1.70,都市：住
RPVNMLNKKHKFFAH08CA,埔子段埔子小段,.77,都市：住
RPORMLMKKHKFFAH67CA,國際段,1000.00,都市：農
RPSQMLNKKHKFFAH08CA,國聖段,23.87,都市：其他
RPSRMLNKKHKFFAH18CA,桃園段武陵小段,2.67,都市：商
RPXQMLNKKHKFFAH58CA,龍祥段,15.32,都市：住
RPPNMLPKKHKFFAH67CA,桃園段中南小段,3.33,都市：其他
RPPNMLPKKHKFFAH67CA,桃園段中南小段,36.00,都市：其他
RPPNMLPKKHKFFAH67CA,桃園段中南小段,7.50,都市：其他
RPPNMLPKKHKFFAH67CA,桃園段中南小段,.50,都市：其他
RPPNMLPKKHKFFAH67CA,桃園段中南小段,2.25,都市：其他
RPXOMLMKKHKFFAH28CA,國聖段,8.49,都市：住
RPTNMLNKKHKFFAH87CA,中平段,6.88,都市：住
RPSNMLMKKHKFFAH67CA,小檜溪段,96.00,都市：其他
RPSNMLNKKHKFFAH77CA,同安段,.79,都市：住
RPSNMLNKKHKFFAH77CA,同安段,.11,都市：住
RPUNMLMKKHKFFAH87CA,楓樹坑段楓樹坑小段,862.00,都市：其他
RPXSMLLKKHKFFAH58CA,兔子坑段大湖頂小段,27.00,非都市：山坡地保育區 ; 非都市編定：丁種建築用地
RPQRMLMKKHKFFAH87CA,兔子坑段大湖頂小段,65.00,非都市：山坡地保育區 ; 非都市編定：丙種建築用地
RPTQMLLKKHKFFAH97CA,南崁頂段大坑小段,12.20,都市：農
RPTQMLLKKHKFFAH97CA,南崁頂段大坑小段,2.20,都市：農
RPTQMLLKKHKFFAH97CA,南崁頂段大坑小段,231.20,都市：農
RPTQMLLKKHKFFAH97CA,南崁頂段大坑小段,17.60,都市：農
RPTQMLLKKHKFFAH97CA,南崁頂段大坑小段,38.13,都市：農
RPTQMLLKKHKFFAH97CA,南崁頂段大坑小段,6.47,都市：農
RPPRMLMKKHKFFAH77CA,龍華段,10.64,都市：住
RPPNMLOKKHKFFAH57CA,警大段,998.18,都市：其他
RPPTMLLKKHKFFAH87CA,兔子坑段大湖頂小段,97.00,非都市：山坡地保育區 ; 非都市編定：丁種建築用地
RPQPMLMKKHKFFAH67CA,中平段,14.01,都市：住
RPWPMLMKKHKFFAH28CA,忠義段,28.68,都市：住
RPWPMLMKKHKFFAH28CA,忠義段,.50,都市：住
RPQQMLNKKHKFFAH87CA,和平段,2.97,都市：住
RPOPMLQKKHKFFAH87CA,大樹林段,3.71,都市：商
RPOTMLLKKHKFFAH77CA,兔子坑段大湖頂小段,52.00,非都市：山坡地保育區 ; 非都市編定：丁種建築用地
RPVSMLLKKHKFFAH38CA,兔子坑段大湖頂小段,27.00,非都市：山坡地保育區 ; 非都市編定：丁種建築用地
RPXPMLOLKHKFFAH68CA,埔子段埔子小段,.18,都市：住
RPTQMLOLKHKFFAH38CA,大有段,23.90,都市：住
RPXPMLNKKHKFFAH48CA,寶山段,29.21,都市：商
RPSNMLPLKHKFFAH08CA,頂湖段,362.50,都市：工
RPRPMLOLKHKFFAH08CA,牛角坡段樟腦寮小段,97.36,都市：農
RPPNMLQKKHKFFAH77CA,大樹林段,4.32,都市：商
RPXNMLOJLHKFFAH38CA,自強段,2325.00,都市：住
RPQNMLNKKHKFFAH57CA,自強段,10.40,都市：其他
RPPOMLQLKHKFFAH97CA,陸光段,15.81,都市：住
RPSOMLOLKHKFFAH08CA,埔子段埔子小段,35.67,都市：住
RPTPMLQLKHKFFAH48CA,東嶺段,26.83,非都市：山坡地保育區 ; 非都市編定：丙種建築用地
RPTPMLQLKHKFFAH48CA,東嶺段,7.29,非都市：山坡地保育區 ; 非都市編定：丙種建築用地
RPTPMLQLKHKFFAH48CA,東嶺段,3.21,非都市：山坡地保育區 ; 非都市編定：丙種建築用地
RPTPMLQLKHKFFAH48CA,東嶺段,.46,非都市：山坡地保育區 ; 非都市編定：丙種建築用地
RPVOMLOLKHKFFAH38CA,埔子段埔子小段,15.76,都市：住
RPXRMLQLKHKFFAH09CA,埔子段埔子小段,120.00,都市：住
RPORMLQLKHKFFAH18CA,小檜溪段,21.88,都市：住
RPSOMLKKLHKFFBH77CA,普義段,2.86,都市：住
RPSOMLKKLHKFFBH77CA,普義段,2.86,都市：住
RPWNMLQKLHKFFBH68CA,自立段,5.68,都市：住
RPUPMLRKLHKFFBH78CA,芭里段,2570.04,非都市：特定農業區 ; 非都市編定：農牧用地
RPRPMLQKLHKFFBH38CA,三座屋段舊社小段,13.06,都市：住
RPQQMLTJLHKFFBH58CA,普義段,18.05,都市：住
RPWNMLPJLHKFFBH48CA,自立段,13.52,都市：住
RPXTMLNKLHKFFBH09CA,仁德段,59.51,都市：農
RPTOMLPJLHKFFBH28CA,自立段,32.88,都市：住
RPVNMLPJLHKFFBH38CA,環東段,22.04,都市：住
RPPOMLOLKHKFFBH87CA,培英段,23.92,都市：住
RPPSMLNKKHKFFBH08CA,中興段,55.70,都市：住
RPPSMLNKKHKFFBH08CA,中興段,15.22,都市：住
RPPSMLNKKHKFFBH08CA,中興段,6.09,都市：住
RPPSMLNKKHKFFBH08CA,中興段,16.51,都市：住
RPPSMLNKKHKFFBH08CA,中興段,1.83,都市：住
RPPSMLNKKHKFFBH08CA,中興段,.01,都市：住
RPSSMLNKKHKFFBH38CA,新張段,90.87,都市：農
RPSSMLNKKHKFFBH38CA,新張段,97.10,都市：農
RPSSMLNKKHKFFBH38CA,新張段,53.17,都市：農
RPSSMLNKKHKFFBH38CA,大同段,3506.88,都市：農
RPSSMLNKKHKFFBH38CA,大同段,286.57,都市：農
RPSSMLNKKHKFFBH38CA,大同段,102.41,都市：農
RPSSMLNKKHKFFBH38CA,大同段,365.64,都市：農
RPQRMLMKKHKFFBH97CA,仁愛段,18.55,都市：住
RPXOMLOJLHKFFBH58CA,中原段,98.00,都市：住
RPUNMLMKKHKFFCH08CA,田心子段下田心子小段,38.80,都市：住
RPWOMLQKKHKFFBH68CA,中北段,.80,都市：住
RPWOMLQKKHKFFBH68CA,中北段,24.00,都市：住
RPUOMLQKKHKFFBH48CA,復興段,15.77,都市：住
RPROMLNKKHKFFBH87CA,自立段,15.42,都市：住
RPQOMLQKKHKFFCH18CA,南龍段,40.52,都市：住
RPQOMLQKKHKFFCH18CA,南龍段,.39,都市：住
RPTOMLNKKHKFFBH08CA,自立段,15.42,都市：住
RPROMLQKKHKFFCH28CA,南龍段,40.52,都市：住
RPROMLQKKHKFFCH28CA,南龍段,.39,都市：住
RPUOMLQKKHKFFCH58CA,南龍段,37.68,都市：住
RPTOMLQKKHKFFCH48CA,南龍段,40.71,都市：住
RPUOMLQKKHKFFCH58CA,南龍段,.36,都市：住
RPTOMLQKKHKFFCH48CA,南龍段,.39,都市：住
SPSOMLQKKHKFFCH48CA,南龍段,16.17,都市：住
SPSOMLQKKHKFFCH48CA,南龍段,.15,都市：住
RPSOMLQKKHKFFCH38CA,南龍段,40.52,都市：住
RPSOMLQKKHKFFCH38CA,南龍段,.39,都市：住
RPXOMLQKKHKFFCH88CA,南龍段,40.71,都市：住
RPXOMLQKKHKFFCH88CA,南龍段,.39,都市：住
RPWOMLQKKHKFFCH78CA,南龍段,40.71,都市：住
RPWOMLQKKHKFFCH78CA,南龍段,.39,都市：住
RPVOMLQKKHKFFCH68CA,南龍段,40.71,都市：住
RPVOMLQKKHKFFCH68CA,南龍段,.39,都市：住
RPWNMLNKKHKFFCH38CA,銅鑼圈段,76.17,非都市：山坡地保育區 ; 非都市編定：丙種建築用地
RPWNMLNKKHKFFCH38CA,銅鑼圈段,8.00,非都市：山坡地保育區 ; 非都市編定：丙種建築用地
RPWNMLNKKHKFFCH38CA,銅鑼圈段,217.00,非都市：山坡地保育區 ; 非都市編定：丙種建築用地
RPWNMLNKKHKFFCH38CA,銅鑼圈段,8.75,非都市：山坡地保育區 ; 非都市編定：丙種建築用地
RPWNMLNKKHKFFCH38CA,銅鑼圈段,1.08,非都市：山坡地保育區 ; 非都市編定：丙種建築用地
RPWNMLNKKHKFFCH38CA,銅鑼圈段,1.25,非都市：山坡地保育區 ; 非都市編定：丙種建築用地
RPPPMLOLKHKFFCH08CA,仁善段,155.86,都市：住
RPPOMLPLKHKFFCH08CA,五福段,23.31,都市：住
RPSRMLQKKHKFFCH68CA,南龍段,37.64,都市：住
RPSRMLQKKHKFFCH68CA,南龍段,.36,都市：住
RPPRMLQKKHKFFCH38CA,南龍段,27.68,都市：住
RPPRMLQKKHKFFCH38CA,南龍段,.26,都市：住
RPUQMLQKKHKFFCH78CA,南龍段,21.43,都市：住
RPUQMLQKKHKFFCH78CA,南龍段,.20,都市：住
RPQRMLQKKHKFFCH48CA,南龍段,30.22,都市：住
RPQRMLQKKHKFFCH48CA,南龍段,.29,都市：住
RPRRMLQKKHKFFCH58CA,南龍段,27.57,都市：住
RPRRMLQKKHKFFCH58CA,南龍段,.26,都市：住
RPPOMLQLKHKFFCH18CA,仁愛段,69.17,非都市：特定農業區 ; 非都市編定：甲種建築用地
RPOQMLTJOHKFFAH58CA,福林段,18.07,都市：農
RPOQMLTJOHKFFAH58CA,福林段,.24,都市：農
RPOQMLTJOHKFFAH58CA,福林段,1.13,都市：其他
RPOQMLTJOHKFFAH58CA,福林段,120.11,都市：農
RPRQMLQKKHKFFCH48CA,南龍段,21.62,都市：住
RPRQMLQKKHKFFCH48CA,南龍段,.21,都市：住
RPOVMLQKKHKFFCH68CA,南龍段,16.36,都市：住
RPOVMLQKKHKFFCH68CA,南龍段,.16,都市：住
RPQUMLQKKHKFFCH78CA,南龍段,15.41,都市：住
RPQUMLQKKHKFFCH78CA,南龍段,.15,都市：住
RPUUMLQKKHKFFCH56CA,南龍段,21.89,都市：住
RPUUMLQKKHKFFCH56CA,南龍段,.21,都市：住
RPTUMLQKKHKFFCH09CA,南龍段,22.08,都市：住
RPTUMLQKKHKFFCH09CA,南龍段,.21,都市：住
RPRUMLQKKHKFFCH88CA,南龍段,15.41,都市：住
RPRUMLQKKHKFFCH88CA,南龍段,.15,都市：住
RPSUMLQKKHKFFCH98CA,南龍段,15.60,都市：住
RPSUMLQKKHKFFCH98CA,南龍段,.15,都市：住
RPUNMLQKKHKFFCH48CA,四方林段四方林小段,26.43,非都市：一般農業區 ; 非都市編定：農牧用地
RPUNMLQKKHKFFCH48CA,四方林段四方林小段,26.43,非都市：一般農業區 ; 非都市編定：農牧用地
RPUNMLQKKHKFFCH48CA,四方林段四方林小段,26.43,非都市：一般農業區 ; 非都市編定：農牧用地
RPUNMLQKKHKFFCH48CA,四方林段四方林小段,26.43,非都市：一般農業區 ; 非都市編定：農牧用地
RPUNMLQKKHKFFCH48CA,四方林段四方林小段,26.43,非都市：一般農業區 ; 非都市編定：農牧用地
RPUNMLQKKHKFFCH48CA,四方林段四方林小段,26.43,非都市：一般農業區 ; 非都市編定：農牧用地
RPSNMLQKKHKFFCH28CA,介壽段,43.74,非都市：鄉村區 ; 非都市編定：乙種建築用地
RPOOMLQKKHKFFCH97CA,烏林段,115.74,非都市：鄉村區 ; 非都市編定：乙種建築用地
RPRNMLQKKHKFFCH18CA,南龍段,37.64,都市：住
RPRNMLQKKHKFFCH18CA,南龍段,.36,都市：住
RPVNMLQKKHKFFCH58CA,南龍段,40.52,都市：住
RPVNMLQKKHKFFCH58CA,南龍段,.39,都市：住
RPTNMLQKKHKFFCH38CA,南龍段,37.68,都市：住
RPTNMLQKKHKFFCH38CA,南龍段,.36,都市：住
RPRTMLQKKHKFFCH78CA,南龍段,21.89,都市：住
RPRTMLQKKHKFFCH78CA,南龍段,.21,都市：住
RPXUMLQKKHKFFCH86CA,南龍段,13.33,都市：住
RPXUMLQKKHKFFCH86CA,南龍段,.13,都市：住
RPWUMLQKKHKFFCH76CA,南龍段,13.33,都市：住
RPWUMLQKKHKFFCH76CA,南龍段,.13,都市：住
RPVUMLQKKHKFFCH66CA,南龍段,22.08,都市：住
RPVUMLQKKHKFFCH66CA,南龍段,.21,都市：住
RPSTMLQKKHKFFCH88CA,南龍段,12.57,都市：住
RPSTMLQKKHKFFCH88CA,南龍段,.12,都市：住
RPUTMLQKKHKFFCH09CA,南龍段,15.41,都市：住
RPUTMLQKKHKFFCH09CA,南龍段,.15,都市：住
RPTTMLQKKHKFFCH98CA,南龍段,12.57,都市：住
RPTTMLQKKHKFFCH98CA,南龍段,.12,都市：住
RPVTMLQKKHKFFCH56CA,南龍段,12.57,都市：住
RPVTMLQKKHKFFCH56CA,南龍段,.12,都市：住
RPWTMLQKKHKFFCH66CA,南龍段,15.41,都市：住
RPWTMLQKKHKFFCH66CA,南龍段,.15,都市：住
RPOUMLQKKHKFFCH58CA,南龍段,15.60,都市：住
RPOUMLQKKHKFFCH58CA,南龍段,.15,都市：住
RPURMLQKKHKFFCH88CA,南龍段,27.42,都市：住
RPURMLQKKHKFFCH88CA,南龍段,.26,都市：住
RPVRMLQKKHKFFCH98CA,南龍段,27.42,都市：住
RPVRMLQKKHKFFCH98CA,南龍段,.26,都市：住
RPWRMLQKKHKFFCH09CA,南龍段,30.64,都市：住
RPWRMLQKKHKFFCH09CA,南龍段,.29,都市：住
RPXTMLQKKHKFFCH76CA,南龍段,27.57,都市：住
RPXTMLQKKHKFFCH76CA,南龍段,.26,都市：住
RPQSMLQKKHKFFCH58CA,南龍段,30.60,都市：住
RPQSMLQKKHKFFCH58CA,南龍段,.29,都市：住
RPXRMLQKKHKFFCH56CA,南龍段,30.64,都市：住
RPXRMLQKKHKFFCH56CA,南龍段,.29,都市：住
RPOSMLQKKHKFFCH38CA,南龍段,27.57,都市：住
RPOSMLQKKHKFFCH38CA,南龍段,.26,都市：住
RPRSMLQKKHKFFCH68CA,南龍段,30.41,都市：住
RPRSMLQKKHKFFCH68CA,南龍段,.29,都市：住
RPPSMLQKKHKFFCH48CA,南龍段,27.38,都市：住
RPPSMLQKKHKFFCH48CA,南龍段,.26,都市：住
RPTSMLQKKHKFFCH88CA,南龍段,27.87,都市：住
RPTSMLQKKHKFFCH88CA,南龍段,.27,都市：住
RPSSMLQKKHKFFCH78CA,南龍段,27.87,都市：住
RPSSMLQKKHKFFCH78CA,南龍段,.27,都市：住
RPVSMLQKKHKFFCH09CA,南龍段,30.90,都市：住
RPVSMLQKKHKFFCH09CA,南龍段,.29,都市：住
RPUSMLQKKHKFFCH98CA,南龍段,27.68,都市：住
RPUSMLQKKHKFFCH98CA,南龍段,.26,都市：住
RPWSMLQKKHKFFCH56CA,南龍段,27.87,都市：住
RPWSMLQKKHKFFCH56CA,南龍段,.27,都市：住
RPPTMLQKKHKFFCH58CA,南龍段,16.17,都市：住
RPPTMLQKKHKFFCH58CA,南龍段,.15,都市：住
RPOTMLQKKHKFFCH48CA,南龍段,13.33,都市：住
RPOTMLQKKHKFFCH48CA,南龍段,.13,都市：住
RPXSMLQKKHKFFCH66CA,南龍段,30.52,都市：住
RPXSMLQKKHKFFCH66CA,南龍段,.29,都市：住
RPOOMLRKKHKFFDH18CA,埔頂段水碓小段,153.00,非都市：特定農業區 ; 非都市編定：農牧用地
RPOOMLRKKHKFFDH18CA,埔頂段水碓小段,79.00,非都市：特定農業區 ; 非都市編定：農牧用地
RPQOMLNKKHKFFDH97CA,石磊子段石磊子小段,60.51,非都市：特定農業區 ; 非都市編定：甲種建築用地
RPOOMLNKKHKFFDH77CA,啟文段,177.59,非都市：特定農業區 ; 非都市編定：甲種建築用地
RPQNMLNKKHKFFDH87CA,大牛欄段大牛欄小段,119.00,非都市：一般農業區 ; 非都市編定：農牧用地
RPXNMLNKKHKFFDH58CA,幼獅段,2045.81,非都市：工業區 ; 非都市編定：水利用地
RPRNMLNKKHKFFDH97CA,大牛欄段大牛欄小段,345.00,非都市：一般農業區 ; 非都市編定：農牧用地
RPUNMLRKKHKFFDH68CA,下田心子段赤牛欄小段,1300.00,非都市：特定農業區 ; 非都市編定：農牧用地
RPUNMLRKKHKFFDH68CA,下田心子段赤牛欄小段,1575.00,非都市：特定農業區 ; 非都市編定：農牧用地
RPUNMLRKKHKFFDH68CA,下田心子段赤牛欄小段,1615.00,非都市：特定農業區 ; 非都市編定：農牧用地
RPWNMLNKKHKFFDH48CA,二重溪段,1356.00,都市：工
RPWNMLNKKHKFFDH48CA,二重溪段,66.00,都市：工
RPQPMLQJLHKFFDH38CA,下田心子段員笨小段,1195.50,非都市：特定農業區 ; 非都市編定：農牧用地
RPQPMLQJLHKFFDH38CA,下田心子段員笨小段,1195.50,非都市：特定農業區 ; 非都市編定：農牧用地
RPVPMLMKKHKFFEH58CA,雙溪口段下縣厝子小段,12028.00,非都市：特定農業區 ; 非都市編定：農牧用地
RPVPMLMKKHKFFEH58CA,雙溪口段下縣厝子小段,12029.00,非都市：特定農業區 ; 非都市編定：農牧用地
RPUPMLQKKHKFFEH88CA,青峰段,41.52,都市：住
RPRNMLQKKHKFFEH38CA,錦明段,27.44,都市：住
RPXPMLQKKHKFFEH56CA,青峰段,48.06,都市：住
RPOPMLQKKHKFFEH28CA,文中段,27.34,都市：其他
RPOPMLQKKHKFFEH28CA,文中段,27.74,都市：其他
RPPNMLQKKHKFFEH18CA,羊稠段,43.10,都市：住
RPWNMLPLKHKFFEH88CA,橫山段湳子小段,910.00,都市：農
RPUNMLQKKHKFFEH68CA,羊稠段,63.52,都市：住
RPUNMLQKKHKFFEH68CA,羊稠段,86.55,都市：住
RPUNMLQKKHKFFEH68CA,羊稠段,6.05,都市：住
RPTOMLRKLHKFFDH78CA,瑞原段,28.87,非都市：特定農業區 ; 非都市編定：甲種建築用地
RPTOMLRKLHKFFDH78CA,瑞原段,117.33,非都市：特定農業區 ; 非都市編定：甲種建築用地
RPUOMLNKKHKFFEH48CA,雙溪口段溪洲子小段,37.90,非都市：鄉村區 ; 非都市編定：乙種建築用地
RPUNMLPLKHKFFEH68CA,六福段,4.14,都市：住
RPUNMLRKKHKFFEH78CA,新庄子段,11.00,非都市：鄉村區 ; 非都市編定：乙種建築用地
RPUNMLRKKHKFFEH78CA,新庄子段,19.00,非都市：鄉村區 ; 非都市編定：乙種建築用地
RPUNMLRKKHKFFEH78CA,新庄子段,4.00,非都市：鄉村區 ; 非都市編定：乙種建築用地
RPUNMLRKKHKFFEH78CA,新庄子段,41.00,非都市：鄉村區 ; 非都市編定：乙種建築用地
RPPOMLOLKHKFFFH28CA,興豐段,39.46,非都市：鄉村區 ; 非都市編定：乙種建築用地
RPPOMLOLKHKFFFH28CA,興豐段,.19,非都市：鄉村區 ; 非都市編定：乙種建築用地
RPPOMLOLKHKFFFH28CA,興豐段,1.49,非都市：鄉村區 ; 非都市編定：乙種建築用地
RPQOMLOLKHKFFFH38CA,福興段,16.38,都市：商
RPUOMLOLKHKFFFH78CA,興豐段,29.69,非都市：鄉村區 ; 非都市編定：乙種建築用地
RPUOMLOLKHKFFFH78CA,興豐段,.15,非都市：鄉村區 ; 非都市編定：乙種建築用地
RPUOMLOLKHKFFFH78CA,興豐段,1.14,非都市：鄉村區 ; 非都市編定：乙種建築用地
RPRPMLOLKHKFFFH58CA,興豐段,29.69,非都市：鄉村區 ; 非都市編定：乙種建築用地
RPRPMLOLKHKFFFH58CA,興豐段,.15,非都市：鄉村區 ; 非都市編定：乙種建築用地
RPRPMLOLKHKFFFH58CA,興豐段,1.14,非都市：鄉村區 ; 非都市編定：乙種建築用地
RPVOMLPLKHKFFFH98CA,大和段,19.99,都市：住
RPPOMLOJLHKFFEH08CA,南崁段,73.36,都市：商
RPPNMLSJLHKFFEH38CA,河底段,30.13,都市：住
RPOOMLOJLHKFFEH97CA,南新段,11.84,都市：住
RPPOMLMJLHKFFFH97CA,豐德段,99.40,都市：農
RPPOMLMJLHKFFFH97CA,豐德段,26.27,都市：農
RPPOMLMJLHKFFFH97CA,豐德段,20.99,都市：農
RPSOMLQKKHKFFFH68CA,廣福段,24.37,都市：商
RPUNMLQKLHKFFDH68CA,長岡嶺段,37.43,非都市：山坡地保育區 ; 非都市編定：丙種建築用地
RPTNMLQKLHKFFDH58CA,上湖段,54.34,非都市：特定農業區 ; 非都市編定：甲種建築用地
RPTNMLTJLHKFFFH98CA,茄明段,24.40,都市：住
RPSNMLTJLHKFFFH88CA,茄明段,24.40,都市：住
RPRWMLNKKHKFFFH09CA,桃德段,73.75,都市：住
RPSNMLQKLHKFFDH48CA,高洲段,132.33,都市：住
RPPNMLPKLHKFFFH28CA,廣隆段,13.70,非都市：特定農業區 ; 非都市編定：水利用地
RPPNMLPKLHKFFFH28CA,廣隆段,31.90,非都市：特定農業區 ; 非都市編定：水利用地
RPPNMLPKLHKFFFH28CA,廣隆段,17.43,非都市：特定農業區 ; 非都市編定：水利用地
RPPNMLPKLHKFFFH28CA,廣隆段,91.00,非都市：特定農業區 ; 非都市編定：甲種建築用地
RPRNMLQLKHKFFGH68CA,廣南段,72.12,都市：商
RPSNMLOLKHKFFGH58CA,西社段,480.32,都市：農
RPSOMLKMLHKFFEH28CA,竹圍段崁下小段,84.00,都市：住
RPRNMLPLKHKFFGH58CA,宋屋段高山下小段,257.55,都市：住
RPVPMLRKKHKFFGH66CA,廣東段,79.00,都市：住
RPOOMLMJLHKFFGH97CA,金星段,29.31,都市：住
RPROMLMJLHKFFGH28CA,廣南段,35.91,都市：住
RPRNMLMJLHKFFGH18CA,金星段,23.45,都市：住
RPWNMLOJLHKFFGH88CA,廣仁段,5.88,都市：商
RPSNMLNKLHKFFGH48CA,賦梅段,247.49,都市：農
RPQTMLQKKHKFFAH58DA,精忠段,56.54,都市：住
RPQTMLQKKHKFFAH58DA,精忠段,1.44,都市：其他
RPQTMLQKKHKFFAH58DA,精忠段,.46,都市：其他
RPWNMLTJLHKFFGH76CA,賦北段,33.06,都市：農
RPPSMLQKKHKFFAH38DA,興華段,17.33,都市：商
RPSPMLTJLHKFFGH56CA,平鎮段,9.96,都市：商
RPOPMLRKKHKFFBH18DA,光明段,109.00,非都市：特定農業區 ; 非都市編定：甲種建築用地
RPVOMLTJLHKFFGH76CA,南勢段,.43,都市：住
RPVOMLTJLHKFFGH76CA,南勢段,76.12,都市：住
RPVOMLTJLHKFFGH76CA,南勢段,.36,都市：住
RPQNMLOLKHKFFBH97DA,忠孝段,15.77,都市：住
RPVPMLNKKHKFFAH38DA,大林段,21.51,都市：住
RPXOMLNKKHKFFAH58EA,會稽段,137.14,都市：住
RPXOMLNKKHKFFAH58EA,會稽段,3.40,都市：其他
RPVNMLRKKHKFFBH78EA,成功段,.99,都市：住
RPVNMLRKKHKFFBH78EA,成功段,.46,都市：住
RPVNMLRKKHKFFBH78EA,成功段,.54,都市：住
RPVNMLRKKHKFFBH78EA,成功段,1.00,都市：住
RPVNMLRKKHKFFBH78EA,成功段,1.00,都市：住
RPVNMLRKKHKFFBH78EA,成功段,1.00,都市：住
RPVNMLRKKHKFFBH78EA,成功段,.66,都市：住
RPVNMLRKKHKFFBH78EA,成功段,.51,都市：住
RPVNMLRKKHKFFBH78EA,成功段,1.00,都市：住
RPVNMLRKKHKFFBH78EA,成功段,1.00,都市：住
RPVNMLRKKHKFFBH78EA,成功段,1.00,都市：住
RPVNMLRKKHKFFBH78EA,成功段,.60,都市：住
RPVNMLRKKHKFFBH78EA,成功段,.24,都市：住
RPVNMLRKKHKFFBH78EA,成功段,1.00,都市：住
RPVNMLRKKHKFFBH78EA,成功段,1.00,都市：住
RPVNMLRKKHKFFBH78EA,成功段,1.00,都市：住
RPVNMLRKKHKFFBH78EA,成功段,1.00,都市：住
RPVNMLRKKHKFFBH78EA,成功段,.28,都市：住
RPVNMLRKKHKFFBH78EA,成功段,.37,都市：住
RPVNMLRKKHKFFBH78EA,成功段,1.00,都市：住
RPVNMLRKKHKFFBH78EA,成功段,1.00,都市：住
RPVNMLRKKHKFFBH78EA,成功段,.73,都市：住
RPVNMLRKKHKFFBH78EA,成功段,1.00,都市：住
RPVNMLRKKHKFFBH78EA,成功段,1.00,都市：住
RPVNMLRKKHKFFBH78EA,成功段,1.00,都市：住
RPRPMLMJLHKFFAH97EA,塔寮坑段嶺腳小段,40.65,非都市：山坡地保育區 ; 非都市編定：丙種建築用地
RPOOMLRKKHKFFGH58DA,富貴段,70.61,非都市：特定農業區 ; 非都市編定：農牧用地
RPVRMLNKKHKFFBH78EA,大享段,26.85,非都市：特定農業區 ; 非都市編定：甲種建築用地
RPUPMLNKKHKFFBH38DA,普義段,25.71,都市：住
RPVRMLNKKHKFFBH78EA,大享段,546.03,非都市：特定農業區 ; 非都市編定：甲種建築用地
RPQNMLNKKHKFFEH08DA,沙崙段沙崙小段,133.00,非都市：一般農業區 ; 非都市編定：甲種建築用地
RPUOMLQKKHKFFEH88DA,河底段,22.42,都市：住
RPXPMLQKKHKFFCH09DA,仁義段,7.45,都市：住
RPXPMLQKKHKFFCH09DA,仁義段,28.88,都市：住
RPXPMLQKKHKFFCH09DA,仁義段,6.82,都市：其他
RPXOMLNKKHKFFCH68DA,仁武段,98.27,都市：住
RPTNMLQLKHKFFGH98DA,金星段,21.57,都市：住
RPPOMLQJLHKFFGH48CA,平鎮段,77.92,都市：住
RPXNMLTJLHKFFBH56EA,仁德段,122.93,都市：住
RPQNMLPLKHKFFDH38EA,草湳坡段埔心小段,71.00,都市：住
RPSNMLNKKHKFFEH28DA,竹圍段海方厝小段,1253.33,非都市：一般農業區 ; 非都市編定：農牧用地
RPROMLOLKHKFFEH48DA,錦興段,28.88,都市：住
RPQOMLQKKHKFFBH18DA,復興段,23.21,都市：住
RPXNMLMJLHKFFDH68EA,社子段,234.00,非都市：特定農業區 ; 非都市編定：農牧用地
RPXNMLMJLHKFFDH68EA,社子段,78.00,非都市：特定農業區 ; 非都市編定：農牧用地
RPXNMLMJLHKFFDH68EA,社子段,46.40,非都市：特定農業區 ; 非都市編定：農牧用地
RPRNMLOLKHKFFDH38EA,下田心子段赤牛欄小段,2000.00,非都市：特定農業區 ; 非都市編定：農牧用地
RPTNMLNLLHKFFFH78EA,同福段,20.76,都市：商
RPXNMLQKKHKFFCH98EA,番子寮段,8.33,非都市：一般農業區 ; 非都市編定：農牧用地
RPSNMLRKKHKFFEH68DA,橫山段湳子小段,23.29,都市：農
RPQNMLPKKHKFFEH28DA,青山段,166.05,都市：住
RPWNMLPLKHKFFCH88EA,內柵段下崁小段,268.00,非都市：風景區 ; 非都市編定：農牧用地
RPUNMLRKKHKFFCH68DA,三層段尾寮小段,99.20,非都市：山坡地保育區 ; 非都市編定：農牧用地
RPRNMLPJLHKFFFH58EA,興仁段,1.24,都市：商
RPRNMLPJLHKFFFH58EA,興仁段,7.78,都市：住
RPRNMLPJLHKFFFH58EA,興仁段,.09,都市：其他
RPRNMLPJLHKFFFH58EA,興仁段,2.13,都市：商
RPRNMLPJLHKFFFH58EA,興仁段,23.05,都市：住
RPUNMLQLKHKFFAH58EA,楓樹坑段楓樹坑小段,98.06,都市：農
RPVNMLOLKHKFFFH88DA,廣隆段,77.66,都市：住
RPWPMLQKKHKFFCH98DA,中正段,55.00,非都市：鄉村區 ; 非都市編定：乙種建築用地
RPVPMLNKKHKFFAH48EA,新埔段,114.00,都市：住
RPPVMLQKKHKFFAH78EA,玉山段,97.03,都市：農
RPVNMLNJLHKFFEH68EA,內海墘段,390.00,非都市：一般農業區 ; 非都市編定：農牧用地
RPUNMLNJLHKFFEH58EA,內海墘段,390.00,非都市：一般農業區 ; 非都市編定：農牧用地
RPOQMLKLLHKFFAH77EA,和平段,15.26,都市：住
RPSNMLNJLHKFFEH28DA,五塊厝段下埔小段,59.67,非都市：特定農業區 ; 非都市編定：甲種建築用地
RPSNMLNJLHKFFEH28DA,五塊厝段下埔小段,10.00,非都市：特定農業區 ; 非都市編定：甲種建築用地
RPSNMLNJLHKFFEH28DA,五塊厝段下埔小段,7.39,非都市：特定農業區 ; 非都市編定：甲種建築用地
RPSNMLNJLHKFFEH28DA,五塊厝段下埔小段,2.49,非都市：特定農業區 ; 非都市編定：甲種建築用地
RPSNMLNJLHKFFEH28DA,五塊厝段下埔小段,1.78,非都市：特定農業區 ; 非都市編定：甲種建築用地
RPSNMLNJLHKFFEH28DA,五塊厝段下埔小段,4.61,非都市：特定農業區 ; 非都市編定：甲種建築用地
RPQQMLKLLHKFFAH97EA,中路段,9.36,都市：住
RPXOMLQKKHKFFBH88DA,三座屋段舊社小段,33.08,都市：住
RPTNMLPJLHKFFDH58EA,中興段,23.11,都市：住
RPPPMLQKKHKFFBH18DA,普義段,21.97,都市：住
RPPNMLOLKHKFFBH87DA,大華段,21.47,都市：住
RPPNMLOLKHKFFBH87DA,大華段,.00,都市：其他
RPPOMLQKKHKFFBH08DA,仁愛段,141.00,都市：住
RPOOMLQKKHKFFBH97DA,後寮段,16.57,都市：其他
RPRRMLNKKHKFFAH18DA,中路段,43.00,都市：住
RPPNMLRKKHKFFBH08DA,自立段,13.58,都市：住
RPQNMLPLKHKFFAH97DA,舊路坑段舊路坑小段,157.50,都市：農
RPQNMLPLKHKFFAH97DA,舊路坑段舊路坑小段,1049.00,都市：農
RPXOMLTJLHKFFGH96CA,南勢段,.43,都市：住
RPXOMLTJLHKFFGH96CA,南勢段,86.50,都市：住
RPXOMLTJLHKFFGH96CA,南勢段,.36,都市：住
RPUOMLQLKHKFFBH68DA,自立段,21.58,都市：住
RPROMLOLKHKFFAH08DA,中埔段,16.99,都市：住
RPVNMLNKLHKFFGH78CA,廣豐段,.06,都市：住
RPVNMLNKLHKFFGH78CA,廣豐段,.14,都市：住
RPVNMLNKLHKFFGH78CA,廣豐段,23.94,都市：住
RPVNMLNKLHKFFGH78CA,廣豐段,.08,都市：住
RPWPNLNKKHKFFFH98CA,榮興段,1742.55,非都市：特定農業區 ; 非都市編定：農牧用地
RPWQMLSKLHKFFBH66DA,內壢段,1283.00,都市：農
RPVQMLSKLHKFFBH56DA,內壢段,1819.00,都市：農
RPTNMLNKLHKFFGH58CA,廣豐段,.05,都市：住
RPTNMLNKLHKFFGH58CA,廣豐段,.12,都市：住
RPTNMLNKLHKFFGH58CA,廣豐段,19.95,都市：住
RPTNMLNKLHKFFGH58CA,廣豐段,.06,都市：住
RPUNMLOLKHKFFGH78CA,東社段,46.06,都市：住
RPUNMLOLKHKFFGH78CA,東社段,4.10,都市：住
RPQNMLOLKHKFFGH38CA,東豐段,31.70,都市：住
RPQNMLOLKHKFFGH38CA,東豐段,.40,都市：住
RPRNMLOLKHKFFGH48CA,平德段,78.20,非都市：特定農業區 ; 非都市編定：甲種建築用地
RPPNMLOLKHKFFGH28CA,東豐段,30.49,都市：住
RPPNMLOLKHKFFGH28CA,東豐段,.40,都市：住
RPWNMLQLKHKFFFH09CA,大智段,39.95,都市：住
RPPNMLQKKHKFFFH28CA,大華段,11.59,都市：住
RPQOMLQKKHKFFFH48CA,興豐段,42.79,都市：住
RPQOMLQKKHKFFFH48CA,興豐段,9.83,都市：商
RPQOMLQKKHKFFFH48CA,興豐段,38.21,都市：住
RPQOMLQKKHKFFFH48CA,興豐段,9.79,都市：商
RPQOMLQKKHKFFFH48CA,興豐段,34.83,都市：住
RPQOMLQKKHKFFFH48CA,興豐段,5.25,都市：商
RPQOMLQKKHKFFFH48CA,興豐段,5.21,都市：商
RPQOMLQKKHKFFFH48CA,興豐段,.58,都市：商
RPTOMLSKLHKFFAH78EA,桃鶯段,4.99,都市：住
RPPOMLPLKHKFFFH38CA,廣隆段,153.39,非都市：特定農業區 ; 非都市編定：甲種建築用地
RPOOMLMJLHKFFFH87CA,興仁段,19.43,都市：商
RPSOMLPJLHKFFEH48CA,竹圍段崁下小段,9.00,都市：其他
RPRNMLPJLHKFFEH28CA,竹圍段崁下小段,9.00,都市：其他
RPQOMLPJLHKFFEH28CA,竹圍段崁下小段,8.00,都市：其他
RPPRMLMJLHKFFEH18CA,中園段,14.07,都市：商
RPPPMLKKLHKFFEH87CA,大新段,19.26,都市：商
RPPPMLKKLHKFFEH87CA,大新段,.05,都市：商
RPTNMLPJLHKFFEH48CA,竹圍段崁下小段,9.00,都市：其他
RPOOMLPJLHKFFEH08CA,竹圍段崁下小段,8.00,都市：其他
RPUOMLPJLHKFFEH68CA,竹圍段崁下小段,16.00,都市：其他
RPTOMLPJLHKFFEH58CA,竹圍段崁下小段,9.00,都市：其他
RPSNMLPJLHKFFEH38CA,竹圍段崁下小段,6.00,都市：其他
RPOOMLOLKHKFFEH08CA,雙溪口段下縣厝子小段,989.00,非都市：特定農業區 ; 非都市編定：農牧用地
RPOOMLOLKHKFFEH08CA,雙溪口段下縣厝子小段,32.33,非都市：鄉村區 ; 非都市編定：交通用地
RPOOMLOLKHKFFEH08CA,雙溪口段下縣厝子小段,29.00,非都市：特定農業區 ; 非都市編定：交通用地
RPOOMLOLKHKFFEH08CA,雙溪口段下縣厝子小段,24.00,非都市：鄉村區 ; 非都市編定：乙種建築用地
RPOOMLOLKHKFFEH08CA,雙溪口段下縣厝子小段,31.00,非都市：特定農業區 ; 非都市編定：水利用地
RPPNMLMLKHKFFDH77CA,石磊子段石磊子小段,385.00,非都市：特定農業區 ; 非都市編定：甲種建築用地
RPVOMLPJLHKFFDH68CA,長紅段,112.40,非都市：山坡地保育區 ; 非都市編定：丙種建築用地
RPOPMLOLKHKFFDH08CA,上湖段,993.00,非都市： ; 非都市編定：
RPUNMLQKKHKFFDH58CA,頭重溪段,90.00,都市：住
RPQNMLLKLHKFFFH97CA,同福段,38.75,都市：商
RPWNMLQKKHKFFDH78CA,草湳坡段埔心小段,13.68,都市：住
RPQOMLOLKHKFFDH18CA,二重溪段,10.55,非都市：山坡地保育區 ; 非都市編定：丙種建築用地
RPQOMLOLKHKFFDH18CA,二重溪段,.31,非都市：山坡地保育區 ; 非都市編定：丙種建築用地
RPQOMLOLKHKFFDH18CA,二重溪段,.38,非都市：山坡地保育區 ; 非都市編定：丙種建築用地
RPQOMLOLKHKFFDH18CA,二重溪段,20.52,非都市：山坡地保育區 ; 非都市編定：丙種建築用地
RPQOMLOLKHKFFDH18CA,二重溪段,1.36,非都市：山坡地保育區 ; 非都市編定：丙種建築用地
RPPOMLPLKHKFFDH18CA,新洲段,161.97,都市：住
RPPOMLPLKHKFFDH18CA,新洲段,161.96,都市：住
RPPNMLRKLHKFFEH38CA,許厝港段,20.70,非都市：一般農業區 ; 非都市編定：甲種建築用地
RPPNMLRKLHKFFEH38CA,許厝港段,.31,非都市：一般農業區 ; 非都市編定：特定目的事業用地
RPPUMLQKKHKFFCH68CA,五福段,153.58,都市：農
RPQNMLQLKHKFFDH28CA,頭重溪段,15.24,都市：住
RPWNMLQKLHKFFEH98CA,新福段,214.40,非都市：特定農業區 ; 非都市編定：農牧用地
RPTOMLNKKHKFFDH28CA,草湳坡段埔心小段,81.00,都市：住
RPPVMLQKKHKFFCH78CA,南龍段,13.33,都市：住
RPPVMLQKKHKFFCH78CA,南龍段,.13,都市：住
RPRNMLQLKHKFFDH38CA,榔段下榔小段,650.00,非都市：特定農業區 ; 非都市編定：農牧用地
RPRNMLQLKHKFFDH38CA,榔段下榔小段,510.00,非都市：特定農業區 ; 非都市編定：農牧用地
RPRNMLQLKHKFFDH38CA,榔段下榔小段,720.00,非都市：特定農業區 ; 非都市編定：農牧用地
RPTQMLQKKHKFFCH68CA,太武段,6.95,都市：住
RPTQMLQKKHKFFCH68CA,太武段,51.85,都市：住
RPPPMLMJLHKFFDH87CA,蚵殼港段蚵殼港小段,108.73,非都市：特定農業區 ; 非都市編定：甲種建築用地
RPQVMLQKKHKFFCH88CA,南龍段,27.57,都市：住
RPQVMLQKKHKFFCH88CA,南龍段,.26,都市：住
RPRPMLOLKHKFFCH28CA,民有段,8.91,都市：其他
RPRPMLOLKHKFFCH28CA,民有段,3.57,都市：其他
RPSNMLQLKHKFFDH48CA,二重溪段,17.70,都市：住
RPUNMLOLKHKFFCH38CA,凌雲段,93.16,都市：農
RPRVMLQKKHKFFCH98CA,南龍段,27.38,都市：住
RPRVMLQKKHKFFCH98CA,南龍段,.26,都市：住
RPQOMLOLKHKFFCH08CA,中庄段中庄小段,45.24,非都市：特定農業區 ; 非都市編定：甲種建築用地
RPQOMLOLKHKFFCH08CA,中庄段中庄小段,14.50,非都市：特定農業區 ; 非都市編定：農牧用地
RPQOMLOLKHKFFCH08CA,中庄段中庄小段,3.23,非都市：河川區 ; 非都市編定：農牧用地
RPQOMLOLKHKFFCH08CA,中庄段中庄小段,14.77,非都市：河川區 ; 非都市編定：農牧用地
RPQOMLOLKHKFFCH08CA,中庄段中庄小段,64.93,非都市：河川區 ; 非都市編定：農牧用地
RPVQMLNKKHKFFCH58CA,健行段,429.89,非都市：一般農業區 ; 非都市編定：農牧用地
RPRNMLPLKHKFFCH18CA,龍祥段,83.63,非都市：鄉村區 ; 非都市編定：乙種建築用地
RPRNMLPLKHKFFCH18CA,龍祥段,13.51,非都市：鄉村區 ; 非都市編定：乙種建築用地
RPOOMLNKKHKFFCH67CA,銅鑼圈段,3944.00,非都市：山坡地保育區 ; 非都市編定：丁種建築用地
RPOOMLNKKHKFFCH67CA,銅鑼圈段,332.00,非都市：山坡地保育區 ; 非都市編定：丁種建築用地
RPROMLPJLHKFFCH18CA,烏樹林段,22.56,非都市：鄉村區 ; 非都市編定：乙種建築用地
RPSOMLPJLHKFFCH28CA,烏樹林段,22.56,非都市：鄉村區 ; 非都市編定：乙種建築用地
RPRNMLQKLHKFFCH28CA,銅鑼圈段,64.07,非都市：山坡地保育區 ; 非都市編定：農牧用地
RPSNMLQKLHKFFCH38CA,銅鑼圈段,371.85,非都市：山坡地保育區 ; 非都市編定：農牧用地
RPSPMLNKKHKFFBH08CA,普義段,26.95,都市：住
RPQSMLOKKHKFFBH28CA,中原段,2.45,都市：其他
RPQSMLOKKHKFFBH28CA,中原段,19.35,都市：其他
RPQSMLOKKHKFFBH28CA,中原段,543.00,都市：農
RPOSMLOKKHKFFBH08CA,中原段,794.00,都市：農
RPOSMLOKKHKFFBH08CA,中原段,3.76,都市：其他
RPOSMLOKKHKFFBH08CA,中原段,29.72,都市：其他
RPWOMLMJLHKFFBH28CA,環東段,28.49,都市：住
RPPNMLQKKHKFFBH87CA,忠福段,140.00,都市：住
RPXNMLOLKHKFFBH58CA,工業區段二小段,105.00,非都市：工業區 ; 非都市編定：丁種建築用地
RPXNMLOLKHKFFBH58CA,工業區段二小段,105.00,非都市：工業區 ; 非都市編定：丁種建築用地
RPXNMLOLKHKFFBH58CA,工業區段二小段,104.00,非都市：工業區 ; 非都市編定：丁種建築用地
RPSNMLOLKHKFFBH08CA,工業區段二小段,116.00,非都市：工業區 ; 非都市編定：丁種建築用地
RPPPMLOLKHKFFBH97CA,培英段,17.18,都市：住
RPSNMLQLKHKFFBH28CA,忠福段,28.01,都市：住
RPPNMLNJLHKFFDH77CA,頂湖段,99.00,都市：其他
RPPNMLPLKHKFFBH87CA,青平段,23.00,都市：商
RPQNMLPLKHKFFBH97CA,青平段,21.20,都市：商
RPPOMLKKLHKFFBH47CA,復興段,20.60,都市：住
RPOPMLTJLHKFFBH28CA,芭里段,575.55,非都市：特定農業區 ; 非都市編定：甲種建築用地
RPOPMLTJLHKFFBH28CA,芭里段,3.00,非都市：特定農業區 ; 非都市編定：甲種建築用地
RPOPMLTJLHKFFBH28CA,芭里段,44.41,非都市：特定農業區 ; 非都市編定：甲種建築用地
RPSPMLNKLHKFFBH18CA,三座屋段三座屋小段,48.00,都市：住
RPXPMLNKLHKFFBH68CA,三座屋段三座屋小段,39.18,都市：住
RPUPMLNKLHKFFBH38CA,三座屋段三座屋小段,39.18,都市：住
RPPQMLNKLHKFFBH97CA,三座屋段三座屋小段,39.18,都市：住
RPOQMLNKLHKFFBH87CA,三座屋段三座屋小段,39.18,都市：住
RPVPMLNKLHKFFBH48CA,三座屋段三座屋小段,39.18,都市：住
RPTPMLNKLHKFFBH28CA,三座屋段三座屋小段,48.00,都市：住
RPWPMLNKLHKFFBH58CA,三座屋段三座屋小段,39.18,都市：住
RPPPMLNKLHKFFBH87CA,三座屋段三座屋小段,48.00,都市：住
RPRPMLNKLHKFFBH08CA,三座屋段三座屋小段,48.00,都市：住
RPQQMLNKLHKFFBH08CA,三座屋段三座屋小段,39.18,都市：住
RPSQMLNKLHKFFBH28CA,三座屋段三座屋小段,28.80,都市：住
RPRQMLNKLHKFFBH18CA,三座屋段三座屋小段,39.18,都市：住
RPTQMLNKLHKFFBH38CA,三座屋段三座屋小段,28.80,都市：住
RPUQMLNKLHKFFBH48CA,三座屋段三座屋小段,28.80,都市：住
RPRRMLNKLHKFFBH28CA,三座屋段三座屋小段,30.09,都市：住
RPSRMLNKLHKFFBH38CA,三座屋段三座屋小段,30.09,都市：住
RPVQMLNKLHKFFBH58CA,三座屋段三座屋小段,28.80,都市：住
RPTRMLNKLHKFFBH48CA,三座屋段三座屋小段,30.09,都市：住
RPVRMLNKLHKFFBH68CA,三座屋段三座屋小段,48.00,都市：住
RPWQMLNKLHKFFBH68CA,三座屋段三座屋小段,28.80,都市：住
RPQRMLNKLHKFFBH18CA,三座屋段三座屋小段,30.09,都市：住
RPORMLNKLHKFFBH97CA,三座屋段三座屋小段,30.09,都市：住
RPPOMLNKLHKFFBH77CA,三座屋段三座屋小段,47.36,都市：住
RPROMLNKLHKFFBH97CA,三座屋段三座屋小段,47.39,都市：住
SPROMLNKLHKFFBH08CA,三座屋段三座屋小段,48.03,都市：住
RPQOMLNKLHKFFBH87CA,三座屋段三座屋小段,30.09,都市：住
RPOOMLNKLHKFFBH67CA,三座屋段三座屋小段,47.36,都市：住
RPWRMLNKLHKFFBH78CA,三座屋段三座屋小段,42.55,都市：住
RPSOMLNKLHKFFBH08CA,三座屋段三座屋小段,58.02,都市：住
RPWNMLNKLHKFFBH38CA,三座屋段三座屋小段,47.36,都市：住
RPOSMLNKLHKFFBH08CA,三座屋段三座屋小段,42.55,都市：住
RPXRMLNKLHKFFBH88CA,三座屋段三座屋小段,42.55,都市：住
RPROMLMJLHKFFAH67CA,壽山段,10.40,都市：住
RPXOMLNKLHKFFBH58CA,三座屋段三座屋小段,47.36,都市：住
RPVOMLNJLHKFFAH18CA,國聖段,8.34,都市：工
RPUOMLNKLHKFFBH28CA,三座屋段三座屋小段,48.25,都市：住
RPQRMLLKLHKFFAH87CA,塔寮坑段坑底小段,2072.00,非都市：山坡地保育區 ; 非都市編定：窯業用地
RPQRMLLKLHKFFAH87CA,塔寮坑段坑底小段,930.00,非都市：山坡地保育區 ; 非都市編定：窯業用地
RPQRMLLKLHKFFAH87CA,塔寮坑段坑底小段,1732.00,非都市：山坡地保育區 ; 非都市編定：窯業用地
RPQRMLLKLHKFFAH87CA,塔寮坑段坑底小段,591.00,非都市：山坡地保育區 ; 非都市編定：窯業用地
RPQNMLSJLHKFFAH08CA,寶山段,17.70,都市：住
RPUNMLPJLHKFFAH18CA,埔子段埔子小段,27.03,都市：住
RPSNMLTJLHKFFAH38CA,新埔段,8.35,都市：住
RPOQMLRKLHKFFBH28CA,興南段興南小段,2.16,都市：商
RPOQMLRKLHKFFBH28CA,興南段興南小段,37.74,都市：商
RPOQMLRKLHKFFBH28CA,興南段興南小段,1.33,都市：商
RPRQMLKKLHKFFAH77CA,福源段,1000.49,非都市：山坡地保育區 ; 非都市編定：丙種建築用地
RPTSMLNKLHKFFBH58CA,三座屋段三座屋小段,28.80,都市：住
RPRSMLNKLHKFFBH38CA,三座屋段三座屋小段,30.09,都市：住
RPPQMLKKLHKFFAH57CA,新埔段,11.13,都市：住
RPTSMLKKLHKFFAH18CA,三元段,19.86,都市：住
RPSQMLKKLHKFFAH87CA,慈文段,13.14,都市：住
RPPOMLMJLHKFFAH47CA,壽山段,10.40,都市：住
RPVOMLMJLHKFFAH08CA,寶山段,24.95,都市：住
RPXOMLMJLHKFFAH28CA,西門段,21.59,都市：住
RPTPMLKLLHKFFAH97CA,大有段,.07,都市：住
RPTNMLMKLHKFFAH87CA,富國段,11.99,都市：農
RPTNMLMKLHKFFAH87CA,富國段,136.00,都市：農
RPQNMLLJLHKFFAH37CA,大林段,16.63,都市：工
RPQNMLLJLHKFFAH37CA,大林段,.01,都市：其他
RPRPMLQLKHKFFAH28CA,龍祥段,13.01,都市：商
RPSRMLTJLHKFFAH78CA,龜山段,3.31,都市：住
RPRRMLTJLHKFFAH68CA,龜山段,3.31,都市：住
RPTRMLTJLHKFFAH88CA,龜山段,3.31,都市：住
RPQWMLQKKHKFFAH78CA,慈文段,15.44,都市：住
RPOQMLQLKHKFFAH08CA,龍祥段,11.70,都市：商
RPPQMLQLKHKFFAH18CA,龍祥段,6.14,都市：商
RPXQMLQLKHKFFAH98CA,大有段,5.62,都市：住
RPXQMLQLKHKFFAH98CA,大有段,5.62,都市：住
RPOPMLRKKHKFFAH97CA,小檜溪段,495.99,都市：其他
RPOQMLOLKHKFFAH87CA,西門段,154.00,都市：住
RPOQMLOLKHKFFAH87CA,西門段,6.00,都市：住
RPOOMLPLKHKFFAH77CA,富國段,8.78,都市：住
RPXNMLOLKHKFFAH48CA,江南段,22.40,都市：住
RPXNMLOLKHKFFAH48CA,江南段,3.88,都市：住
RPSQMLPLKHKFFAH38CA,寶山段,13.31,都市：住
RPRPMLRKKHKFFAH28CA,塔寮坑段坑底小段,4852.00,非都市：山坡地保育區 ; 非都市編定：農牧用地
RPXPMLRKKHKFFAH88CA,陽明段,1.56,都市：住
RPXPMLRKKHKFFAH88CA,陽明段,127.34,都市：住
RPUOMLNKKHKFFAH08CA,中路段,31.75,都市：其他
RPUOMLNKKHKFFAH08CA,中路段,1.45,都市：其他
RPVSMLQKKHKFFAH88CA,慈文段,.25,都市：住
RPVSMLQKKHKFFAH88CA,慈文段,3.85,都市：住
RPVSMLQKKHKFFAH88CA,慈文段,7.37,都市：住
RPVSMLQKKHKFFAH88CA,慈文段,.91,都市：住
RPRNMLQKKHKFFAH97CA,同安段,83.00,都市：住
RPXVMLQKKHKFFAH76CA,慈文段,13.03,都市：住
RPXOMLRKKHKFFAH78CA,中路三段,18.82,都市：住
RPPWMLQKKHKFFAH68CA,半嶺段,29.42,都市：住
RPPNMLNKKHKFFAH47CA,峨眉段,100.95,都市：其他
RPQNMLOLKHKFFAH77CA,國聖段,11.21,都市：住
RPPNMLOLKHKFFAH67CA,龍華段,21.78,都市：住
RPOUMLQKKHKFFAH38CA,大林段,27.59,都市：工
RPQOMLRKKHKFFAH08CA,國聖段,22.13,都市：住
RPSOMLRKKHKFFAH28CA,大興段,27.00,都市：住
RPSOMLPLKHKFFAH18CA,楓樹坑段楓樹坑小段,49.00,都市：其他
RPWPMLPLKHKFFAH68CA,半嶺段,11.42,都市：商
RPXPMLPLKHKFFAH78CA,半嶺段,12.46,都市：商
RPTQMLPLKHKFFAH48CA,國強段,14.99,都市：住
RPVPMLPLKHKFFAH58CA,福元段,35.05,都市：住
RPOQMLPLKHKFFAH97CA,半嶺段,21.62,都市：商
RPTOMLNKKHKFFAH97CA,寶山段,98.65,都市：住
RPTOMLNKKHKFFAH97CA,寶山段,.38,都市：住
RPUQMLQLKHKFFAH68CA,福元段,1.52,都市：住
RPROMLQLKHKFFAH18CA,和平段,60.90,都市：其他
RPVOMLTJLHKFFAH78CA,新埔段,11.13,都市：住
RPTOMLPJLHKFFAH18CA,龍鳳段,30.23,都市：住
RPSOMLMJLHKFFAH77CA,富國段,13.61,都市：住
RPQQMLMJLHKFFAH77CA,迴龍段,372.88,都市：其他
RPUQMLMJLHKFFAH18CA,忠義段,19.15,都市：住
RPXOMLQLKHKFFAH78CA,龍祥段,18.10,都市：商
RPSPMLQKLHKFFBH48CA,五權段,204.00,都市：農
RPTPMLQJLHKFFAH38CA,三元段,14.74,都市：住
RPWPMLQJLHKFFAH68CA,春日段,10.50,都市：住
RPQPMLTKLHKFFAH48CA,埔子段埔子小段,20.26,都市：住
RPTNMLPLKHKFFBH28CA,榮民段,834.00,都市：住
RPPRMLLKLHKFFBH87CA,富台段,1500.50,都市：其他
RPPRMLLKLHKFFBH87CA,富台段,366.31,都市：其他
RPPRMLLKLHKFFBH87CA,富台段,500.11,都市：其他
RPRNMLPLKHKFFBH08CA,中寮段,14.26,都市：住
RPPRMLRKLHKFFBH48CA,仁祥段,63.01,都市：其他
RPPRMLRKLHKFFBH48CA,仁祥段,1.18,都市：其他
RPXNMLQLKHKFFBH78CA,中原段,32.46,都市：其他
RPXNMLPJLHKFFBH58CA,自立段,15.80,都市：住
RPUOMLMKLHKFFAH08CA,富國段,14.16,都市：住
RPQPMLNKLHKFFAH87CA,慈文段,25.00,都市：住
RPXOMLRKKHKFFBH88CA,月眉段,48.55,非都市：特定農業區 ; 非都市編定：甲種建築用地
RPRNMLRKKHKFFBH18CA,普義段,43.20,都市：工
RPQNMLKKLHKFFBH47CA,青平段,92.08,都市：住
RPSOMLOLKHKFFCH28CA,爺亨段,485.00,非都市：一般農業區 ; 非都市編定：農牧用地
RPUPMLMJLHKFFCH28CA,三層段八結小段,1890.00,非都市：山坡地保育區 ; 非都市編定：農牧用地
RPSPMLMKLHKFFCH18CA,四方林段四方林小段,67.77,非都市：特定農業區 ; 非都市編定：甲種建築用地
RPUPMLOLKHKFFCH58CA,銅鑼圈段,209.00,非都市：山坡地保育區 ; 非都市編定：丙種建築用地
RPSNMLNJLHKFFDH08CA,社子段,213.86,非都市：特定農業區 ; 非都市編定：丁種建築用地
RPSNMLNJLHKFFDH08CA,社子段,21.07,非都市：特定農業區 ; 非都市編定：水利用地
RPSNMLNJLHKFFDH08CA,社子段,30.85,非都市：特定農業區 ; 非都市編定：丁種建築用地
RPSNMLNJLHKFFDH08CA,社子段,49.73,非都市：特定農業區 ; 非都市編定：丁種建築用地
RPSNMLNJLHKFFDH08CA,社子段,30.77,非都市：特定農業區 ; 非都市編定：丁種建築用地
RPSNMLNJLHKFFDH08CA,社子段,26.03,非都市：特定農業區 ; 非都市編定：丁種建築用地
RPSNMLNJLHKFFDH08CA,社子段,15.92,非都市：特定農業區 ; 非都市編定：水利用地
RPSNMLNJLHKFFDH08CA,社子段,28.40,非都市：特定農業區 ; 非都市編定：交通用地
RPSNMLNJLHKFFDH08CA,社子段,16.05,非都市：特定農業區 ; 非都市編定：水利用地
RPSNMLNJLHKFFDH08CA,社子段,3408.00,非都市：特定農業區 ; 非都市編定：丁種建築用地
RPQNMLNJLHKFFDH87CA,草湳坡段草湳坡小段,21.50,都市：住
RPQNMLNJLHKFFDH87CA,草湳坡段草湳坡小段,18.25,都市：住
RPRNMLNJLHKFFDH97CA,社子段,159.44,非都市：特定農業區 ; 非都市編定：丁種建築用地
RPRNMLNJLHKFFDH97CA,社子段,15.70,非都市：特定農業區 ; 非都市編定：水利用地
RPRNMLNJLHKFFDH97CA,社子段,23.00,非都市：特定農業區 ; 非都市編定：丁種建築用地
RPRNMLNJLHKFFDH97CA,社子段,37.07,非都市：特定農業區 ; 非都市編定：丁種建築用地
RPRNMLNJLHKFFDH97CA,社子段,22.94,非都市：特定農業區 ; 非都市編定：丁種建築用地
RPRNMLNJLHKFFDH97CA,社子段,19.40,非都市：特定農業區 ; 非都市編定：丁種建築用地
RPRNMLNJLHKFFDH97CA,社子段,11.87,非都市：特定農業區 ; 非都市編定：水利用地
RPRNMLNJLHKFFDH97CA,社子段,21.17,非都市：特定農業區 ; 非都市編定：交通用地
RPRNMLNJLHKFFDH97CA,社子段,11.97,非都市：特定農業區 ; 非都市編定：水利用地
RPRNMLNJLHKFFDH97CA,社子段,2542.00,非都市：特定農業區 ; 非都市編定：丁種建築用地
RPSQMLOLKHKFFCH48CA,仁善段,109.89,都市：住
RPPNMLRKKHKFFCH08CA,廣福段,779.31,非都市：特定農業區 ; 非都市編定：農牧用地
RPVNMLNJLHKFFBH18CA,三座屋段舊社小段,31.34,都市：住
RPTNMLNJLHKFFBH97CA,普仁段,4.55,都市：其他
RPUNMLQLKHKFFDH68CA,永福段,114.49,都市：住
RPTNMLQLKHKFFDH58CA,員本段,21.82,非都市：特定農業區 ; 非都市編定：甲種建築用地
RPTNMLQLKHKFFDH58CA,員本段,21.82,非都市：特定農業區 ; 非都市編定：甲種建築用地
RPTNMLQLKHKFFDH58CA,員本段,50.75,非都市：特定農業區 ; 非都市編定：甲種建築用地
RPTNMLQLKHKFFDH58CA,員本段,50.74,非都市：特定農業區 ; 非都市編定：甲種建築用地
RPOOMLPLKHKFFDH08CA,頭重溪段,2395.00,都市：住
RPOOMLPLKHKFFDH08CA,頭重溪段,1048.00,都市：住
RPSQMLQKKHKFFEH78CA,沙崙段坡堵小段,72.25,非都市：一般農業區 ; 非都市編定：農牧用地
RPVNMLPLKHKFFDH68CA,員本段,82.75,非都市：特定農業區 ; 非都市編定：甲種建築用地
RPVNMLPLKHKFFDH68CA,員本段,21.82,非都市：特定農業區 ; 非都市編定：甲種建築用地
RPVPMLTJLHKFFDH56CA,啟文段,2320.00,非都市：特定農業區 ; 非都市編定：農牧用地
RPPOMLPJLHKFFEH18CA,雙溪口段溪洲子小段,34.40,非都市：鄉村區 ; 非都市編定：乙種建築用地
RPTNMLLKLHKFFAH77CA,新埔段,25.86,都市：住
RPWPMLTJLHKFFDH66CA,瑞原段,5.39,非都市：特定農業區 ; 非都市編定：農牧用地
RPWPMLTJLHKFFDH66CA,瑞原段,9.70,非都市：特定農業區 ; 非都市編定：農牧用地
RPWPMLTJLHKFFDH66CA,瑞原段,16.75,非都市：特定農業區 ; 非都市編定：農牧用地
RPWPMLTJLHKFFDH66CA,瑞原段,177.98,非都市：特定農業區 ; 非都市編定：農牧用地
RPWPMLTJLHKFFDH66CA,瑞原段,277.59,非都市：特定農業區 ; 非都市編定：農牧用地
RPWPMLTJLHKFFDH66CA,瑞原段,5.87,非都市：特定農業區 ; 非都市編定：農牧用地
RPWPMLTJLHKFFDH66CA,瑞原段,58.90,非都市：特定農業區 ; 非都市編定：農牧用地
RPWPMLTJLHKFFDH66CA,瑞原段,12.27,非都市：特定農業區 ; 非都市編定：農牧用地
RPWPMLTJLHKFFDH66CA,瑞原段,62.91,非都市：特定農業區 ; 非都市編定：農牧用地
RPWPMLTJLHKFFDH66CA,瑞原段,109.27,非都市：特定農業區 ; 非都市編定：農牧用地
RPWPMLTJLHKFFDH66CA,瑞原段,25.53,非都市：特定農業區 ; 非都市編定：農牧用地
RPWPMLTJLHKFFDH66CA,瑞原段,9.40,非都市：特定農業區 ; 非都市編定：農牧用地
RPWPMLTJLHKFFDH66CA,瑞原段,9.20,非都市：特定農業區 ; 非都市編定：農牧用地
RPWPMLTJLHKFFDH66CA,瑞原段,7.68,非都市：特定農業區 ; 非都市編定：農牧用地
RPWPMLTJLHKFFDH66CA,瑞原段,9.49,非都市：特定農業區 ; 非都市編定：農牧用地
RPWPMLTJLHKFFDH66CA,瑞原段,75.02,非都市：特定農業區 ; 非都市編定：農牧用地
RPWPMLTJLHKFFDH66CA,瑞原段,136.36,非都市：特定農業區 ; 非都市編定：農牧用地
RPWPMLTJLHKFFDH66CA,瑞原段,364.48,非都市：特定農業區 ; 非都市編定：農牧用地
RPWPMLTJLHKFFDH66CA,瑞原段,16.79,非都市：特定農業區 ; 非都市編定：農牧用地
RPWPMLTJLHKFFDH66CA,瑞原段,11.90,非都市：特定農業區 ; 非都市編定：農牧用地
RPWPMLTJLHKFFDH66CA,瑞原段,12.00,非都市：特定農業區 ; 非都市編定：農牧用地
RPWPMLTJLHKFFDH66CA,瑞原段,7.45,非都市：特定農業區 ; 非都市編定：農牧用地
RPWPMLTJLHKFFDH66CA,瑞原段,29.42,非都市：特定農業區 ; 非都市編定：農牧用地
RPWPMLTJLHKFFDH66CA,瑞原段,26.80,非都市：特定農業區 ; 非都市編定：農牧用地
RPWPMLTJLHKFFDH66CA,瑞原段,18.98,非都市：特定農業區 ; 非都市編定：農牧用地
RPWPMLTJLHKFFDH66CA,瑞原段,3.49,非都市：特定農業區 ; 非都市編定：農牧用地
RPWPMLTJLHKFFDH66CA,瑞原段,1.88,非都市：特定農業區 ; 非都市編定：農牧用地
RPWPMLTJLHKFFDH66CA,瑞原段,4.13,非都市：特定農業區 ; 非都市編定：農牧用地
RPSOMLQJLHKFFEH58CA,大新段,19.10,都市：商
RPTNMLTKLHKFFDH88CA,楊湖段,20.36,非都市：特定農業區 ; 非都市編定：甲種建築用地
RPSNMLPLKHKFFGH68CA,復旦段,6.21,都市：住
RPXNMLPLKHKFFGH56CA,湧安段,87.99,都市：住
RPQNMLRKKHKFFGH58CA,關爺段,24.22,非都市：鄉村區 ; 非都市編定：乙種建築用地
RPSNMLQLKHKFFEH58CA,大園段,1.01,都市：住
RPSNMLQLKHKFFEH58CA,大園段,.09,都市：商
RPUNMLMJLHKFFGH48CA,廣北段,7.12,都市：商
RPUNMLOJLHKFFGH68CA,金星段,24.66,都市：住
RPUNMLNKLHKFFGH68CA,廣豐段,.04,都市：住
RPUNMLNKLHKFFGH68CA,廣豐段,.09,都市：住
RPUNMLNKLHKFFGH68CA,廣豐段,15.07,都市：住
RPUNMLNKLHKFFGH68CA,廣豐段,.05,都市：住
RPWOMLQLKHKFFAH78DA,長安段,25.63,都市：住
RPUPMLPLKHKFFAH58DA,龍祥段,2.52,都市：住
RPUPMLPLKHKFFAH58DA,龍祥段,2.24,都市：住
RPWNMLKKLHKFFEH38CA,坑子口段海湖小段,839.00,非都市：一般農業區 ; 非都市編定：農牧用地
RPSOMLLKLHKFFFH28CA,高城段,24.73,都市：住
RPOPMLNJLHKFFBH77DA,復興段,25.42,都市：住
RPPOMLKKLHKFFDH67CA,幼獅段,7.90,都市：住
RPORMLLKLHKFFAH77DA,國聖段,24.87,都市：住
RPSNMLTKLHKFFAH58DA,兔子坑段大湖頂小段,601.00,非都市：山坡地保育區 ; 非都市編定：丙種建築用地
RPOSMLQLKHKFFAH38DA,江南段,22.50,都市：住
RPOSMLQLKHKFFAH38DA,江南段,48.79,都市：住
RPOSMLQLKHKFFAH38DA,江南段,2.47,都市：住
RPTOMLRKKHKFFBH68EA,仁祥段,23.97,都市：住
RPSNMLQLLHKFFAH48EA,中平段,3.98,都市：商
RPPSMLMKLHKFFBH18DA,山上段,36.95,非都市：特定農業區 ; 非都市編定：甲種建築用地
RPPSMLMKLHKFFBH18DA,山上段,71.54,非都市：特定農業區 ; 非都市編定：甲種建築用地
RPPSMLMKLHKFFBH18DA,山上段,40.39,非都市：特定農業區 ; 非都市編定：農牧用地
RPQSMLMKLHKFFBH28DA,山上段,39.97,非都市：特定農業區 ; 非都市編定：甲種建築用地
RPQSMLMKLHKFFBH28DA,山上段,77.39,非都市：特定農業區 ; 非都市編定：甲種建築用地
RPQSMLMKLHKFFBH28DA,山上段,25.36,非都市：特定農業區 ; 非都市編定：農牧用地
RPTSMLMKLHKFFBH58DA,山上段,30.29,非都市：特定農業區 ; 非都市編定：甲種建築用地
RPTSMLMKLHKFFBH58DA,山上段,58.63,非都市：特定農業區 ; 非都市編定：甲種建築用地
RPTSMLMKLHKFFBH58DA,山上段,25.36,非都市：特定農業區 ; 非都市編定：農牧用地
RPTSMLMKLHKFFBH58DA,山上段,27.34,非都市：特定農業區 ; 非都市編定：農牧用地
RPUOMLRKKHKFFBH78EA,仁祥段,50.09,都市：住
RPWOMLQLLHKFFAH98EA,福元段,13.69,都市：住
RPUOMLRKKHKFFAH68EA,桃圳段,31.11,非都市：特定農業區 ; 非都市編定：農牧用地
RPUOMLRKKHKFFAH68EA,桃圳段,118.47,都市：住
RPSRMLRKMHKFFAH98EA,楓樹坑段楓樹坑小段,14.50,都市：其他
RPROMLOLKHKFFCH28DA,田心子段二層小段,9.67,非都市：風景區 ; 非都市編定：農牧用地
RPVNMLLMLHKFFEH58CA,水尾段,43.26,都市：工
RPVNMLLMLHKFFEH58CA,水尾段,4.72,都市：工
RPWOMLOLKHKFFCH78DA,仁義段,43.45,都市：住
RPVNMLNKLHKFFCH48DA,番子寮段,1260.00,非都市：一般農業區 ; 非都市編定：農牧用地
RPVNMLNKLHKFFCH48DA,番子寮段,1260.00,非都市：一般農業區 ; 非都市編定：農牧用地
RPVNMLNKLHKFFCH48DA,番子寮段,309.99,非都市：一般農業區 ; 非都市編定：農牧用地
RPROMLPLKHKFFEH58DA,河底段,2.89,都市：住
RPROMLNJLHKFFCH08DA,缺子段粟子園小段,62.40,非都市：一般農業區 ; 非都市編定：交通用地
RPROMLNJLHKFFCH08DA,缺子段粟子園小段,3.60,非都市：一般農業區 ; 非都市編定：交通用地
RPTNMLOJLHKFFGH78EA,新富段,14.47,都市：住
RPRVMLQKKHKFFAH98EA,大同段,209.14,都市：住
RPQNMLNKLHKFFEH28EA,五塊厝段下埔小段,33.00,非都市：特定農業區 ; 非都市編定：水利用地
RPTOMLPLKHKFFEH78DA,河底段,16.09,都市：住
RPROMLMJLHKFFCH97DA,缺子段粟子園小段,.60,非都市：一般農業區 ; 非都市編定：農牧用地
RPVNMLMJLHKFFCH28DA,缺子段粟子園小段,1.56,非都市：一般農業區 ; 非都市編定：交通用地
RPVNMLMJLHKFFCH28DA,缺子段粟子園小段,.09,非都市：一般農業區 ; 非都市編定：交通用地
RPVNMLMJLHKFFCH28DA,缺子段粟子園小段,.02,非都市：一般農業區 ; 非都市編定：農牧用地
RPQOMLMJLHKFFCH87DA,缺子段粟子園小段,3.27,非都市：一般農業區 ; 非都市編定：農牧用地
RPQOMLMJLHKFFCH87DA,缺子段粟子園小段,.04,非都市：一般農業區 ; 非都市編定：農牧用地
RPOOMLQKLHKFFEH48EA,田心子段田心子小段,7.74,都市：農
RPOOMLQKLHKFFEH48EA,田心子段田心子小段,15.26,都市：農
RPRNMLMKLHKFFEH28EA,坑子口段海湖小段,165.00,非都市：一般農業區 ; 非都市編定：農牧用地
RPXNMLOLKHKFFEH09EA,客運二段,763.60,都市：住
RPXNMLOLKHKFFEH09EA,客運二段,381.80,都市：住
RPXNMLOLKHKFFEH09EA,客運二段,381.80,都市：住
RPXNMLOLKHKFFEH09EA,客運二段,190.90,都市：住
RPXNMLOLKHKFFEH09EA,客運二段,190.90,都市：住
RPPNMLSKLHKFFGH68CA,東豐段,75.23,都市：住
RPPNMLSKLHKFFGH68CA,東豐段,11.63,都市：其他
RPVOMLNJLHKFFFH78DA,同福段,10.58,都市：住
RPPOMLNJLHKFFCH87DA,武漢段,68.10,非都市：鄉村區 ; 非都市編定：乙種建築用地
RPWNMLPLKHKFFGH56DA,復旦段,162.67,都市：農
RPXNMLQJLHKFFGH76EA,金鍊段,70.46,都市：住
RPQQMLQLKHKFFAH48EA,中山段,16.11,都市：商
RPXNMLNJLHKFFGH98DA,平鎮段,46.82,都市：商
RPQOMLMKLHKFFGH38DA,宋屋段高山下小段,89.33,都市：其他
RPPNMLRLKHKFFAH08DA,中埔段,14.41,都市：住
RPQOMLPLKHKFFBH18DA,忠福段,18.20,都市：住
RPQOMLPLKHKFFBH18DA,忠福段,8.80,都市：住
RPRPMLPLKHKFFBH38DA,復興段,19.95,都市：住
RPVNMLMJLHKFFGH58CA,廣北段,6.48,都市：商
RPXNMLPJLHKFFGH09CA,東北段,57.12,都市：住
RPVOMLSKLHKFFGH76CA,平鎮段,9.96,都市：商
RPUOMLSKLHKFFGH66CA,平鎮段,9.98,都市：商
RPWNMLMJLHKFFGH68CA,廣北段,6.48,都市：商
RPOPMLSKLHKFFGH78CA,平鎮段,9.96,都市：商
RPXNMLMJLHKFFGH78CA,廣北段,8.42,都市：商
RPRNMLMKLHKFFGH28CA,延平段,64.27,都市：商
RPSNMLNLMHKFFAH28EA,龜山段,3.31,都市：住
RPQNMLQLKHKFFFH48CA,大成段,67.80,都市：住
RPRNMLOKLHKFFGH48CA,平鎮段,13.47,都市：住
RPQNMLQLKHKFFGH58CA,廣南段,5.82,都市：住
RPWOMLOLKHKFFGH09CA,東豐段,32.84,都市：住
RPWOMLOLKHKFFGH09CA,東豐段,1.06,都市：住
RPVNMLPLKHKFFEH78CA,坑子段貓尾崎小段,609.00,都市：其他
RPPNMLNKLHKFFEH97CA,坑子口段後壁厝小段,48.69,非都市：工業區 ; 非都市編定：農牧用地
RPVNMLQLKHKFFEH88CA,青峰段,41.82,都市：住
RPPOMLMKLHKFFEH97CA,雙溪口段下縣厝子小段,629.00,非都市：特定農業區 ; 非都市編定：農牧用地
RPROMLQJLHKFFEH48CA,錦興段,26.91,都市：住
RPXNMLQLKHKFFEH09CA,青峰段,42.38,都市：住
RPQOMLQLKHKFFEH48CA,青峰段,48.60,都市：住
RPOOMLQLKHKFFEH28CA,青峰段,36.73,都市：住
RPSNMLKKLHKFFEH97CA,水尾段,432.66,都市：其他
RPSNMLKKLHKFFEH97CA,水尾段,182.18,都市：其他
RPSNMLKKLHKFFEH97CA,水尾段,52.71,都市：其他
RPSNMLKKLHKFFEH97CA,水尾段,5.14,都市：其他
RPSNMLKKLHKFFEH97CA,水尾段,429.80,都市：其他
RPSNMLKKLHKFFEH97CA,水尾段,210.77,都市：其他
RPTNMLRLKHKFFEH78CA,錦興段,47.94,都市：住
RPSOMLKKLHKFFDH97CA,大金山下段大金山下小段,16.64,都市：住
RPSNMLRLKHKFFEH68CA,錦興段,56.32,都市：住
RPSNMLRLKHKFFEH68CA,錦興段,150.93,都市：住
RPUNMLMJLHKFFEH28CA,北港段,36.42,非都市：工業區 ; 非都市編定：丁種建築用地
RPVNMLMJLHKFFEH38CA,河底段,4.96,都市：商
RPUOMLKKLHKFFDH18CA,秀才段,22.22,非都市：山坡地保育區 ; 非都市編定：農牧用地
RPUOMLKKLHKFFDH18CA,秀才段,.57,非都市：山坡地保育區 ; 非都市編定：農牧用地
RPVNMLQLKHKFFDH78CA,楊梅段,18.23,都市：住
RPTOMLPLKHKFFDH58CA,富九段,8256.46,非都市：特定農業區 ; 非都市編定：水利用地
RPTNMLMJLHKFFDH08CA,中華段,.84,都市：農
RPTNMLMJLHKFFDH08CA,中華段,32.02,都市：農
RPTNMLMJLHKFFDH08CA,中華段,25.81,非都市：特定農業區 ; 非都市編定：甲種建築用地
RPQOMLQKLHKFFFH58CA,瑞德段,44.61,非都市：鄉村區 ; 非都市編定：乙種建築用地
RPQNMLQKLHKFFFH48CA,營盤段,31.59,非都市：特定農業區 ; 非都市編定：甲種建築用地
RPVOMLOJLHKFFDH58CA,上田段,1.19,非都市：特定農業區 ; 非都市編定：甲種建築用地
RPVOMLOJLHKFFDH58CA,上田段,64.89,非都市：特定農業區 ; 非都市編定：甲種建築用地
RPXNMLOLKHKFFDH78CA,高山段,342.50,非都市：特定農業區 ; 非都市編定：甲種建築用地
RPOOMLNJLHKFFDH77CA,笨子港段榕樹下小段,1959.00,非都市：一般農業區 ; 非都市編定：農牧用地
RPPNMLLKLHKFFDH67CA,高上段,12.03,非都市：特定農業區 ; 非都市編定：甲種建築用地
RPPNMLLKLHKFFDH67CA,高上段,.83,非都市：特定農業區 ; 非都市編定：甲種建築用地
RPPNMLLKLHKFFDH67CA,高上段,5.66,非都市：特定農業區 ; 非都市編定：甲種建築用地
RPPNMLLKLHKFFDH67CA,高上段,159.01,非都市：特定農業區 ; 非都市編定：甲種建築用地
RPPNMLLKLHKFFDH67CA,高上段,4.06,非都市：特定農業區 ; 非都市編定：農牧用地
RPRQMLOLKHKFFCH38CA,三林段,49.20,非都市：鄉村區 ; 非都市編定：乙種建築用地
RPVOMLOLKHKFFCH58CA,成功段,764.53,非都市：特定農業區 ; 非都市編定：農牧用地
RPSNMLPLKHKFFCH28CA,奉慈段,25.40,非都市：鄉村區 ; 非都市編定：乙種建築用地
RPOOMLPLKHKFFCH97CA,四方林段四方林小段,64.00,非都市：特定農業區 ; 非都市編定：甲種建築用地
RPTNMLNJLHKFFCH08CA,水流東段,2500.00,非都市：山坡地保育區 ; 非都市編定：農牧用地
RPTOMLNJLHKFFCH18CA,仁義段,11.90,都市：住
RPQOMLPLKHKFFCH18CA,南龍段,40.67,都市：住
RPQOMLPLKHKFFCH18CA,南龍段,.39,都市：住
RPROMLPLKHKFFCH28CA,南龍段,40.71,都市：住
RPROMLPLKHKFFCH28CA,南龍段,.39,都市：住
RPUNMLPLKHKFFCH48CA,龍祥段,4.51,非都市：鄉村區 ; 非都市編定：乙種建築用地
RPUNMLPLKHKFFCH48CA,龍祥段,90.77,非都市：鄉村區 ; 非都市編定：乙種建築用地
RPUNMLPLKHKFFCH48CA,龍祥段,.03,非都市：鄉村區 ; 非都市編定：乙種建築用地
RPTOMLPLKHKFFCH48CA,五福段,30.82,都市：住
RPWOMLPLKHKFFCH78CA,永興段,62.00,非都市：鄉村區 ; 非都市編定：乙種建築用地
RPPNMLPKLHKFFCH97CA,三層段八結小段,727.00,非都市：山坡地保育區 ; 非都市編定：林業用地
RPPNMLPKLHKFFCH97CA,三層段十三份小段,2109.00,非都市：山坡地保育區 ; 非都市編定：暫未編定
RPTOMLPJLHKFFCH38CA,烏樹林段,20.12,非都市：鄉村區 ; 非都市編定：乙種建築用地
RPQOMLOJLHKFFCH97CA,烏樹林段,2125.00,非都市：一般農業區 ; 非都市編定：農牧用地
RPVNMLQKLHKFFCH68CA,爺亨段,310.00,非都市：山坡地保育區 ; 非都市編定：農牧用地
RPSNMLMJLHKFFBH77CA,興南段興南小段,2.06,都市：住
RPSNMLMJLHKFFBH77CA,新街段,10.03,都市：住
RPSPMLRKKHKFFBH48CA,中工段,12.73,都市：工
RPPOMLQLKHKFFBH08CA,普義段,22.71,都市：其他
RPVRMLQLKHKFFBH98CA,中工段,20.00,非都市：工業區 ; 非都市編定：丁種建築用地
RPOOMLQLKHKFFBH97CA,雙嶺段,16.60,都市：商
RPOOMLQLKHKFFBH97CA,雙嶺段,.21,都市：商
RPSOMLPLKHKFFBH28CA,草新段,24.12,都市：住
RPSOMLPLKHKFFBH28CA,草新段,75.00,都市：住
RPUNMLLKLHKFFGH48CA,廣豐段,32.80,都市：住
RPTNMLTJLHKFFCH68CA,三洽水段,.62,非都市：山坡地保育區 ; 非都市編定：丙種建築用地
RPTNMLTJLHKFFCH68CA,三洽水段,148.00,非都市：山坡地保育區 ; 非都市編定：丙種建築用地
RPTNMLTJLHKFFCH68CA,三洽水段,3.33,非都市：山坡地保育區 ; 非都市編定：丙種建築用地
RPTNMLTJLHKFFCH68CA,三洽水段,34.69,非都市：山坡地保育區 ; 非都市編定：丙種建築用地
RPRNMLTJLHKFFCH48CA,三洽水段,.62,非都市：山坡地保育區 ; 非都市編定：丙種建築用地
RPRNMLTJLHKFFCH48CA,三洽水段,169.00,非都市：山坡地保育區 ; 非都市編定：丙種建築用地
RPRNMLTJLHKFFCH48CA,三洽水段,3.33,非都市：山坡地保育區 ; 非都市編定：丙種建築用地
RPRNMLTJLHKFFCH48CA,三洽水段,40.60,非都市：山坡地保育區 ; 非都市編定：丙種建築用地
RPTRMLQLKHKFFBH78CA,遠東段,27.43,都市：住
RPUOMLMJLHKFFBH08CA,大湖段,728.94,非都市：特定農業區 ; 非都市編定：甲種建築用地
RPUNMLMJLHKFFBH97CA,忠福段,18.37,都市：住
RPWNMLQLKHKFFBH68CA,中原段,8.39,都市：其他
RPRNMLNJLHKFFBH77CA,大潭段大潭小段,233.94,非都市：一般農業區 ; 非都市編定：農牧用地
RPVOMLPLKHKFFBH58CA,草新段,24.12,都市：住
RPVOMLPLKHKFFBH58CA,草新段,75.00,都市：住
RPWNMLKKLHKFFBH08CA,新街段,14.14,都市：住
RPWNMLPLKHKFFBH58CA,興南段興南小段,4.45,都市：商
RPVTMLNKLHKFFBH88CA,中壢埔頂段,37.99,都市：住
RPTPMLLKLHKFFBH08CA,新街段,6.94,都市：住
RPTNMLQJLHKFFBH28CA,環東段,34.99,都市：住
RPTNMLQJLHKFFBH28CA,環東段,34.99,都市：住
RPWPMLPJLHKFFBH68CA,光明段,132.00,非都市：特定農業區 ; 非都市編定：農牧用地
RPORMLPJLHKFFBH08CA,光明段,263.00,非都市：特定農業區 ; 非都市編定：農牧用地
RPTPMLSKLHKFFBH78CA,東寮段,17.22,都市：商
RPRPMLSKLHKFFBH58CA,東寮段,22.98,都市：住
RPSPMLSKLHKFFBH68CA,東寮段,18.39,都市：商
RPVNMLLKLHKFFBH08CA,青溪段,52.71,都市：住
RPUNMLLKLHKFFBH97CA,青溪段,51.24,都市：住
RPUOMLOJLHKFFBH28CA,平寮段,51.81,都市：住
RPUOMLOJLHKFFBH28CA,平寮段,17.06,都市：其他
RPUPMLSKLHKFFBH88CA,東寮段,18.39,都市：商
RPOQMLSKLHKFFBH38CA,東寮段,17.22,都市：商
RPPQMLSKLHKFFBH48CA,東寮段,16.95,都市：商
RPWPMLSKLHKFFBH09CA,東寮段,22.37,都市：商
RPQQMLSKLHKFFBH58CA,東寮段,19.83,都市：商
RPWOMLNJLHKFFAH28CA,富國段,.09,都市：住
RPWOMLNJLHKFFAH28CA,富國段,19.64,都市：住
RPTRMLSKLHKFFBH98CA,新街段,6.01,都市：商
RPTOMLNJLHKFFAH97CA,大樹林段,161.00,都市：其他
RPOPMLNJLHKFFAH57CA,大有段,17.30,都市：住
RPXOMLNJLHKFFAH38CA,會稽段,16.16,都市：住
RPVPMLQJLHKFFAH58CA,星見段,1159.34,都市：農
RPVPMLQJLHKFFAH58CA,星見段,1055.36,都市：農
RPUPMLQJLHKFFAH48CA,成功段,20.38,都市：住
RPUPMLQJLHKFFAH48CA,成功段,5.19,都市：其他
RPRPMLQJLHKFFAH18CA,中路段,14.96,都市：住
RPUQMLQJLHKFFAH58CA,中埔段,37.72,都市：住
RPUQMLQJLHKFFAH58CA,中埔段,2.84,都市：住
RPQOMLQLKHKFFAH08CA,公西段,70.59,都市：其他
RPQNMLNLLHKFFBH87CA,普仁段,.76,都市：農
RPQNMLNLLHKFFBH87CA,普仁段,15.73,都市：農
RPQNMLNLLHKFFBH87CA,普仁段,10.29,都市：農
RPQNMLNLLHKFFBH87CA,普仁段,2.01,都市：農
RPQNMLNLLHKFFBH87CA,普仁段,14.27,都市：農
RPQNMLNLLHKFFBH87CA,普仁段,12.37,都市：農
RPQNMLNLLHKFFBH87CA,普仁段,6.77,都市：農
RPQNMLNLLHKFFBH87CA,普仁段,8.20,都市：農
RPQNMLNLLHKFFBH87CA,普仁段,4.62,都市：農
RPQNMLNLLHKFFBH87CA,普仁段,6.36,都市：農
RPQNMLNLLHKFFBH87CA,普仁段,10.60,都市：農
RPQNMLNLLHKFFBH87CA,普仁段,12.46,都市：農
RPRNMLOJLHKFFAH77CA,中德段,83.70,非都市：特定農業區 ; 非都市編定：甲種建築用地
RPWQMLKKLHKFFAH28CA,大有段,20.87,都市：住
RPPNMLPLKHKFFAH77CA,中路段,50.00,都市：其他
RPQOMLPLKHKFFAH97CA,楓樹坑段楓樹坑小段,277.00,都市：其他
RPVOMLPLKHKFFAH48CA,皮寮段,25.51,都市：農
RPVOMLPLKHKFFAH48CA,皮寮段,38.27,都市：農
RPVOMLPLKHKFFAH48CA,皮寮段,31.33,都市：農
RPVOMLPLKHKFFAH48CA,皮寮段,47.00,都市：農
RPVOMLPLKHKFFAH48CA,皮寮段,14.17,都市：農
RPVOMLPLKHKFFAH48CA,皮寮段,21.25,都市：農
RPVOMLPLKHKFFAH48CA,皮寮段,11.59,都市：農
RPVOMLPLKHKFFAH48CA,皮寮段,17.39,都市：農
RPQQMLPLKHKFFAH18CA,中埔段,7.16,都市：住
RPVQMLPLKHKFFAH68CA,慈文段,22.42,都市：住
RPRNMLPLKHKFFAH97CA,和平段,12.26,都市：住
RPPPMLPLKHKFFAH97CA,兔子坑段大湖頂小段,48.00,非都市：山坡地保育區 ; 非都市編定：丙種建築用地
RPQPMLPLKHKFFAH08CA,兔子坑段大湖頂小段,32.00,非都市：山坡地保育區 ; 非都市編定：丙種建築用地
RPTNMLPLKHKFFAH18CA,中路段,3.21,都市：住
RPTNMLPLKHKFFAH18CA,中路段,.94,都市：住
RPVNMLPLKHKFFAH38CA,寶山段,44.26,都市：住
RPOPMLPLKHKFFAH87CA,兔子坑段大湖頂小段,30.87,非都市：山坡地保育區 ; 非都市編定：農牧用地
RPROMLPLKHKFFAH08CA,和平段,17.27,都市：住
RPWQMLQLKHKFFAH88CA,富國段,2.49,都市：住
RPVNMLNKLHKFFAH18CA,慈文段,40.89,都市：住
RPWNMLLMLHKFFAH28CA,垹坡段,164.41,都市：其他
RPWNMLLMLHKFFAH28CA,垹坡段,14.05,都市：其他
RPWNMLLMLHKFFAH28CA,公華段,4.33,都市：其他
RPWNMLLMLHKFFAH28CA,公華段,1.68,都市：其他
RPWNMLLMLHKFFAH28CA,公華段,1.51,都市：其他
RPWNMLLMLHKFFAH28CA,公華段,2.84,都市：其他
RPSNMLQLKHKFFAH18CA,埔子段埔子小段,21.58,都市：住
RPPPMLKMLHKFFAH67CA,國強段,105.14,都市：其他
RPPPMLKMLHKFFAH67CA,國強段,129.24,都市：其他
RPPPMLKMLHKFFAH67CA,國強段,1.93,都市：其他
RPPPMLKMLHKFFAH67CA,中平段,41.19,都市：其他
RPPPMLKMLHKFFAH67CA,中平段,20.42,都市：其他
RPPPMLKMLHKFFAH67CA,龍祥段,33.91,都市：其他
RPPPMLKMLHKFFAH67CA,桃圳段,17.69,都市：其他
RPPPMLKMLHKFFAH67CA,桃圳段,18.71,都市：其他
RPPPMLKMLHKFFAH67CA,桃圳段,16.60,都市：其他
RPPPMLQLKHKFFAH08CA,慈文段,29.75,都市：住
RPWPMLQLKHKFFAH78CA,慈文段,22.37,都市：住
RPQPMLQLKHKFFAH18CA,慈文段,22.37,都市：住
RPOPMLQLKHKFFAH97CA,慈文段,29.75,都市：住
RPSPMLQLKHKFFAH38CA,慈文段,22.37,都市：住
RPWRMLQLKHKFFAH98CA,建新段,16.92,都市：住
RPXPMLQLKHKFFAH88CA,慈文段,29.96,都市：住
RPXOMLOLKHKFFAH58CA,幸褔段,21.07,非都市：鄉村區 ; 非都市編定：乙種建築用地
RPPPMLMJLHKFFAH57CA,新埔段,6.64,都市：住
RPRRMLQLKHKFFAH48CA,大興段,27.00,都市：住
RPSRMLQLKHKFFAH58CA,大興段,5.16,都市：住
RPSRMLQLKHKFFAH58CA,大興段,.02,都市：其他
RPSRMLQLKHKFFAH58CA,大興段,.00,都市：其他
RPVNMLMLLHKFFAH18CA,中平段,305.36,都市：其他
RPTNMLMLLHKFFAH97CA,龍壽段,11.00,都市：其他
RPTNMLMLLHKFFAH97CA,龍壽段,11.41,都市：其他
RPUNMLMLLHKFFAH08CA,龍鳳段,30.89,都市：其他
RPXPMLRKLHKFFAH98CA,桃鶯段,89.79,都市：工
RPXPMLRKLHKFFAH98CA,桃鶯段,.05,都市：工
RPWNMLMLLHKFFAH28CA,國強段,126.43,都市：其他
RPWNMLMLLHKFFAH28CA,龍祥段,460.03,都市：其他
RPXNMLMLLHKFFAH38CA,龍鳳段,1.30,都市：其他
RPRNMLRLKHKFFAH18CA,文化段,38.03,都市：住
RPPOMLMLLHKFFAH67CA,中正段,60.73,都市：其他
RPPOMLMLLHKFFAH67CA,中正段,31.20,都市：其他
RPPOMLMLLHKFFAH67CA,江南段,12.59,都市：其他
RPPOMLMLLHKFFAH67CA,江南段,15.03,都市：其他
RPPOMLMLLHKFFAH67CA,龍鳳段,7.87,都市：其他
RPPOMLMLLHKFFAH67CA,龍鳳段,3.20,都市：其他
RPPOMLMLLHKFFAH67CA,龍鳳段,.39,都市：其他
RPPOMLMLLHKFFAH67CA,龍鳳段,7.80,都市：其他
RPPOMLMLLHKFFAH67CA,龍祥段,117.25,都市：其他
RPPOMLMLLHKFFAH67CA,龍壽段,3.15,都市：其他
RPRNMLMLLHKFFAH77CA,龍祥段,460.03,都市：其他
RPRNMLMLLHKFFAH77CA,龍祥段,33.91,都市：其他
RPQNMLMLLHKFFAH67CA,國聖段,108.08,都市：其他
RPQOMLMLLHKFFAH77CA,國強段,8.80,都市：其他
RPQOMLMLLHKFFAH77CA,國強段,93.22,都市：其他
RPQOMLMLLHKFFAH77CA,國強段,36.81,都市：其他
RPQOMLMLLHKFFAH77CA,龍祥段,8.95,都市：其他
RPQOMLMLLHKFFAH77CA,龍祥段,160.49,都市：其他
RPQOMLMLLHKFFAH77CA,龍壽段,196.35,都市：其他
RPQOMLMLLHKFFAH77CA,龍壽段,9.25,都市：其他
RPRNMLSJLHKFFAH18CA,埔子段埔子小段,20.79,都市：住
RPSNMLSJLHKFFAH28CA,龍鳳段,18.90,都市：住
RPSNMLSJLHKFFAH28CA,龍鳳段,.00,都市：其他
RPVOMLOJLHKFFAH28CA,忠義段,10.34,都市：住
RPOQMLQJLHKFFAH97CA,龍祥段,13.01,都市：商
RPPNMLTKLHKFFAH18CA,福元段,18.26,都市：住
RPTNMLTKLHKFFAH58CA,埔子段埔子小段,.22,都市：住
RPTNMLTKLHKFFAH58CA,埔子段埔子小段,.02,都市：住
RPTNMLTKLHKFFAH58CA,埔子段埔子小段,14.38,都市：住
RPTNMLTKLHKFFAH58CA,埔子段埔子小段,.22,都市：住
RPTNMLTKLHKFFAH58CA,埔子段埔子小段,1.22,都市：住
RPTNMLTKLHKFFAH58CA,埔子段埔子小段,2.73,都市：住
RPVOMLLKLHKFFAH08CA,龍壽段,34.02,都市：住
RPRPMLLKLHKFFBH87CA,青溪段,62.02,都市：住
RPSOMLNJLHKFFAH87CA,桃鶯段,28.73,都市：住
RPUNMLKKLHKFFBH87CA,榮民段,113.43,都市：住
RPPPMLLKLHKFFBH67CA,青溪段,41.59,都市：住
RPOOMLQJLHKFFAH77CA,大樹林段,26.64,都市：住
RPOOMLQJLHKFFAH77CA,大樹林段,.56,都市：住
RPTQMLLKLHKFFBH18CA,青溪段,33.98,都市：住
RPWPMLOJLHKFFBH58CA,仁祥段,24.38,都市：住
RPXNMLPLKHKFFBH68CA,自立段,35.64,都市：住
RPROMLPLKHKFFBH18CA,富強段,4.96,都市：住
RPPNMLOKLHKFFBH77CA,普義段,8.00,都市：住
RPSPMLPLKHKFFBH38CA,普義段,29.48,都市：住
RPSOMLMJLHKFFBH87CA,工業區段二小段,99.00,非都市：工業區 ; 非都市編定：丁種建築用地
RPVNMLPLKHKFFBH48CA,中壢埔頂段,4.41,都市：住
RPQNMLMJLHKFFBH57CA,忠福段,21.65,都市：住
RPUNMLTJLHKFFCH78CA,三洽水段,.62,非都市：山坡地保育區 ; 非都市編定：丙種建築用地
RPUNMLTJLHKFFCH78CA,三洽水段,147.00,非都市：山坡地保育區 ; 非都市編定：丙種建築用地
RPUNMLTJLHKFFCH78CA,三洽水段,3.33,非都市：山坡地保育區 ; 非都市編定：丙種建築用地
RPUNMLTJLHKFFCH78CA,三洽水段,34.69,非都市：山坡地保育區 ; 非都市編定：丙種建築用地
RPXNMLQLKHKFFCH88CA,民有段,1734.48,都市：農
RPVNMLPLKHKFFCH58CA,凌雲段,338.34,都市：農
RPUNMLNJLHKFFCH18CA,水流東段,9469.00,都市：其他
RPSOMLPLKHKFFCH38CA,南龍段,27.57,都市：住
RPSOMLPLKHKFFCH38CA,南龍段,.26,都市：住
RPQNMLMJLHKFFCH67CA,凌雲段,339.34,都市：農
RPSNMLQKLHKFFAH18CA,大有段,25.57,都市：住
RPWNMLOLKHKFFDH68CA,幼獅段,340.97,非都市：工業區 ; 非都市編定：水利用地
RPSPMLQLLHKFFBH58CA,內厝段,1164.00,非都市：特定農業區 ; 非都市編定：農牧用地
RPROMLOJLHKFFDH18CA,二重溪段,10.62,都市：住
RPTQMLPLLHKFFBH68CA,中寮段,25.03,都市：住
RPURMLNKMHKFFAH58CA,大有段,17.96,都市：住
RPSNMLQJLHKFFDH38CA,大金山下段大金山下小段,17.31,都市：住
RPRNMLQJLHKFFDH28CA,大金山下段大金山下小段,17.31,都市：住
RPQOMLQJLHKFFDH28CA,大金山下段大金山下小段,16.98,都市：住
RPXNMLQJLHKFFDH88CA,大金山下段大金山下小段,17.31,都市：住
RPWNMLQJLHKFFDH78CA,大金山下段大金山下小段,17.31,都市：住
RPVNMLQJLHKFFDH68CA,大金山下段大金山下小段,17.31,都市：住
RPTNMLQJLHKFFDH48CA,大金山下段大金山下小段,17.31,都市：住
RPPOMLQJLHKFFDH18CA,大金山下段大金山下小段,17.31,都市：住
RPUNMLQJLHKFFDH58CA,大金山下段大金山下小段,17.31,都市：住
RPOOMLQJLHKFFDH08CA,大金山下段大金山下小段,17.31,都市：住
RPROMLQJLHKFFDH38CA,大金山下段大金山下小段,16.98,都市：住
RPSOMLQJLHKFFDH48CA,大金山下段大金山下小段,16.98,都市：住
RPQQMLTJLHKFFDH78CA,埔頂段埔頂小段,15.26,非都市：特定農業區 ; 非都市編定：甲種建築用地
RPQQMLTJLHKFFDH78CA,埔頂段埔頂小段,87.00,非都市：特定農業區 ; 非都市編定：甲種建築用地
RPUOMLQJLHKFFDH68CA,大金山下段大金山下小段,16.98,都市：住
RPTOMLQJLHKFFDH58CA,大金山下段大金山下小段,16.98,都市：住
RPVOMLQJLHKFFDH78CA,大金山下段大金山下小段,16.98,都市：住
RPOOMLKKLHKFFDH57CA,大金山下段大金山下小段,23.58,都市：住
RPXNMLKKLHKFFDH38CA,大金山下段大金山下小段,23.58,都市：住
RPWNMLKKLHKFFDH28CA,大金山下段大金山下小段,23.58,都市：住
RPVNMLKKLHKFFDH18CA,大金山下段大金山下小段,23.58,都市：住
RPQPMLTJLHKFFDH68CA,大金山下段大金山下小段,16.98,都市：住
RPRPMLTJLHKFFDH78CA,大金山下段大金山下小段,16.98,都市：住
RPUNMLKKLHKFFDH08CA,大金山下段大金山下小段,16.98,都市：住
RPTNMLKKLHKFFDH97CA,大金山下段大金山下小段,16.98,都市：住
RPSPMLTJLHKFFDH88CA,大金山下段大金山下小段,16.98,都市：住
RPSNMLKKLHKFFDH87CA,大金山下段大金山下小段,16.98,都市：住
RPPOMLTJLHKFFDH48CA,大金山下段大金山下小段,23.58,都市：住
RPWNMLTJLHKFFDH09CA,大金山下段大金山下小段,23.58,都市：住
RPVOMLTJLHKFFDH09CA,大金山下段大金山下小段,23.58,都市：住
RPVNMLTJLHKFFDH98CA,大金山下段大金山下小段,23.58,都市：住
RPQOMLTJLHKFFDH58CA,大金山下段大金山下小段,23.58,都市：住
RPUOMLTJLHKFFDH98CA,大金山下段大金山下小段,23.58,都市：住
RPXNMLTJLHKFFDH56CA,大金山下段大金山下小段,23.58,都市：住
RPOOMLTJLHKFFDH38CA,大金山下段大金山下小段,23.58,都市：住
RPWOMLTJLHKFFDH56CA,大金山下段大金山下小段,23.58,都市：住
RPTOMLTJLHKFFDH88CA,大金山下段大金山下小段,23.58,都市：住
RPSNMLPLKHKFFEH48CA,坑子外段草子崎小段,118.59,都市：其他
RPSNMLPLKHKFFEH48CA,坑子外段草子崎小段,46.89,都市：其他
RPROMLOJLHKFFEH28CA,文中段,251.34,都市：農
RPROMLOJLHKFFEH28CA,文中段,251.34,都市：農
RPSOMLPLKHKFFEH58CA,錦明段,.00,都市：其他
RPSPMLMJLHKFFEH28CA,錦興段,24.08,都市：住
RPPNMLRLKHKFFEH38CA,五福段,24.69,都市：住
RPXOMLTJLHKFFDH66CA,大金山下段大金山下小段,16.98,都市：住
RPOPMLTJLHKFFDH48CA,大金山下段大金山下小段,16.98,都市：住
RPQOMLPLKHKFFEH38CA,五福段,14.22,都市：住
RPOPMLOJLHKFFEH08CA,橫山段湳子小段,165.29,非都市：特定農業區 ; 非都市編定：農牧用地
RPPOMLLKLHKFFDH77CA,幼獅段,105.66,都市：農
RPVNMLTJLHKFFEH09CA,富興段,330.57,都市：農
RPSNMLMLLHKFFEH28CA,錦興段,29.15,都市：其他
RPTNMLNLLHKFFEH48CA,坑子外段草子崎小段,233.00,都市：其他
RPUNMLMLLHKFFEH48CA,文中段,74.16,都市：其他
RPQNMLMLLHKFFEH08CA,錦興段,173.26,都市：其他
RPRNMLMLLHKFFEH18CA,錦興段,39.49,都市：其他
RPTNMLMLLHKFFEH38CA,新福段,4.25,都市：其他
RPTNMLMLLHKFFEH38CA,新福段,1.12,都市：其他
RPTNMLMLLHKFFEH38CA,新福段,37.24,都市：其他
RPTNMLMLLHKFFEH38CA,文中段,123.40,都市：其他
RPTNMLMLLHKFFEH38CA,文中段,6.66,都市：其他
RPTNMLMLLHKFFEH38CA,文中段,20.60,都市：其他
RPSNMLNLLHKFFEH38CA,坑子外段草子崎小段,401.00,都市：其他
RPUNMLKLLHKFFEH28CA,青峰段,31.14,都市：住
RPTNMLKLLHKFFEH18CA,青峰段,34.47,都市：住
RPTNMLOJLHKFFFH48CA,興豐段,62.17,都市：住
RPUNMLNLLHKFFEH58CA,坑子外段草子崎小段,74.00,都市：其他
RPOPMLTJLHKFFGH78CA,南勢段,.43,都市：住
RPOPMLTJLHKFFGH78CA,南勢段,76.12,都市：住
RPOPMLTJLHKFFGH78CA,南勢段,.36,都市：住
RPTNMLNJLHKFFFH38CA,青溪段,88.93,都市：住
RPUNMLTJLHKFFFH09CA,瑞豐段,21.51,非都市：鄉村區 ; 非都市編定：乙種建築用地
RPWNMLQLKHKFFAH68DA,中路段,22.00,都市：其他
RPTNMLMJLHKFFGH38CA,廣南段,5.57,都市：住
RPSOMLQLKHKFFBH48DA,興南段興南小段,3.80,都市：商
RPUNMLRLLHKFFAH78EA,同安段,183.00,都市：住
RPUNMLRLLHKFFAH78EA,同安段,7.00,都市：其他
RPUNMLTJLHKFFBH88EA,內壢段,130.38,都市：農
RPOPMLOLKHKFFGH48DA,富貴段,39.65,非都市：特定農業區 ; 非都市編定：農牧用地
RPVNMLPJLHKFFAH38DA,國聖段,21.36,都市：住
RPTNMLOJLHKFFAH08DA,國聖段,8.81,都市：住
RPRNMLRLKHKFFBH38DA,仁美段,13.70,都市：商
RPXNMLQLKHKFFDH09DA,二重溪段,77.00,都市：住
RPRNMLQLKHKFFAH28EA,龍安段,18.33,都市：住
RPQNMLMLLHKFFFH18CA,高城段,56.79,都市：其他
RPQNMLMLLHKFFFH18CA,高明段,146.86,都市：其他
RPQNMLMLLHKFFFH18CA,高明段,108.72,都市：其他
RPRNMLMLLHKFFFH28CA,高明段,8.96,都市：其他
RPRNMLMLLHKFFFH28CA,高明段,4.10,都市：其他
RPSNMLMLLHKFFFH38CA,茄明段,107.22,都市：其他
RPSNMLMLLHKFFFH38CA,高明段,2.38,都市：其他
RPSNMLMLLHKFFFH38CA,高明段,35.89,都市：其他
RPSNMLMLLHKFFFH38CA,高明段,26.59,都市：其他
RPSNMLMLLHKFFFH38CA,永豐段,238.81,都市：其他
RPRNMLOJLHKFFFH38DA,前程段,6.41,都市：商
RPOOMLKLLHKFFFH97DA,大勇段,30.02,都市：住
RPUNMLNKLHKFFFH58CA,大庄段,25.50,非都市：鄉村區 ; 非都市編定：乙種建築用地
RPRNMLPLKHKFFGH78EA,富貴段,31.71,非都市：特定農業區 ; 非都市編定：農牧用地
RPQOMLLKLHKFFDH08EA,草湳坡段埔心小段,24.78,都市：住
RPQOMLLKLHKFFDH08EA,草湳坡段埔心小段,3.43,都市：住
RPQNMLPLKHKFFEH48EA,五塊厝段大埔小段,1520.00,非都市：特定農業區 ; 非都市編定：甲種建築用地
RPROMLOLKHKFFDH48EA,民豐段,1.48,非都市：特定農業區 ; 非都市編定：農牧用地
RPSOMLOLKHKFFDH58EA,民豐段,2.95,非都市：特定農業區 ; 非都市編定：農牧用地
RPSOMLOLKHKFFDH58EA,民豐段,29.77,非都市：特定農業區 ; 非都市編定：農牧用地
RPSOMLOLKHKFFDH58EA,民豐段,12.21,非都市：特定農業區 ; 非都市編定：農牧用地
RPSOMLOLKHKFFDH58EA,民豐段,5.55,非都市：特定農業區 ; 非都市編定：農牧用地
RPTNMLQLKHKFFFH88DA,大華段,21.06,都市：住
RPSNMLQLKHKFFFH78DA,大和段,40.21,都市：住
RPOOMLNKLHKFFEH18EA,橫山段湳子小段,22.00,都市：農
RPOOMLNKLHKFFCH97EA,武嶺段,31.29,都市：其他
RPOOMLNKLHKFFCH97EA,武嶺段,5.44,都市：商
RPOOMLNKLHKFFCH97EA,武嶺段,16.94,都市：商
RPOOMLNKLHKFFCH97EA,武嶺段,111.18,都市：商
RPOOMLNKLHKFFCH97EA,武嶺段,17.62,都市：商
RPPNMLSJLHKFFDH38DA,新洲段,14.51,都市：住
RPRNMLQJLHKFFGH78EA,廣東段,12.44,都市：住
RPPNMLQLKHKFFCH18DA,田心子段下田心子小段,26.00,都市：農
RPPNMLQLKHKFFCH18DA,田心子段下田心子小段,92.00,非都市：風景區 ; 非都市編定：丁種建築用地
RPOPMLQLKHKFFAH18EA,大崗段,99.11,都市：其他
RPTNMLQLKHKFFCH68EA,烏塗窟段,1000.00,非都市：山坡地保育區 ; 非都市編定：農牧用地
RPQOMLMJLHKFFGH38EA,六和段,27.91,都市：住
RPPPMLNJLHKFFBH87DA,大崙段,82.75,非都市：特定農業區 ; 非都市編定：農牧用地
RPPOMLSKLHKFFEH68DA,河底段,4.96,都市：住
RPWNMLPJLHKFFDH78DA,下田心子段赤牛欄小段,737.84,非都市：特定農業區 ; 非都市編定：農牧用地
RPXNMLPJLHKFFDH88DA,下田心子段赤牛欄小段,1294.92,非都市：特定農業區 ; 非都市編定：農牧用地
RPPOMLPJLHKFFDH18DA,下田心子段赤牛欄小段,1136.28,非都市：特定農業區 ; 非都市編定：農牧用地
RPXSMLNKLHKFFBH09DA,後興段,13.80,都市：住
RPQNMLRLKHKFFGH78DA,復旦段,19.14,都市：住
RPXNMLMJLHKFFFH68CA,竹園段,156.37,非都市：特定農業區 ; 非都市編定：農牧用地
RPXNMLMJLHKFFFH68CA,竹園段,156.28,非都市：特定農業區 ; 非都市編定：農牧用地
RPQPMLMJLHKFFAH77DA,福元段,15.95,都市：住
RPSNMLMJLHKFFGH28CA,湧安段,60.42,都市：住
RPSNMLMJLHKFFGH28CA,湧安段,62.01,都市：住
RPQOMLQJLHKFFFH48CA,瑞祥段,2481.59,非都市：特定專用區 ; 非都市編定：農牧用地
RPQOMLQJLHKFFFH48CA,瑞祥段,290.97,非都市：特定專用區 ; 非都市編定：農牧用地
RPQOMLQJLHKFFFH48CA,瑞祥段,9725.38,非都市：特定專用區 ; 非都市編定：農牧用地
RPSNMLPJLHKFFFH48CA,榮興段,89.24,非都市：特定農業區 ; 非都市編定：農牧用地
RPTNMLMKLHKFFGH48CA,金龍段,60.49,非都市：鄉村區 ; 非都市編定：乙種建築用地
RPVSMLMJLHKFFEH88CA,五塊厝段大埔小段,450.00,非都市：特定農業區 ; 非都市編定：甲種建築用地
RPVSMLMJLHKFFEH88CA,五塊厝段大埔小段,170.00,非都市：特定農業區 ; 非都市編定：甲種建築用地
RPPOMLKKLHKFFEH77CA,水尾段,11.75,都市：其他
RPQOMLKKLHKFFEH87CA,水尾段,.80,都市：其他
RPPOMLNJLHKFFAH67DA,國聖段,8.91,都市：住
RPOOMLPJLHKFFBH97EA,自立段,101.00,都市：住
RPROMLKKLHKFFEH97CA,水尾段,50.95,都市：工
RPQNMLRKLHKFFEH48CA,水尾段,92.59,都市：工
RPQNMLRKLHKFFEH48CA,水尾段,146.36,都市：工
RPPPMLQJLHKFFDH28CA,楊湖段,1408.00,非都市：特定農業區 ; 非都市編定：農牧用地
RPSNMLKMLHKFFFH48EA,瑞祥段,1.84,非都市：鄉村區 ; 非都市編定：乙種建築用地
RPUOMLOLLHKFFEH78CA,許厝港段,23.01,非都市：一般農業區 ; 非都市編定：甲種建築用地
RPPNMLMKLHKFFFH97CA,福興段,22.57,都市：商
RPUOMLPLKHKFFCH58CA,內柵段埔尾小段,925.00,非都市：風景區 ; 非都市編定：林業用地
RPUOMLPLKHKFFCH58CA,內柵段埔尾小段,617.00,非都市：風景區 ; 非都市編定：林業用地
RPPNMLNKLHKFFFH08CA,大和段,18.56,都市：住
RPPOMLMKLHKFFDH87CA,富岡段,.95,非都市：特定農業區 ; 非都市編定：甲種建築用地
RPPOMLMKLHKFFDH87CA,富岡段,5.89,非都市：特定農業區 ; 非都市編定：甲種建築用地
RPPOMLMKLHKFFDH87CA,富岡段,12.29,非都市：特定農業區 ; 非都市編定：甲種建築用地
RPPOMLMKLHKFFDH87CA,富岡段,60.00,非都市：特定農業區 ; 非都市編定：甲種建築用地
RPUNMLMJLHKFFCH08CA,三光段,64.00,非都市：山坡地保育區 ; 非都市編定：丙種建築用地
RPUNMLMJLHKFFCH08CA,三光段,436.00,非都市：山坡地保育區 ; 非都市編定：丙種建築用地
RPVOMLMJLHKFFCH28CA,三光段,6330.00,非都市：山坡地保育區 ; 非都市編定：林業用地
RPUOMLPJLHKFFCH48CA,石屯段上石屯小段,264.00,都市：工
RPUOMLPJLHKFFCH48CA,石屯段上石屯小段,251.00,都市：工
RPTNMLRKLHKFFDH68CA,秀才段,47.98,非都市：一般農業區 ; 非都市編定：甲種建築用地
RPTOMLMJLHKFFBH97CA,保障段,2036.06,非都市：一般農業區 ; 非都市編定：農牧用地
RPOOMLNKLHKFFCH77CA,銅鑼圈段,123.04,非都市：山坡地保育區 ; 非都市編定：丁種建築用地
RPOOMLNKLHKFFCH77CA,銅鑼圈段,1414.00,非都市：山坡地保育區 ; 非都市編定：丁種建築用地
RPOOMLNKLHKFFCH77CA,銅鑼圈段,27.34,非都市：山坡地保育區 ; 非都市編定：丁種建築用地
RPOOMLNKLHKFFCH77CA,四方林段四方林小段,34.01,非都市：山坡地保育區 ; 非都市編定：丁種建築用地
RPOOMLNKLHKFFCH77CA,四方林段四方林小段,1168.00,非都市：山坡地保育區 ; 非都市編定：丁種建築用地
RPTOMLQLKHKFFBH48CA,工業區段二小段,83.00,非都市：工業區 ; 非都市編定：丁種建築用地
RPRNMLQKLHKFFEH48CA,內興段,738.51,都市：農
RPQNMLNJLHKFFBH67CA,三座屋段舊社小段,11.75,都市：住
RPQNMLNJLHKFFBH67CA,三座屋段舊社小段,2.83,都市：住
RPQNMLNJLHKFFBH67CA,三座屋段舊社小段,22.83,都市：住
RPQNMLNJLHKFFBH67CA,三座屋段舊社小段,40.17,都市：住
RPQNMLNJLHKFFBH67CA,三座屋段舊社小段,2.58,都市：住
RPQNMLNJLHKFFBH67CA,三座屋段舊社小段,.42,都市：住
RPROMLRKLHKFFCH48CA,仁義段,13.19,都市：住
RPTNMLQKLHKFFEH68CA,內興段,110.86,都市：農
RPTNMLQKLHKFFEH68CA,內興段,130.63,都市：農
RPTNMLQKLHKFFEH68CA,八股段,76.18,都市：農
RPVOMLMJLHKFFBH18CA,東寮段,16.60,都市：住
RPROMLNJLHKFFBH87CA,培英段,24.51,都市：住
RPSNMLOJLHKFFCH08CA,中興段,79.47,非都市：鄉村區 ; 非都市編定：乙種建築用地
RPSOMLNJLHKFFBH97CA,培英段,24.51,都市：住
RPTPMLQKLHKFFEH88CA,青峰段,65.82,都市：住
RPRQMLOJLHKFFBH18CA,後寮段,29.80,都市：住
RPTNMLKKLHKFFCH87CA,仁善段,86.78,都市：住
RPUOMLQJLHKFFBH48CA,中原段,20.96,都市：其他
RPWOMLTJLHKFFBH98CA,中原段,31.43,都市：其他
RPWOMLTJLHKFFBH98CA,中原段,6.83,都市：其他
RPXOMLTJLHKFFBH09CA,中原段,27.33,都市：其他
RPPQMLOJLHKFFAH87CA,西埔段,20.83,都市：住
RPUQMLPLLHKFFBH78CA,廣興段,73.27,非都市：特定農業區 ; 非都市編定：甲種建築用地
RPWPMLMKLHKFFBH48CA,興南段興南小段,1.00,都市：住
RPWPMLMKLHKFFBH48CA,興南段興南小段,75.00,都市：住
RPTOMLTJLHKFFBH68CA,中壢埔頂段,3.07,都市：住
RPSPMLMJLHKFFAH87CA,楓樹坑段楓樹坑小段,1.31,都市：其他
RPSPMLMJLHKFFAH87CA,楓樹坑段楓樹坑小段,5.99,都市：其他
RPSOMLKKLHKFFAH67CA,大有段,18.64,都市：住
RPXOMLKKLHKFFAH18CA,富國段,24.61,都市：住
RPXNMLKKLHKFFAH08CA,大有段,19.12,都市：住
RPROMLKKLHKFFAH57CA,大有段,24.38,都市：住
RPOOMLKKLHKFFAH27CA,大有段,17.69,都市：住
RPTRMLQLKHKFFAH68CA,新埔段,30.67,都市：住
RPPNMLQLKHKFFBH97CA,廣興段,102.45,非都市：特定農業區 ; 非都市編定：甲種建築用地
RPOPMLMKLHKFFAH57CA,迴龍段,.00,都市：其他
RPOPMLMKLHKFFAH57CA,迴龍段,25.28,都市：住
RPXPMLKKLHKFFAH28CA,福元段,12.57,都市：其他
RPVQMLQLKHKFFAH78CA,中山段,116.40,都市：住
RPPOMLTJLHKFFBH28CA,新街段,14.14,都市：住
RPVQMLTJLHKFFAH98CA,中路段,8.85,都市：住
RPPOMLNKLHKFFAH67CA,三元段,32.81,都市：住
RPRNMLMKLHKFFAH67CA,龍華段,12.99,都市：住
RPPOMLQJLHKFFAH87CA,龍鳳段,21.64,都市：住
RPWOMLOJLHKFFAH38CA,文化段,1.55,都市：商
RPSNMLQJLHKFFAH08CA,龍祥段,11.70,都市：商
RPUOMLOJLHKFFAH18CA,迴龍段,.00,都市：其他
RPUOMLOJLHKFFAH18CA,迴龍段,25.28,都市：住
RPRQMLNLLHKFFAH18CA,興華段,11.42,都市：住
RPVPMLOJLHKFFBH48CA,藍埔段,10.00,非都市：特定農業區 ; 非都市編定：甲種建築用地
RPVPMLOJLHKFFBH48CA,藍埔段,5.00,非都市：特定農業區 ; 非都市編定：甲種建築用地
RPRPMLOJLHKFFBH08CA,雙嶺段,17.80,都市：工
RPRPMLOJLHKFFBH08CA,雙嶺段,88.99,都市：工
RPTQMLQJLHKFFAH48CA,福元段,21.42,都市：住
RPTQMLQJLHKFFAH48CA,福元段,.95,都市：住
RPWNMLQJLHKFFAH48CA,龍祥段,14.53,都市：商
RPTNMLQJLHKFFAH18CA,龍祥段,18.10,都市：商
RPVNMLOJLHKFFAH18CA,大有段,79.06,都市：住
RPWNMLTJLHKFFAH78CA,富國段,11.63,都市：商
RPTNMLOJLHKFFBH08CA,五權段,41.33,都市：農
RPSOMLMKLHKFFAH87CA,桃鶯段,22.67,都市：住
RPUNMLKLLHKFFBH97CA,中北段,28.39,都市：工
RPUNMLSKLHKFFBH68CA,忠福段,15.39,都市：住
RPTOMLNJLHKFFBH08CA,普義段,200.00,都市：其他
RPTOMLNJLHKFFBH08CA,普義段,333.00,都市：其他
RPQOMLRKLHKFFBH28CA,大華段,86.00,都市：住
RPTPMLPLLHKFFBH58CA,雙嶺段,16.85,都市：商
RPTOMLOLLHKFFBH38CA,遠東段,7.04,都市：住
RPQPMLOLLHKFFBH18CA,環東段,21.18,都市：住
RPUOMLOLLHKFFBH48CA,石頭段,5.36,都市：住
RPVOMLOLLHKFFBH58CA,復興段,19.48,都市：住
RPPPMLPLLHKFFBH18CA,雙嶺段,17.88,都市：商
RPRNMLOJLHKFFBH87CA,五權段,41.33,都市：農
RPQPMLMJLHKFFBH77CA,上大段,1260.00,非都市：特定農業區 ; 非都市編定：農牧用地
RPPNMLOJLHKFFBH67CA,工業區段二小段,74.00,非都市：工業區 ; 非都市編定：丁種建築用地
RPSNMLNJLHKFFBH87CA,三座屋段舊社小段,1.37,都市：住
RPPPMLMJLHKFFBH67CA,三座屋段舊社小段,2.99,都市：住
RPSOMLOJLHKFFBH08CA,成功段,68.00,都市：住
RPROMLMJLHKFFBH77CA,復興段,31.50,都市：住
RPRNMLKMLHKFFAH67CA,埔子段北門埔子小段,28.47,都市：商
RPRNMLRKLHKFFCH38CA,仁武段,29.76,都市：住
RPRNMLRKLHKFFCH38CA,埔頂段,.32,都市：其他
RPRNMLRKLHKFFCH38CA,埔頂段,.07,都市：其他
RPRNMLRKLHKFFCH38CA,埔頂段,.19,都市：其他
RPRNMLRKLHKFFCH38CA,埔頂段,.07,都市：其他
RPRNMLRJLHKFFCH28CA,仁武段,48.41,都市：住
RPRNMLRJLHKFFCH28CA,埔頂段,.52,都市：其他
RPRNMLRJLHKFFCH28CA,埔頂段,.11,都市：其他
RPRNMLRJLHKFFCH28CA,埔頂段,.31,都市：其他
RPRNMLRJLHKFFCH28CA,埔頂段,.12,都市：其他
RPQOMLRJLHKFFCH28CA,仁武段,48.04,都市：住
RPQOMLRJLHKFFCH28CA,埔頂段,.52,都市：其他
RPQOMLRJLHKFFCH28CA,埔頂段,.11,都市：其他
RPQOMLRJLHKFFCH28CA,埔頂段,.30,都市：其他
RPQOMLRJLHKFFCH28CA,埔頂段,.12,都市：其他
RPOOMLRJLHKFFCH08CA,仁武段,29.76,都市：住
RPOOMLRJLHKFFCH08CA,埔頂段,.32,都市：其他
RPOOMLRJLHKFFCH08CA,埔頂段,.07,都市：其他
RPOOMLRJLHKFFCH08CA,埔頂段,.19,都市：其他
RPOOMLRJLHKFFCH08CA,埔頂段,.07,都市：其他
RPWNMLRJLHKFFCH78CA,仁武段,48.41,都市：住
RPWNMLRJLHKFFCH78CA,埔頂段,.52,都市：其他
RPWNMLRJLHKFFCH78CA,埔頂段,.11,都市：其他
RPWNMLRJLHKFFCH78CA,埔頂段,.31,都市：其他
RPWNMLRJLHKFFCH78CA,埔頂段,.12,都市：其他
RPXNMLRJLHKFFCH88CA,仁武段,29.76,都市：住
RPXNMLRJLHKFFCH88CA,埔頂段,.32,都市：其他
RPXNMLRJLHKFFCH88CA,埔頂段,.07,都市：其他
RPXNMLRJLHKFFCH88CA,埔頂段,.19,都市：其他
RPXNMLRJLHKFFCH88CA,埔頂段,.07,都市：其他
RPTNMLRJLHKFFCH48CA,仁武段,48.41,都市：住
RPTNMLRJLHKFFCH48CA,埔頂段,.52,都市：其他
RPTNMLRJLHKFFCH48CA,埔頂段,.11,都市：其他
RPTNMLRJLHKFFCH48CA,埔頂段,.31,都市：其他
RPTNMLRJLHKFFCH48CA,埔頂段,.12,都市：其他
RPPOMLRJLHKFFCH18CA,仁武段,29.76,都市：住
RPPOMLRJLHKFFCH18CA,埔頂段,.32,都市：其他
RPPOMLRJLHKFFCH18CA,埔頂段,.07,都市：其他
RPPOMLRJLHKFFCH18CA,埔頂段,.19,都市：其他
RPPOMLRJLHKFFCH18CA,埔頂段,.07,都市：其他
RPSNMLRJLHKFFCH38CA,埔頂段,.03,都市：其他
RPSNMLRJLHKFFCH38CA,埔頂段,.07,都市：其他
RPSNMLRJLHKFFCH38CA,埔頂段,.19,都市：其他
RPSNMLRJLHKFFCH38CA,埔頂段,.07,都市：其他
RPSNMLRJLHKFFCH38CA,仁武段,29.76,都市：住
RPUNMLRJLHKFFCH58CA,仁武段,48.41,都市：住
RPUNMLRJLHKFFCH58CA,埔頂段,.52,都市：其他
RPUNMLRJLHKFFCH58CA,埔頂段,.11,都市：其他
RPUNMLRJLHKFFCH58CA,埔頂段,.31,都市：其他
RPUNMLRJLHKFFCH58CA,埔頂段,.12,都市：其他
RPVNMLRJLHKFFCH68CA,仁武段,48.41,都市：住
RPVNMLRJLHKFFCH68CA,埔頂段,.52,都市：其他
RPVNMLRJLHKFFCH68CA,埔頂段,.11,都市：其他
RPVNMLRJLHKFFCH68CA,埔頂段,.31,都市：其他
RPVNMLRJLHKFFCH68CA,埔頂段,.12,都市：其他
RPUOMLRJLHKFFCH68CA,仁武段,64.24,都市：住
RPUOMLRJLHKFFCH68CA,埔頂段,.69,都市：其他
RPUOMLRJLHKFFCH68CA,埔頂段,.15,都市：其他
RPUOMLRJLHKFFCH68CA,埔頂段,.41,都市：其他
RPUOMLRJLHKFFCH68CA,埔頂段,.16,都市：其他
RPTOMLRJLHKFFCH58CA,仁武段,64.24,都市：住
RPTOMLRJLHKFFCH58CA,埔頂段,.69,都市：其他
RPTOMLRJLHKFFCH58CA,埔頂段,.15,都市：其他
RPTOMLRJLHKFFCH58CA,埔頂段,.41,都市：其他
RPTOMLRJLHKFFCH58CA,埔頂段,.16,都市：其他
RPPPMLRJLHKFFCH28CA,仁武段,48.04,都市：住
RPPPMLRJLHKFFCH28CA,埔頂段,.52,都市：其他
RPPPMLRJLHKFFCH28CA,埔頂段,.11,都市：其他
RPPPMLRJLHKFFCH28CA,埔頂段,.30,都市：其他
RPPPMLRJLHKFFCH28CA,埔頂段,.12,都市：其他
RPWOMLRJLHKFFCH88CA,仁武段,29.76,都市：住
RPWOMLRJLHKFFCH88CA,埔頂段,.32,都市：其他
RPWOMLRJLHKFFCH88CA,埔頂段,.07,都市：其他
RPWOMLRJLHKFFCH88CA,埔頂段,.19,都市：其他
RPWOMLRJLHKFFCH88CA,埔頂段,.07,都市：其他
RPQPMLRJLHKFFCH38CA,仁武段,64.24,都市：住
RPQPMLRJLHKFFCH38CA,埔頂段,.69,都市：其他
RPQPMLRJLHKFFCH38CA,埔頂段,.15,都市：其他
RPQPMLRJLHKFFCH38CA,埔頂段,.41,都市：其他
RPQPMLRJLHKFFCH38CA,埔頂段,.16,都市：其他
RPROMLRJLHKFFCH38CA,仁武段,64.61,都市：住
RPROMLRJLHKFFCH38CA,埔頂段,.70,都市：其他
RPROMLRJLHKFFCH38CA,埔頂段,.15,都市：其他
RPROMLRJLHKFFCH38CA,埔頂段,.41,都市：其他
RPROMLRJLHKFFCH38CA,埔頂段,.16,都市：其他
RPXOMLRJLHKFFCH98CA,仁武段,29.76,都市：住
RPXOMLRJLHKFFCH98CA,埔頂段,.32,都市：其他
RPXOMLRJLHKFFCH98CA,埔頂段,.07,都市：其他
RPXOMLRJLHKFFCH98CA,埔頂段,.19,都市：其他
RPXOMLRJLHKFFCH98CA,埔頂段,.07,都市：其他
RPSOMLRJLHKFFCH48CA,仁武段,64.61,都市：住
RPVOMLRJLHKFFCH78CA,仁武段,20.91,都市：住
RPSOMLRJLHKFFCH48CA,埔頂段,.70,都市：其他
RPVOMLRJLHKFFCH78CA,埔頂段,.23,都市：其他
RPSOMLRJLHKFFCH48CA,埔頂段,.15,都市：其他
RPVOMLRJLHKFFCH78CA,埔頂段,.05,都市：其他
RPSOMLRJLHKFFCH48CA,埔頂段,.41,都市：其他
RPVOMLRJLHKFFCH78CA,埔頂段,.13,都市：其他
RPSOMLRJLHKFFCH48CA,埔頂段,.16,都市：其他
RPVOMLRJLHKFFCH78CA,埔頂段,.05,都市：其他
RPTPMLRJLHKFFCH68CA,仁武段,64.61,都市：住
RPTPMLRJLHKFFCH68CA,埔頂段,.70,都市：其他
RPTPMLRJLHKFFCH68CA,埔頂段,.15,都市：其他
RPTPMLRJLHKFFCH68CA,埔頂段,.41,都市：其他
RPTPMLRJLHKFFCH68CA,埔頂段,.16,都市：其他
RPVPMLRJLHKFFCH88CA,仁武段,64.61,都市：住
RPVPMLRJLHKFFCH88CA,埔頂段,.70,都市：其他
RPVPMLRJLHKFFCH88CA,埔頂段,.15,都市：其他
RPVPMLRJLHKFFCH88CA,埔頂段,.41,都市：其他
RPVPMLRJLHKFFCH88CA,埔頂段,.16,都市：其他
RPOQMLRJLHKFFCH28CA,仁武段,48.04,都市：住
RPOQMLRJLHKFFCH28CA,埔頂段,.52,都市：其他
RPOQMLRJLHKFFCH28CA,埔頂段,.11,都市：其他
RPOQMLRJLHKFFCH28CA,埔頂段,.30,都市：其他
RPOQMLRJLHKFFCH28CA,埔頂段,.12,都市：其他
RPUPMLRJLHKFFCH78CA,仁武段,64.24,都市：住
RPUPMLRJLHKFFCH78CA,埔頂段,.69,都市：其他
RPUPMLRJLHKFFCH78CA,埔頂段,.15,都市：其他
RPUPMLRJLHKFFCH78CA,埔頂段,.41,都市：其他
RPUPMLRJLHKFFCH78CA,埔頂段,.16,都市：其他
RPSQMLRJLHKFFCH68CA,仁武段,48.41,都市：住
RPSQMLRJLHKFFCH68CA,埔頂段,.52,都市：其他
RPSQMLRJLHKFFCH68CA,埔頂段,.11,都市：其他
RPSQMLRJLHKFFCH68CA,埔頂段,.31,都市：其他
RPSQMLRJLHKFFCH68CA,埔頂段,.12,都市：其他
RPWPMLRJLHKFFCH98CA,仁武段,64.61,都市：住
RPWPMLRJLHKFFCH98CA,埔頂段,.70,都市：其他
RPWPMLRJLHKFFCH98CA,埔頂段,.15,都市：其他
RPWPMLRJLHKFFCH98CA,埔頂段,.41,都市：其他
RPQQMLRJLHKFFCH48CA,仁武段,48.41,都市：住
RPWPMLRJLHKFFCH98CA,埔頂段,.16,都市：其他
RPQQMLRJLHKFFCH48CA,埔頂段,.52,都市：其他
RPQQMLRJLHKFFCH48CA,埔頂段,.11,都市：其他
RPQQMLRJLHKFFCH48CA,埔頂段,.31,都市：其他
RPQQMLRJLHKFFCH48CA,埔頂段,.12,都市：其他
RPXPMLRJLHKFFCH09CA,仁武段,64.61,都市：住
RPXPMLRJLHKFFCH09CA,埔頂段,.70,都市：其他
RPXPMLRJLHKFFCH09CA,埔頂段,.15,都市：其他
RPXPMLRJLHKFFCH09CA,埔頂段,.41,都市：其他
RPXPMLRJLHKFFCH09CA,埔頂段,.16,都市：其他
RPPQMLRJLHKFFCH38CA,仁武段,29.76,都市：住
RPPQMLRJLHKFFCH38CA,埔頂段,.32,都市：其他
RPPQMLRJLHKFFCH38CA,埔頂段,.07,都市：其他
RPPQMLRJLHKFFCH38CA,埔頂段,.19,都市：其他
RPPQMLRJLHKFFCH38CA,埔頂段,.07,都市：其他
RPUQMLRJLHKFFCH88CA,仁武段,48.41,都市：住
RPUQMLRJLHKFFCH88CA,埔頂段,.52,都市：其他
RPUQMLRJLHKFFCH88CA,埔頂段,.11,都市：其他
RPUQMLRJLHKFFCH88CA,埔頂段,.31,都市：其他
RPUQMLRJLHKFFCH88CA,埔頂段,.12,都市：其他
RPRQMLRJLHKFFCH58CA,仁武段,48.41,都市：住
RPRQMLRJLHKFFCH58CA,埔頂段,.52,都市：其他
RPRQMLRJLHKFFCH58CA,埔頂段,.11,都市：其他
RPRQMLRJLHKFFCH58CA,埔頂段,.31,都市：其他
RPRQMLRJLHKFFCH58CA,埔頂段,.12,都市：其他
RPVQMLRJLHKFFCH98CA,仁武段,29.76,都市：住
RPVQMLRJLHKFFCH98CA,埔頂段,.32,都市：其他
RPVQMLRJLHKFFCH98CA,埔頂段,.07,都市：其他
RPVQMLRJLHKFFCH98CA,埔頂段,.19,都市：其他
RPVQMLRJLHKFFCH98CA,埔頂段,.07,都市：其他
RPSPMLQJLHKFFDH58CA,二重溪段,132.00,非都市：山坡地保育區 ; 非都市編定：丙種建築用地
RPPNMLPJLHKFFCH87CA,南興段南興小段,2.58,非都市：特定農業區 ; 非都市編定：甲種建築用地
RPPNMLPJLHKFFCH87CA,南興段南興小段,.90,非都市：特定農業區 ; 非都市編定：交通用地
RPPNMLPJLHKFFCH87CA,南興段南興小段,7.15,非都市：特定農業區 ; 非都市編定：農牧用地
RPPNMLPJLHKFFCH87CA,南興段南興小段,.68,非都市：特定農業區 ; 非都市編定：交通用地
RPPNMLPJLHKFFCH87CA,南興段南興小段,8.78,非都市：特定農業區 ; 非都市編定：農牧用地
RPPNMLPJLHKFFCH87CA,南興段南興小段,16.08,非都市：特定農業區 ; 非都市編定：甲種建築用地
RPPNMLPJLHKFFCH87CA,南興段南興小段,1.08,非都市：特定農業區 ; 非都市編定：交通用地
RPPNMLPJLHKFFCH87CA,南興段南興小段,51.48,非都市：特定農業區 ; 非都市編定：農牧用地
RPPNMLPJLHKFFCH87CA,南興段南興小段,8.97,非都市：特定農業區 ; 非都市編定：農牧用地
RPPNMLPJLHKFFCH87CA,南興段南興小段,8.40,非都市：特定農業區 ; 非都市編定：農牧用地
RPPNMLPJLHKFFCH87CA,南興段南興小段,33.74,非都市：特定農業區 ; 非都市編定：農牧用地
RPPNMLPJLHKFFCH87CA,南興段南興小段,.99,非都市：特定農業區 ; 非都市編定：農牧用地
RPPNMLPJLHKFFCH87CA,南興段南興小段,17.98,非都市：一般農業區 ; 非都市編定：殯葬用地
RPPNMLPJLHKFFCH87CA,南興段南興小段,78.86,非都市：一般農業區 ; 非都市編定：農牧用地
RPPNMLPJLHKFFCH87CA,南興段南興小段,368.30,非都市：一般農業區 ; 非都市編定：農牧用地
RPPNMLPJLHKFFCH87CA,南興段南興小段,31.03,非都市：一般農業區 ; 非都市編定：農牧用地
RPSNMLOJLHKFFDH18CA,下陰影窩段,201.27,非都市：特定農業區 ; 非都市編定：農牧用地
RPSNMLOJLHKFFDH18CA,下陰影窩段,180.27,非都市：特定農業區 ; 非都市編定：農牧用地
RPWQMLRJLHKFFCH09CA,仁武段,48.04,都市：住
RPWQMLRJLHKFFCH09CA,埔頂段,.52,都市：其他
RPWQMLRJLHKFFCH09CA,埔頂段,.11,都市：其他
RPWQMLRJLHKFFCH09CA,埔頂段,.30,都市：其他
RPWQMLRJLHKFFCH09CA,埔頂段,.12,都市：其他
SPVQMLRJLHKFFCH09CA,仁武段,29.76,都市：住
SPVQMLRJLHKFFCH09CA,埔頂段,.32,都市：其他
SPVQMLRJLHKFFCH09CA,埔頂段,.07,都市：其他
SPVQMLRJLHKFFCH09CA,埔頂段,.19,都市：其他
SPVQMLRJLHKFFCH09CA,埔頂段,.07,都市：其他
RPORMLRJLHKFFCH38CA,仁武段,48.41,都市：住
RPORMLRJLHKFFCH38CA,埔頂段,.52,都市：其他
RPORMLRJLHKFFCH38CA,埔頂段,.11,都市：其他
RPORMLRJLHKFFCH38CA,埔頂段,.31,都市：其他
RPORMLRJLHKFFCH38CA,埔頂段,.12,都市：其他
RPPRMLRJLHKFFCH48CA,仁武段,48.41,都市：住
RPPRMLRJLHKFFCH48CA,埔頂段,.52,都市：其他
RPPRMLRJLHKFFCH48CA,埔頂段,.11,都市：其他
RPPRMLRJLHKFFCH48CA,埔頂段,.31,都市：其他
RPPRMLRJLHKFFCH48CA,埔頂段,.12,都市：其他
RPXQMLRJLHKFFCH56CA,仁武段,48.04,都市：住
RPXQMLRJLHKFFCH56CA,埔頂段,.52,都市：其他
RPXQMLRJLHKFFCH56CA,埔頂段,.11,都市：其他
RPXQMLRJLHKFFCH56CA,埔頂段,.30,都市：其他
RPXQMLRJLHKFFCH56CA,埔頂段,.12,都市：其他
RPROMLKKLHKFFDH87CA,二重溪段,5.16,非都市：山坡地保育區 ; 非都市編定：丙種建築用地
RPROMLKKLHKFFDH87CA,二重溪段,6.38,非都市：山坡地保育區 ; 非都市編定：丙種建築用地
RPTNMLNJLHKFFEH28CA,南崁廟口段營盤坑小段,128.86,都市：其他
RPRNMLNJLHKFFEH08CA,南崁廟口段蕃子厝小段,24.69,都市：工
RPVNMLLKLHKFFDH28CA,長岡嶺段,35.72,非都市：山坡地保育區 ; 非都市編定：丙種建築用地
RPWRMLMJLHKFFEH88CA,大新段,82.11,都市：住
RPPPMLOJLHKFFEH18CA,青峰段,29.88,都市：住
RPSOMLOJLHKFFEH38CA,北港段,22.75,非都市：工業區 ; 非都市編定：丁種建築用地
RPTOMLOJLHKFFEH48CA,北港段,22.75,非都市：工業區 ; 非都市編定：丁種建築用地
RPTNMLPJLHKFFFH58CA,豐田段,25.97,都市：住
RPRNMLQLKHKFFEH48CA,竹圍段拔子林小段,155.19,非都市：特定農業區 ; 非都市編定：甲種建築用地
RPWOMLNJLHKFFFH78CA,茄明段,8.27,都市：住
RPSNMLQJLHKFFCH28CA,埔頂段,.05,都市：其他
RPSNMLQJLHKFFCH28CA,埔頂段,.11,都市：其他
RPSNMLQJLHKFFCH28CA,埔頂段,.30,都市：其他
RPSNMLQJLHKFFCH28CA,埔頂段,.12,都市：其他
RPSNMLQJLHKFFCH28CA,仁武段,48.04,都市：住
RPUNMLQJLHKFFCH48CA,仁武段,48.41,都市：住
RPUNMLQJLHKFFCH48CA,埔頂段,.52,都市：其他
RPUNMLQJLHKFFCH48CA,埔頂段,.11,都市：其他
RPUNMLQJLHKFFCH48CA,埔頂段,.31,都市：其他
RPUNMLQJLHKFFCH48CA,埔頂段,.12,都市：其他
RPTNMLMKLHKFFEH28CA,青山段,65.28,都市：住
RPWNMLMKLHKFFEH58CA,青山段,79.05,都市：住
RPXOMLNJLHKFFFH88CA,大華段,41.30,都市：住
RPUNMLPJLHKFFFH68CA,豐田段,29.17,都市：住
RPTOMLMKLHKFFFH48CA,榮興段,58.91,非都市：特定農業區 ; 非都市編定：甲種建築用地
RPPPMLTKLHKFFDH68CA,民有段,105.74,非都市：特定農業區 ; 非都市編定：甲種建築用地
RPPPMLTKLHKFFDH68CA,民有段,19.95,非都市：特定農業區 ; 非都市編定：甲種建築用地
RPPNMLOJLHKFFFH08CA,興仁段,16.32,都市：商
RPTNMLSKLHKFFDH78CA,梅獅段,13.56,都市：住
RPSNMLMKLHKFFGH38CA,金星段,17.59,都市：住
RPVOMLQJLHKFFAH58DA,和平段,24.18,都市：住
RPVOMLQJLHKFFAH58DA,和平段,3.17,都市：住
RPRPMLOJLHKFFBH18DA,後興段,18.02,都市：住
RPOPMLMJLHKFFAH57DA,慈文段,4.36,都市：住
RPRPMLMJLHKFFAH87DA,中路段,60.00,都市：住
RPRNMLLKLHKFFGH18CA,金龍段,28.52,非都市：鄉村區 ; 非都市編定：乙種建築用地
RPVRMLPJLHKFFBH88DA,中壢埔頂段,18.06,都市：住
RPVOMLMJLHKFFAH28EA,龍華段,736.03,都市：其他
RPWOMLMJLHKFFAH38EA,塔寮坑段大坑小段,107.00,都市：其他
RPWOMLMJLHKFFAH38EA,塔寮坑段大坑小段,215.00,都市：其他
RPWOMLMJLHKFFAH38EA,塔寮坑段大坑小段,484.00,都市：其他
RPUNMLKMLHKFFFH48CA,榮興段,32.31,非都市：鄉村區 ; 非都市編定：乙種建築用地
RPSNMLOLLHKFFFH58CA,豐田段,25.97,都市：住
RPQNMLNLLHKFFFH28CA,營盤段,31.59,非都市：特定農業區 ; 非都市編定：甲種建築用地
RPRNMLQJLHKFFFH58DA,同福段,29.35,都市：住
RPQOMLQJLHKFFGH68DA,中央段,60.37,都市：住
RPTPMLOJLHKFFBH38DA,復興段,15.86,都市：住
RPPNMLTJLHKFFDH58EA,草湳坡段埔心小段,23.58,都市：住
RPQOMLLKLHKFFFH18DA,同福段,40.47,都市：商
RPOOMLRJKIKFFAH08EA,中路三段,38.15,都市：住
RPXNMLQKLHKFFDH56EA,上田心子段營盤腳小段,238.00,非都市：特定農業區 ; 非都市編定：甲種建築用地
RPWNMLLKLHKFFGH88EA,鎮東段,1167.06,非都市：特定農業區 ; 非都市編定：農牧用地
RPWNMLLKLHKFFGH88EA,鎮東段,44.30,非都市：特定農業區 ; 非都市編定：甲種建築用地
RPQNMLLKLHKFFEH08EA,大竹圍段,450.00,非都市：特定農業區 ; 非都市編定：農牧用地
RPTOMLNJLHKFFGH78EA,廣東段,10.45,都市：住
RPPOMLMJLHKFFCH87EA,田心子段下田心子小段,199.00,都市：農
RPPOMLMJLHKFFCH87EA,田心子段下田心子小段,208.00,都市：農
RPPOMLMJLHKFFCH87EA,田心子段下田心子小段,209.00,都市：農
RPRPMLMJLHKFFCH97CA,碧湖段,20.25,非都市： ; 非都市編定：
RPXNMLNJLHKFFCH68EA,合流段,8000.00,非都市：山坡地保育區 ; 非都市編定：林業用地
RPXNMLNJLHKFFCH68EA,合流段,12130.00,非都市：山坡地保育區 ; 非都市編定：農牧用地
RPPPMLMJLHKFFCH87DA,缺子段缺子小段,71.35,非都市：鄉村區 ; 非都市編定：乙種建築用地
RPQNMLPKLHKFFCH08CA,三層段十三份小段,7181.00,非都市：山坡地保育區 ; 非都市編定：暫未編定
RPQNMLPKLHKFFCH08CA,三層段十三份小段,3298.00,非都市：山坡地保育區 ; 非都市編定：暫未編定
RPTNMLMJLHKFFCH97CA,銅鑼圈段,76.17,非都市：山坡地保育區 ; 非都市編定：丙種建築用地
RPTNMLMJLHKFFCH97CA,銅鑼圈段,8.00,非都市：山坡地保育區 ; 非都市編定：丙種建築用地
RPTNMLMJLHKFFCH97CA,銅鑼圈段,206.00,非都市：山坡地保育區 ; 非都市編定：丙種建築用地
RPTNMLMJLHKFFCH97CA,銅鑼圈段,8.75,非都市：山坡地保育區 ; 非都市編定：丙種建築用地
RPTNMLMJLHKFFCH97CA,銅鑼圈段,1.08,非都市：山坡地保育區 ; 非都市編定：丙種建築用地
RPTNMLMJLHKFFCH97CA,銅鑼圈段,1.25,非都市：山坡地保育區 ; 非都市編定：丙種建築用地
RPPOMLRKLHKFFCH28CA,烏樹林段,22.56,非都市：鄉村區 ; 非都市編定：乙種建築用地
RPVOMLMJLHKFFFH78EA,廣隆段,130.53,非都市：鄉村區 ; 非都市編定：乙種建築用地
RPVNMLTJLHKFFCH88CA,三洽水段,.62,非都市：山坡地保育區 ; 非都市編定：丙種建築用地
RPVNMLTJLHKFFCH88CA,三洽水段,3.33,非都市：山坡地保育區 ; 非都市編定：丙種建築用地
RPVNMLTJLHKFFCH88CA,三洽水段,34.69,非都市：山坡地保育區 ; 非都市編定：丙種建築用地
RPQOMLRKLHKFFCH38CA,烏樹林段,14.33,非都市：鄉村區 ; 非都市編定：乙種建築用地
RPVNMLTJLHKFFCH88CA,三洽水段,147.00,非都市：山坡地保育區 ; 非都市編定：丙種建築用地
RPQOMLRKLHKFFCH38CA,烏樹林段,14.33,非都市：鄉村區 ; 非都市編定：乙種建築用地
RPQNMLPJLHKFFCH97CA,南興段南興小段,1.29,非都市：特定農業區 ; 非都市編定：甲種建築用地
RPQNMLPJLHKFFCH97CA,南興段南興小段,1.29,非都市：特定農業區 ; 非都市編定：甲種建築用地
RPQNMLPJLHKFFCH97CA,南興段南興小段,.45,非都市：特定農業區 ; 非都市編定：交通用地
RPQNMLPJLHKFFCH97CA,南興段南興小段,.45,非都市：特定農業區 ; 非都市編定：交通用地
RPQNMLPJLHKFFCH97CA,南興段南興小段,3.58,非都市：特定農業區 ; 非都市編定：農牧用地
RPQNMLPJLHKFFCH97CA,南興段南興小段,3.58,非都市：特定農業區 ; 非都市編定：農牧用地
RPQNMLPJLHKFFCH97CA,南興段南興小段,.34,非都市：特定農業區 ; 非都市編定：交通用地
RPQNMLPJLHKFFCH97CA,南興段南興小段,.34,非都市：特定農業區 ; 非都市編定：交通用地
RPQNMLPJLHKFFCH97CA,南興段南興小段,4.39,非都市：特定農業區 ; 非都市編定：農牧用地
RPQNMLPJLHKFFCH97CA,南興段南興小段,4.39,非都市：特定農業區 ; 非都市編定：農牧用地
RPQNMLPJLHKFFCH97CA,南興段南興小段,8.04,非都市：特定農業區 ; 非都市編定：甲種建築用地
RPQNMLPJLHKFFCH97CA,南興段南興小段,8.04,非都市：特定農業區 ; 非都市編定：甲種建築用地
RPQNMLPJLHKFFCH97CA,南興段南興小段,.54,非都市：特定農業區 ; 非都市編定：交通用地
RPQNMLPJLHKFFCH97CA,南興段南興小段,.54,非都市：特定農業區 ; 非都市編定：交通用地
RPQNMLPJLHKFFCH97CA,南興段南興小段,25.74,非都市：特定農業區 ; 非都市編定：農牧用地
RPQNMLPJLHKFFCH97CA,南興段南興小段,25.74,非都市：特定農業區 ; 非都市編定：農牧用地
RPQNMLPJLHKFFCH97CA,南興段南興小段,4.48,非都市：特定農業區 ; 非都市編定：農牧用地
RPQNMLPJLHKFFCH97CA,南興段南興小段,4.48,非都市：特定農業區 ; 非都市編定：農牧用地
RPQNMLPJLHKFFCH97CA,南興段南興小段,4.20,非都市：特定農業區 ; 非都市編定：農牧用地
RPQNMLPJLHKFFCH97CA,南興段南興小段,4.20,非都市：特定農業區 ; 非都市編定：農牧用地
RPQNMLPJLHKFFCH97CA,南興段南興小段,16.87,非都市：特定農業區 ; 非都市編定：農牧用地
RPQNMLPJLHKFFCH97CA,南興段南興小段,16.87,非都市：特定農業區 ; 非都市編定：農牧用地
RPQNMLPJLHKFFCH97CA,南興段南興小段,8.99,非都市：一般農業區 ; 非都市編定：殯葬用地
RPQNMLPJLHKFFCH97CA,南興段南興小段,8.99,非都市：一般農業區 ; 非都市編定：殯葬用地
RPQNMLPJLHKFFCH97CA,南興段南興小段,39.43,非都市：一般農業區 ; 非都市編定：農牧用地
RPQNMLPJLHKFFCH97CA,南興段南興小段,39.43,非都市：一般農業區 ; 非都市編定：農牧用地
RPQNMLPJLHKFFCH97CA,南興段南興小段,184.15,非都市：一般農業區 ; 非都市編定：農牧用地
RPQNMLPJLHKFFCH97CA,南興段南興小段,184.15,非都市：一般農業區 ; 非都市編定：農牧用地
RPQNMLPJLHKFFCH97CA,南興段南興小段,15.52,非都市：一般農業區 ; 非都市編定：農牧用地
RPQNMLPJLHKFFCH97CA,南興段南興小段,15.52,非都市：一般農業區 ; 非都市編定：農牧用地
RPSOMLOJLHKFFDH28CA,高上段,1176.22,非都市：特定農業區 ; 非都市編定：農牧用地
RPSOMLOJLHKFFCH18CA,南龍段,27.61,都市：住
RPSOMLOJLHKFFCH18CA,南龍段,.26,都市：住
RPRPMLMJLHKFFDH08CA,草湳坡段埔心小段,49.82,都市：住
RPPNMLLMLHKFFFH28EA,興隆段,59.99,都市：住
RPSOMLSKLHKFFCH68CA,銅鑼圈段,8274.00,非都市：山坡地保育區 ; 非都市編定：丁種建築用地
RPSOMLSKLHKFFCH68CA,銅鑼圈段,1595.00,非都市：山坡地保育區 ; 非都市編定：丁種建築用地
RPSNMLSKLHKFFDH68CA,大金山下段大金山下小段,16.98,都市：住
RPPNMLOJLHKFFDH87CA,大金山下段大金山下小段,18.81,都市：住
RPUNMLSKLHKFFDH88CA,大金山下段大金山下小段,16.98,都市：住
RPVNMLSKLHKFFDH98CA,大金山下段大金山下小段,23.58,都市：住
RPWNMLSKLHKFFDH09CA,大金山下段大金山下小段,23.58,都市：住
RPXNMLSKLHKFFDH56CA,大金山下段大金山下小段,23.58,都市：住
RPOOMLSKLHKFFDH38CA,大金山下段大金山下小段,23.58,都市：住
RPXNMLNJLHKFFBH38CA,復興段,19.40,都市：住
RPTNMLLMLHKFFCH18CA,三洽水段,5110.00,非都市： ; 非都市編定：
RPRNMLLMLHKFFCH97CA,三洽水段,3179.00,非都市： ; 非都市編定：
RPQNMLLMLHKFFCH87CA,三洽水段,2518.00,非都市：山坡地保育區 ; 非都市編定：農牧用地
RPSNMLLMLHKFFCH08CA,三洽水段,2513.00,非都市： ; 非都市編定：
RPPOMLSKLHKFFDH48CA,大金山下段大金山下小段,23.58,都市：住
RPROMLSKLHKFFDH68CA,大金山下段大金山下小段,23.58,都市：住
RPOOMLNJLHKFFBH57CA,環東段,89.00,都市：住
RPPNMLRLLHKFFCH28CA,仁善段,115.08,都市：住
RPTQMLOLLHKFFBH58CA,大華段,50.90,都市：住
RPSOMLSKLHKFFBH58CA,培英段,31.69,都市：住
RPTOMLSKLHKFFBH68CA,培英段,24.51,都市：住
RPPOMLOJLHKFFBH77CA,仁美段,13.44,都市：住
RPXNMLNLLHKFFDH78CA,大金山下段大金山下小段,16.98,都市：住
RPPNMLPKLHKFFBH87CA,啟文段,180.23,非都市：特定農業區 ; 非都市編定：農牧用地
RPPNMLPKLHKFFBH87CA,啟文段,130.67,非都市：特定農業區 ; 非都市編定：農牧用地
RPPNMLPKLHKFFBH87CA,啟文段,75.10,非都市：特定農業區 ; 非都市編定：農牧用地
RPPNMLPKLHKFFBH87CA,啟文段,45.06,非都市：特定農業區 ; 非都市編定：農牧用地
RPPNMLPKLHKFFBH87CA,啟文段,30.04,非都市：特定農業區 ; 非都市編定：農牧用地
RPPNMLPKLHKFFBH87CA,啟文段,4.51,非都市：特定農業區 ; 非都市編定：農牧用地
RPPNMLPKLHKFFBH87CA,啟文段,15.02,非都市：特定農業區 ; 非都市編定：農牧用地
RPPNMLPKLHKFFBH87CA,啟文段,798.64,非都市：特定農業區 ; 非都市編定：農牧用地
RPPNMLPKLHKFFBH87CA,啟文段,579.01,非都市：特定農業區 ; 非都市編定：農牧用地
RPPNMLPKLHKFFBH87CA,啟文段,332.76,非都市：特定農業區 ; 非都市編定：農牧用地
RPPNMLPKLHKFFBH87CA,啟文段,199.66,非都市：特定農業區 ; 非都市編定：農牧用地
RPPNMLPKLHKFFBH87CA,啟文段,133.11,非都市：特定農業區 ; 非都市編定：農牧用地
RPPNMLPKLHKFFBH87CA,啟文段,19.97,非都市：特定農業區 ; 非都市編定：農牧用地
RPPNMLPKLHKFFBH87CA,啟文段,66.55,非都市：特定農業區 ; 非都市編定：農牧用地
RPPNMLPKLHKFFBH87CA,啟文段,291.12,非都市：特定農業區 ; 非都市編定：農牧用地
RPPNMLPKLHKFFBH87CA,啟文段,211.06,非都市：特定農業區 ; 非都市編定：農牧用地
RPPNMLPKLHKFFBH87CA,啟文段,121.30,非都市：特定農業區 ; 非都市編定：農牧用地
RPPNMLPKLHKFFBH87CA,啟文段,72.78,非都市：特定農業區 ; 非都市編定：農牧用地
RPPNMLPKLHKFFBH87CA,啟文段,48.52,非都市：特定農業區 ; 非都市編定：農牧用地
RPPNMLPKLHKFFBH87CA,啟文段,7.28,非都市：特定農業區 ; 非都市編定：農牧用地
RPPNMLPKLHKFFBH87CA,啟文段,24.26,非都市：特定農業區 ; 非都市編定：農牧用地
RPPPMLTJLHKFFBH38CA,忠福段,24.46,都市：住
RPSOMLPJLHKFFBH18CA,環東段,12.31,都市：住
RPSOMLPJLHKFFBH18CA,環東段,12.31,都市：住
RPQQMLOJLHKFFBH08CA,內壢段,104.00,都市：農
RPTNMLSJLHKFFAH38CA,大興段,10.09,都市：住
RPTNMLSJLHKFFAH38CA,大興段,.03,都市：其他
RPTNMLSJLHKFFAH38CA,大興段,.01,都市：其他
RPQQMLOJLHKFFAH97CA,兔子坑段大湖頂小段,21.48,非都市：山坡地保育區 ; 非都市編定：農牧用地
RPWNMLOJLHKFFAH28CA,慈文段,32.71,都市：住
RPPPMLOJLHKFFAH77CA,寶山段,60.02,都市：其他
RPPPMLOJLHKFFAH77CA,大有段,1.60,都市：其他
RPPPMLOJLHKFFAH77CA,忠義段,61.80,都市：其他
RPPPMLOJLHKFFAH77CA,忠義段,.41,都市：其他
RPRNMLKKLHKFFBH57CA,永興段,29.30,都市：住
RPVOMLPJLHKFFAH38CA,中埔段,11.40,都市：住
RPVOMLPJLHKFFAH38CA,中埔段,86.64,都市：住
RPQOMLNJLHKFFAH67CA,和平段,23.24,都市：住
RPQNMLTJLHKFFAH18CA,埔子段埔子小段,20.95,都市：住
RPXPMLOJLHKFFAH58CA,慈文段,7.80,都市：住
RPXPMLOJLHKFFAH58CA,慈文段,5.00,都市：住
RPXPMLOJLHKFFAH58CA,慈文段,3.00,都市：住
RPUNMLOJLHKFFAH08CA,大樹林段,4.53,都市：商
RPTPMLKKLHKFFAH87CA,中平段,12.94,都市：住
RPPRMLKKLHKFFAH67CA,中埔段,4.09,都市：住
RPOQMLKKLHKFFAH47CA,國聖段,7.81,都市：住
RPVRMLTJLHKFFAH09CA,中路段,106.00,都市：住
RPXQMLNKLHKFFAH68CA,新埔段,12.69,都市：住
RPRNMLQKLHKFFAH08CA,富國段,43.04,都市：住
RPSOMLMJMHKFFBH97CA,甘泉段,.72,都市：其他
RPUOMLMJMHKFFBH18CA,甘泉段,.72,都市：其他
RPVOMLMJMHKFFBH28CA,甘泉段,.72,都市：其他
RPOOMLQKLHKFFAH87CA,慈文段,7.41,都市：住
RPQNMLNJLHKFFEH08DA,竹圍段拔子林小段,.14,都市：住
RPQNMLNJLHKFFEH08DA,竹圍段拔子林小段,98.43,都市：其他
RPQNMLNJLHKFFEH08DA,竹圍段拔子林小段,1.14,都市：住
RPQNMLNJLHKFFEH08DA,竹圍段拔子林小段,6.71,都市：其他
RPQNMLNJLHKFFEH08DA,竹圍段拔子林小段,19.00,都市：其他
RPQNMLNJLHKFFEH08DA,竹圍段拔子林小段,16.14,都市：其他
RPQNMLNJLHKFFEH08DA,竹圍段拔子林小段,27.14,都市：其他
RPQNMLNJLHKFFEH08DA,竹圍段拔子林小段,28.86,都市：其他
RPVPMLQJLHKFFDH98DA,二重溪段,132.00,非都市：山坡地保育區 ; 非都市編定：丙種建築用地
RPQOMLTKLHKFFAH38CA,大有段,29.81,都市：住
RPXPMLTJLHKFFAH66EA,埔子段北門埔子小段,29.59,都市：商
RPPNMLOJLHKFFBH87EA,仁美段,20.00,都市：住
RPQNMLOJLHKFFBH97EA,仁美段,14.00,都市：住
RPWNMLQJLHKFFGH56DA,吉安段,123.95,非都市：鄉村區 ; 非都市編定：乙種建築用地
RPQOMLNLLHKFFAH87CA,大樹林段,8.77,都市：住
RPXNMLNLLHKFFAH48CA,中德段,101.35,非都市：特定農業區 ; 非都市編定：甲種建築用地
RPRRMLLMLHKFFBH28CA,中原段,41.50,都市：住
RPXOMLMJLHKFFCH58DA,缺子段頂山腳小段,236.00,非都市：特定農業區 ; 非都市編定：農牧用地
RPRSMLMJLHKFFEH58DA,河底段,19.65,都市：住
RPPNMLMJLHKFFCH77EA,大平段,99.17,都市：農
RPTNMLKLLHKFFAH77CA,桃鶯段,21.59,都市：住
RPOOMLKKLHKFFDH77EA,新榮段,9.08,都市：住
RPOOMLKKLHKFFDH77EA,新榮段,12.26,都市：住
RPOOMLKKLHKFFDH77EA,新榮段,156.92,都市：住
RPOOMLKKLHKFFDH77EA,新榮段,2.40,都市：其他
RPOOMLKKLHKFFDH77EA,新榮段,5.12,都市：其他
RPOOMLKKLHKFFDH77EA,新榮段,18.04,都市：其他
RPOOMLKKLHKFFDH77EA,新榮段,136.91,都市：其他
RPSNMLQKLHKFFFH88EA,東勇段,60.21,非都市：鄉村區 ; 非都市編定：乙種建築用地
RPQOMLKKLHKFFDH97EA,永福段,127.24,都市：住
RPQOMLKKLHKFFDH97EA,永福段,34.00,都市：住
RPQOMLKKLHKFFDH97EA,永福段,11.67,都市：住
RPQPMLNKMHKFFAH18EA,大樹林段,28.20,都市：住
RPUOMLLKLHKFFBH18DA,內厝段,8.13,非都市：特定農業區 ; 非都市編定：農牧用地
RPUOMLLKLHKFFBH18DA,內厝段,2.41,非都市：特定農業區 ; 非都市編定：農牧用地
RPUOMLLKLHKFFBH18DA,內厝段,7.26,非都市：特定農業區 ; 非都市編定：農牧用地
RPUOMLLKLHKFFBH18DA,內厝段,66.00,非都市：特定農業區 ; 非都市編定：甲種建築用地
RPQNMLMKLHKFFGH18CA,廣北段,18.28,都市：住
RPOOMLLKLHKFFGH97CA,平鎮段,17.59,都市：商
RPPNMLOKLHKFFGH28CA,平鎮段,15.46,都市：住
RPTNMLPJLHKFFGH68CA,中央段,11.06,都市：農
RPQNMLRJMHKFFFH78EA,同福段,31.09,都市：商
RPWNMLQKMHKFFFH76EA,大和段,14.98,都市：住
RPTNMLQLLHKFFCH78EA,內柵段埔尾小段,111.00,非都市：風景區 ; 非都市編定：丙種建築用地
RPUOMLMKLHKFFFH58CA,豐田段,35.90,都市：住
RPOOMLQKLHKFFGH48CA,金星段,62.31,都市：住
RPVOMLMKLHKFFFH68CA,豐田段,53.84,都市：住
RPWOMLMKLHKFFFH78CA,豐田段,35.90,都市：住
RPXOMLMKLHKFFFH88CA,豐田段,26.92,都市：住
RPXNMLTJMHKFFBH66EA,富強段,19.07,都市：住
RPOPMLMKLHKFFFH08CA,豐田段,26.92,都市：住
RPPPMLMKLHKFFFH18CA,豐田段,26.92,都市：住
RPQPMLMKLHKFFFH28CA,豐田段,35.00,都市：住
RPTNMLQKLHKFFGH88CA,延平段,23.53,都市：住
RPWOMLLMLHKFFGH98CA,南華段,71.71,都市：農
RPQOMLLMLHKFFGH38CA,復旦段,24.01,都市：住
RPQOMLMKLHKFFFH18CA,豐田段,35.90,都市：住
RPPNMLTLLHKFFGH88CA,湧星段,65.58,都市：住
RPPNMLTLLHKFFGH88CA,湧光段,.04,都市：住
RPROMLQKLHKFFFH68CA,豐田段,35.90,都市：住
RPSOMLQKLHKFFFH78CA,豐田段,35.00,都市：住
RPTOMLQKLHKFFFH88CA,豐田段,35.00,都市：住
RPQPMLMLPHKFFBH58EA,水尾段水尾小段,5.28,都市：住
RPVOMLOKPHKFFBH09EA,石頭段,7.30,都市：商
RPVPMLMKLHKFFFH78CA,豐田段,34.10,都市：住
RPSOMLMKLHKFFFH38CA,豐田段,35.90,都市：住
RPROMLMKLHKFFFH28CA,豐田段,40.38,都市：住
RPUPMLMKLHKFFFH68CA,豐田段,35.00,都市：住
RPTPMLMKLHKFFFH58CA,豐田段,35.00,都市：住
RPSNMLOJLHKFFEH28CA,羊稠段,66.30,都市：住
RPPNMLNJLHKFFEH87CA,雙溪口段溪洲子小段,301.00,非都市：特定農業區 ; 非都市編定：農牧用地
RPTNMLQJLHKFFFH68CA,興隆段,62.57,都市：住
RPUNMLQJLHKFFFH78CA,豐田段,33.94,都市：住
RPVNMLOJLHKFFEH58CA,青峰段,26.28,都市：住
RPQNMLMKLHKFFEH97CA,照鏡段,146.67,非都市：特定農業區 ; 非都市編定：農牧用地
RPQNMLMKLHKFFEH97CA,照鏡段,73.33,非都市：特定農業區 ; 非都市編定：農牧用地
RPQNMLMKLHKFFEH97CA,照鏡段,293.33,非都市：特定農業區 ; 非都市編定：農牧用地
RPQNMLMKLHKFFEH97CA,照鏡段,73.33,非都市：特定農業區 ; 非都市編定：農牧用地
RPQNMLMKLHKFFEH97CA,照鏡段,73.33,非都市：特定農業區 ; 非都市編定：農牧用地
RPWOMLQJLHKFFEH98CA,內海墘段特工區小段,911.48,非都市：工業區 ; 非都市編定：丁種建築用地
RPWOMLQJLHKFFEH98CA,內海墘段特工區小段,41.96,非都市：工業區 ; 非都市編定：丁種建築用地
RPWOMLQJLHKFFEH98CA,內海墘段特工區小段,42.09,非都市：工業區 ; 非都市編定：丁種建築用地
RPRPMLQJLHKFFEH58CA,雙溪口段下縣厝子小段,22.00,非都市：特定農業區 ; 非都市編定：農牧用地
RPRPMLQJLHKFFEH58CA,雙溪口段下縣厝子小段,72.00,非都市：特定農業區 ; 非都市編定：農牧用地
RPROMLPJLHKFFEH38CA,南華段,23.49,都市：住
RPTNMLTJLHKFFEH88CA,青山段,36.45,都市：住
RPOOMLKKLHKFFEH67CA,上興段,29.37,都市：住
RPUNMLTJLHKFFEH98CA,青山段,43.13,都市：住
RPRNMLTJLHKFFEH68CA,青山段,36.45,都市：住
RPWNMLNJLHKFFEH58CA,羊稠段,1.84,都市：住
RPPOMLQJLHKFFEH28CA,南崁段,34.39,都市：住
RPSNMLQKLHKFFEH58CA,南崁廟口段羊稠坑小段,23.05,都市：住
RPSNMLSKLHKFFEH78CA,內興段,3994.78,都市：農
RPSNMLSKLHKFFEH78CA,內興段,345.00,都市：農
RPWNMLPJLHKFFFH88CA,福國段,67.87,都市：住
RPVOMLQKLHKFFFH09CA,興仁段,119.59,都市：住
RPRNMLOJLHKFFEH18CA,坑子口段海湖小段,82.33,非都市：鄉村區 ; 非都市編定：乙種建築用地
RPUOMLQKLHKFFFH98CA,豐田段,26.92,都市：住
RPQPMLOJLHKFFEH28CA,竹圍段田寮小段,84.00,非都市：鄉村區 ; 非都市編定：乙種建築用地
RPOQMLMKLHKFFFH18CA,豐田段,35.00,都市：住
RPROMLKMLHKFFEH18CA,青峰段,33.56,都市：住
RPXPMLMKLHKFFFH98CA,豐田段,34.10,都市：住
RPPQMLMKLHKFFFH28CA,豐田段,35.90,都市：住
RPQQMLMKLHKFFFH38CA,豐田段,35.90,都市：住
RPPNMLTLLHKFFEH68CA,內海墘段,934.00,都市：農
RPPNMLTLLHKFFEH68CA,內海墘段,58.00,都市：農
RPROMLPLLHKFFEH58CA,雙溪口段溪洲子小段,85.80,非都市：特定農業區 ; 非都市編定：甲種建築用地
RPROMLPLLHKFFEH58CA,雙溪口段溪洲子小段,6.90,非都市：特定農業區 ; 非都市編定：交通用地
RPROMLPLLHKFFEH58CA,雙溪口段溪洲子小段,.66,非都市：特定農業區 ; 非都市編定：交通用地
RPPNMLLMLHKFFEH97CA,南崁廟口段廟口小段,32.80,都市：住
RPPNMLQKLHKFFFH38CA,高明段,12.43,都市：商
RPPOMLMKLHKFFFH08CA,豐田段,35.90,都市：住
RPXQMLMKLHKFFFH09CA,豐田段,35.90,都市：住
RPVQMLMKLHKFFFH88CA,豐田段,35.90,都市：住
RPUQMLMKLHKFFFH78CA,豐田段,35.90,都市：住
RPRQMLMKLHKFFFH48CA,豐田段,35.90,都市：住
RPTQMLMKLHKFFFH68CA,豐田段,26.92,都市：住
RPRPMLMKLHKFFFH38CA,豐田段,38.59,都市：住
RPPOMLOJLHKFFGH28CA,湧安段,67.42,都市：住
RPSNMLPJLHKFFGH58CA,金星段,90.09,都市：住
RPSNMLLMLHKFFGH48CA,環南段,13.39,都市：住
RPOOMLQJLHKFFGH38CA,東陵段,79.22,非都市：特定農業區 ; 非都市編定：甲種建築用地
RPTOMLSKLHKFFGH56CA,新生段,58.32,都市：住
RPSOMLSKLHKFFGH09CA,平鎮段,9.99,都市：商
RPROMLSKLHKFFGH98CA,新勢段,6.15,都市：住
RPPOMLKMLHKFFGH18CA,賦北段,30.00,都市：農
RPOOMLPJLHKFFGH28CA,振平段,10.13,都市：住
RPOOMLPJLHKFFGH28CA,振平段,.06,都市：住
RPOOMLPJLHKFFGH28CA,振平段,1.25,都市：住
RPOOMLPJLHKFFGH28CA,振平段,3.36,都市：住
RPOOMLPJLHKFFGH28CA,振平段,.21,都市：住
RPOOMLPJLHKFFGH28CA,振平段,8.02,都市：住
RPOOMLPJLHKFFGH28CA,振平段,4.45,都市：住
RPOOMLPJLHKFFGH28CA,振平段,3.28,都市：住
RPRNMLTJLHKFFGH88CA,湧安段,87.99,都市：住
RPPPMLTJLHKFFGH88CA,平鎮段,3.87,都市：住
RPPPMLTJLHKFFGH88CA,南勢段,90.19,都市：住
RPUPMLOJLHKFFBH48DA,自立段,19.42,都市：住
RPUPMLPJLHKFFBH58DA,復興段,28.35,都市：住
RPPOMLQJLHKFFBH08DA,忠福段,12.18,都市：住
RPPOMLQJLHKFFBH08DA,忠福段,15.66,都市：住
RPOQMLPJLHKFFBH08DA,復興段,24.93,都市：住
RPQOMLQJLHKFFBH18DA,普義段,13.54,都市：住
RPVOMLQLLHKFFGH66CA,復旦段,11.93,都市：農
RPVOMLQLLHKFFGH66CA,復旦段,80.13,都市：農
RPVOMLQLLHKFFGH66CA,復旦段,138.62,都市：住
RPROMLOJLHKFFBH08DA,普義段,2.22,都市：商
RPROMLOJLHKFFBH08DA,普義段,10.70,都市：住
RPQPMLOJLHKFFBH08DA,普仁段,9.92,都市：其他
RPVOMLOJLHKFFBH48DA,培英段,25.25,都市：住
RPUOMLOJLHKFFCH58EA,潛龍段,.53,非都市：鄉村區 ; 非都市編定：乙種建築用地
RPUOMLOJLHKFFCH58EA,潛龍段,44.36,非都市：鄉村區 ; 非都市編定：乙種建築用地
RPUNMLOJLHKFFBH38EA,茄苳坑段兩座屋小段,1088.00,非都市：特定農業區 ; 非都市編定：農牧用地
RPRNMLTKLHKFFFH88CA,大華段,3.55,都市：住
RPRNMLTKLHKFFFH88CA,大華段,10.74,都市：住
RPQPMLQJLHKFFAH18DA,文化段,148.76,都市：住
RPPOMLOJLHKFFAH87EA,三元段,17.60,都市：住
RPUNMLOLLHKFFGH88CA,湧安段,37.36,都市：住
RPTPMLTJLHKFFAH78DA,同安段,61.00,都市：住
RPQNMLQKMHKFFFH78EA,大勇段,10.72,都市：其他
RPSOMLOJLHKFFGH68DA,廣東段,15.00,都市：其他
RPSOMLOJLHKFFGH68DA,廣東段,169.00,都市：住
RPUNMLQJLHKFFGH98DA,廣豐段,15.68,都市：住
RPRNMLOJLHKFFDH28EA,草湳坡段埔心小段,18.16,都市：住
RPRNMLOJLHKFFDH28EA,草湳坡段埔心小段,93.00,都市：住
RPRNMLOJLHKFFDH28EA,草湳坡段埔心小段,1.90,都市：住
RPOOMLMKLHKFFDH87DA,草湳坡段埔心小段,49.00,都市：住
RPPNMLPLLHKFFFH48DA,大成段,3.97,都市：住
RPPNMLNKMHKFFAH87EA,大有段,16.34,都市：住
RPQNMLKMLHKFFDH08EA,草湳坡段埔心小段,110.00,都市：住
RPWNMLOLLHKFFAH48CA,富國段,451.50,都市：其他
RPOPMLSKLHKFFAH18CA,桃園段武陵小段,6.10,都市：住
RPOPMLSKLHKFFAH18CA,桃園段武陵小段,.36,都市：住
RPOPMLSKLHKFFAH18CA,桃園段武陵小段,2.33,都市：住
RPOPMLSKLHKFFAH18CA,桃園段武陵小段,.19,都市：住
RPOPMLSKLHKFFAH18CA,桃園段武陵小段,.10,都市：住
RPOSMLNKLHKFFAH97CA,慈文段,33.13,都市：住
RPPSMLNKLHKFFAH08CA,慈文段,23.00,都市：住
RPQSMLNKLHKFFAH18CA,慈文段,22.37,都市：住
RPUPMLTJLHKFFAH78CA,體大段,123.25,都市：農
RPUPMLTJLHKFFAH78CA,體大段,12.31,都市：農
RPUPMLTJLHKFFAH78CA,體大段,51.15,都市：農
RPUPMLTJLHKFFAH78CA,體大段,215.78,都市：農
RPPNMLQKLHKFFAH87CA,福元段,9.29,都市：其他
RPXOMLNKLHKFFAH48CA,慈文段,32.71,都市：住
RPSPMLMKLHKFFAH97CA,西門段,32.80,都市：住
RPSPMLMKLHKFFAH97CA,西門段,6.40,都市：住
RPSPMLMKLHKFFAH97CA,西門段,16.00,都市：住
RPXOMLLKLHKFFBH38CA,榮南段,291.81,都市：農
RPRQMLOJLHKFFAH08CA,桃園段武陵小段,3.72,都市：商
RPOOMLLKLHKFFAH37CA,舊路坑段舊路坑小段,125.56,都市：其他
RPOOMLLKLHKFFAH37CA,舊路坑段舊路坑小段,879.20,都市：其他
RPOOMLLKLHKFFAH37CA,舊路坑段舊路坑小段,2460.41,都市：其他
RPWQMLLKLHKFFAH38CA,同安段,12.65,都市：住
RPOPMLLKLHKFFBH57CA,榮南段,604.27,都市：農
RPOPMLLKLHKFFBH57CA,榮南段,118.04,都市：農
RPOPMLLKLHKFFBH57CA,榮南段,151.83,都市：農
RPOPMLLKLHKFFBH57CA,榮南段,153.12,都市：農
RPQQMLQJLHKFFAH18CA,江南段,67.66,都市：住
RPSPMLTJLHKFFBH68CA,忠愛段,47.00,非都市：特定農業區 ; 非都市編定：農牧用地
RPWPMLOJLHKFFAH48CA,埔子段埔子小段,133.00,都市：住
RPRNMLTJLHKFFAH28CA,埔子段埔子小段,15.28,都市：住
RPSQMLOJLHKFFBH28CA,前寮段,91.19,都市：住
RPOPMLOJLHKFFBH77CA,忠孝段,28.54,都市：住
RPOQMLOJLHKFFAH77CA,大有段,23.95,都市：住
RPUOMLPJLHKFFBH38CA,環東段,33.50,都市：商
RPWNMLLKLHKFFBH18CA,興南段興南小段,4.20,都市：商
RPPRMLSKLHKFFBH58CA,仁和段,6.73,都市：住
RPPRMLSKLHKFFBH58CA,仁和段,.86,都市：住
RPPRMLSKLHKFFBH58CA,仁和段,3.97,都市：住
RPSNMLPJLHKFFBH08CA,自立段,17.42,都市：住
RPUQMLOLLHKFFBH68CA,東寮段,19.16,都市：商
RPQOMLOJLHKFFBH87CA,東寮段,85.57,都市：商
RPQOMLOJLHKFFBH87CA,東寮段,28.66,都市：其他
RPTOMLOJLHKFFBH18CA,培英段,16.20,都市：住
RPWOMLOJLHKFFBH48CA,普仁段,11.12,都市：住
RPRPMLOLLHKFFBH28CA,中北段,53.99,都市：工
RPQOMLSJMHKFFAH28CA,精忠段,18.68,都市：住
RPSQMLOLLHKFFBH48CA,東寮段,22.37,都市：商
RPPPMLTJLHKFFDH58CA,草湳坡段埔心小段,26.24,都市：住
RPPNMLQLLHKFFBH08CA,內厝段,1229.00,非都市：特定農業區 ; 非都市編定：農牧用地
RPSNMLPJLHKFFDH28CA,二重溪段,90.00,都市：住
RPSNMLPJLHKFFDH28CA,二重溪段,6.86,都市：住
RPQNMLPJLHKFFDH08CA,秀才段,105.94,非都市：山坡地保育區 ; 非都市編定：丙種建築用地
RPPOMLPLLHKFFBH08CA,東寮段,16.92,都市：商
RPQOMLPLLHKFFBH18CA,東寮段,22.40,都市：商
RPTNMLMKLHKFFDH18CA,東寧段,23.54,非都市：山坡地保育區 ; 非都市編定：丙種建築用地
RPTNMLMKLHKFFDH18CA,東寧段,.85,非都市：山坡地保育區 ; 非都市編定：丙種建築用地
RPTNMLMKLHKFFDH18CA,東寧段,.95,非都市：山坡地保育區 ; 非都市編定：丙種建築用地
RPTNMLMKLHKFFDH18CA,東寧段,2.46,非都市：山坡地保育區 ; 非都市編定：丙種建築用地
RPRNMLPJLHKFFDH18CA,秀才段,105.95,非都市：山坡地保育區 ; 非都市編定：丙種建築用地
RPQNMLOJLHKFFDH97CA,下田心子段員笨小段,1000.00,非都市：特定農業區 ; 非都市編定：農牧用地
RPQNMLOJLHKFFDH97CA,下田心子段員笨小段,2040.00,非都市：特定農業區 ; 非都市編定：農牧用地
RPXNMLNJLHKFFDH58CA,梅園段,62.72,非都市：山坡地保育區 ; 非都市編定：丙種建築用地
RPSNMLOJLHKFFBH97CA,中觀段,56.38,非都市：特定農業區 ; 非都市編定：甲種建築用地
RPSNMLOJLHKFFBH97CA,中觀段,13.92,非都市：特定農業區 ; 非都市編定：甲種建築用地
RPWOMLLMLHKFFCH58CA,田心子段下田心子小段,36.00,都市：住
RPSNMLPKLHKFFDH38CA,草湳坡段埔心小段,74.00,都市：住
RPOOMLOJLHKFFDH87CA,楊梅段,26.25,都市：住
RPQOMLOJLHKFFDH08CA,下田心子段下田心子小段,73.00,非都市：特定農業區 ; 非都市編定：甲種建築用地
RPQPMLSKLHKFFCH58CA,仁武段,29.76,都市：住
RPQPMLSKLHKFFCH58CA,埔頂段,.32,都市：其他
RPQPMLSKLHKFFCH58CA,埔頂段,.07,都市：其他
RPQPMLSKLHKFFCH58CA,埔頂段,.19,都市：其他
RPQPMLSKLHKFFCH58CA,埔頂段,.07,都市：其他
RPUPMLSKLHKFFCH98CA,仁武段,29.76,都市：住
RPUPMLSKLHKFFCH98CA,埔頂段,.32,都市：其他
RPUPMLSKLHKFFCH98CA,埔頂段,.07,都市：其他
RPUPMLSKLHKFFCH98CA,埔頂段,.19,都市：其他
RPUPMLSKLHKFFCH98CA,埔頂段,.07,都市：其他
RPOPMLSKLHKFFCH38CA,仁武段,29.76,都市：住
RPOPMLSKLHKFFCH38CA,埔頂段,.32,都市：其他
RPOPMLSKLHKFFCH38CA,埔頂段,.07,都市：其他
RPOPMLSKLHKFFCH38CA,埔頂段,.19,都市：其他
RPOPMLSKLHKFFCH38CA,埔頂段,.07,都市：其他
RPUOMLSKLHKFFCH88CA,仁武段,48.04,都市：住
RPUOMLSKLHKFFCH88CA,埔頂段,.52,都市：其他
RPUOMLSKLHKFFCH88CA,埔頂段,.11,都市：其他
RPUOMLSKLHKFFCH88CA,埔頂段,.30,都市：其他
RPUOMLSKLHKFFCH88CA,埔頂段,.12,都市：其他
RPWOMLSKLHKFFCH09CA,仁武段,48.04,都市：住
RPWOMLSKLHKFFCH09CA,埔頂段,.52,都市：其他
RPWOMLSKLHKFFCH09CA,埔頂段,.11,都市：其他
RPWOMLSKLHKFFCH09CA,埔頂段,.30,都市：其他
RPWOMLSKLHKFFCH09CA,埔頂段,.12,都市：其他
RPWQMLSKLHKFFCH66CA,仁武段,48.41,都市：住
RPWQMLSKLHKFFCH66CA,埔頂段,.52,都市：其他
RPWQMLSKLHKFFCH66CA,埔頂段,.11,都市：其他
RPWQMLSKLHKFFCH66CA,埔頂段,.31,都市：其他
RPWQMLSKLHKFFCH66CA,埔頂段,.12,都市：其他
RPSNMLKKLHKFFCH77CA,仁義段,42.88,都市：住
RPSNMLKKLHKFFCH77CA,仁義段,3.75,都市：其他
RPXOMLKMLHKFFCH58CA,缺子段粟子園小段,6.60,都市：其他
RPXOMLKMLHKFFCH58CA,缺子段粟子園小段,2.93,都市：其他
RPXOMLKMLHKFFCH58CA,缺子段粟子園小段,16.11,都市：其他
RPXOMLKMLHKFFCH58CA,缺子段粟子園小段,52.68,都市：其他
RPXOMLKMLHKFFCH58CA,缺子段粟子園小段,8.06,都市：其他
RPXOMLKMLHKFFCH58CA,缺子段粟子園小段,5.30,都市：其他
RPXOMLKMLHKFFCH58CA,缺子段粟子園小段,16.90,都市：其他
RPXOMLKMLHKFFCH58CA,缺子段粟子園小段,7.68,都市：其他
RPXOMLKMLHKFFCH58CA,和平段,1.42,都市：住
RPPOMLSKLHKFFCH38CA,仁武段,48.41,都市：住
RPPOMLSKLHKFFCH38CA,埔頂段,.52,都市：其他
RPPOMLSKLHKFFCH38CA,埔頂段,.11,都市：其他
RPPOMLSKLHKFFCH38CA,埔頂段,.31,都市：其他
RPPOMLSKLHKFFCH38CA,埔頂段,.12,都市：其他
RPPNMLSJMHKFFCH28CA,康莊段,55.75,都市：住
RPQNMLSJMHKFFCH38CA,民有段,10.69,都市：其他
RPQNMLSJMHKFFCH38CA,民有段,4.28,都市：其他
RPWNMLMKLHKFFCH38CA,仁武段,48.04,都市：住
RPWNMLMKLHKFFCH38CA,埔頂段,.52,都市：其他
RPWNMLMKLHKFFCH38CA,埔頂段,.11,都市：其他
RPWNMLMKLHKFFCH38CA,埔頂段,.30,都市：其他
RPWNMLMKLHKFFCH38CA,埔頂段,.12,都市：其他
RPUNMLMKLHKFFCH18CA,仁武段,48.04,都市：住
RPUNMLMKLHKFFCH18CA,埔頂段,.52,都市：其他
RPUNMLMKLHKFFCH18CA,埔頂段,.11,都市：其他
RPUNMLMKLHKFFCH18CA,埔頂段,.30,都市：其他
RPUNMLMKLHKFFCH18CA,埔頂段,.12,都市：其他
RPOOMLSKLHKFFCH28CA,仁武段,48.41,都市：住
RPOOMLSKLHKFFCH28CA,埔頂段,.52,都市：其他
RPOOMLSKLHKFFCH28CA,埔頂段,.11,都市：其他
RPOOMLSKLHKFFCH28CA,埔頂段,.31,都市：其他
RPOOMLSKLHKFFCH28CA,埔頂段,.12,都市：其他
SPWNMLSKLHKFFCH09CA,仁武段,29.76,都市：住
SPWNMLSKLHKFFCH09CA,埔頂段,.32,都市：其他
SPWNMLSKLHKFFCH09CA,埔頂段,.07,都市：其他
SPWNMLSKLHKFFCH09CA,埔頂段,.19,都市：其他
SPWNMLSKLHKFFCH09CA,埔頂段,.07,都市：其他
RPWNMLSKLHKFFCH98CA,仁武段,48.41,都市：住
RPUNMLSKLHKFFCH78CA,仁武段,48.41,都市：住
RPWNMLSKLHKFFCH98CA,埔頂段,.52,都市：其他
RPWNMLSKLHKFFCH98CA,埔頂段,.11,都市：其他
RPUNMLSKLHKFFCH78CA,埔頂段,.52,都市：其他
RPWNMLSKLHKFFCH98CA,埔頂段,.31,都市：其他
RPUNMLSKLHKFFCH78CA,埔頂段,.11,都市：其他
RPWNMLSKLHKFFCH98CA,埔頂段,.12,都市：其他
RPUNMLSKLHKFFCH78CA,埔頂段,.31,都市：其他
RPUNMLSKLHKFFCH78CA,埔頂段,.12,都市：其他
RPVNMLSKLHKFFCH88CA,仁武段,48.41,都市：住
RPVNMLSKLHKFFCH88CA,埔頂段,.52,都市：其他
RPVNMLSKLHKFFCH88CA,埔頂段,.11,都市：其他
RPVNMLSKLHKFFCH88CA,埔頂段,.31,都市：其他
RPTNMLSKLHKFFCH68CA,仁武段,48.41,都市：住
RPVNMLSKLHKFFCH88CA,埔頂段,.12,都市：其他
RPTNMLSKLHKFFCH68CA,埔頂段,.52,都市：其他
RPTNMLSKLHKFFCH68CA,埔頂段,.11,都市：其他
RPTNMLSKLHKFFCH68CA,埔頂段,.31,都市：其他
RPTNMLSKLHKFFCH68CA,埔頂段,.12,都市：其他
RPSNMLSKLHKFFCH58CA,仁武段,48.41,都市：住
RPSNMLSKLHKFFCH58CA,埔頂段,.52,都市：其他
RPSNMLSKLHKFFCH58CA,埔頂段,.11,都市：其他
RPSNMLSKLHKFFCH58CA,埔頂段,.31,都市：其他
RPSNMLSKLHKFFCH58CA,埔頂段,.12,都市：其他
RPUOMLNKLHKFFCH38CA,仁武段,29.76,都市：住
RPUOMLNKLHKFFCH38CA,埔頂段,.32,都市：其他
RPUOMLNKLHKFFCH38CA,埔頂段,.07,都市：其他
RPUOMLNKLHKFFCH38CA,埔頂段,.19,都市：其他
RPUOMLNKLHKFFCH38CA,埔頂段,.07,都市：其他
RPWOMLNKLHKFFCH58CA,仁武段,48.41,都市：住
RPWOMLNKLHKFFCH58CA,埔頂段,.52,都市：其他
RPWOMLNKLHKFFCH58CA,埔頂段,.11,都市：其他
RPWOMLNKLHKFFCH58CA,埔頂段,.31,都市：其他
RPWOMLNKLHKFFCH58CA,埔頂段,.12,都市：其他
RPVOMLNKLHKFFCH48CA,仁武段,29.76,都市：住
RPVOMLNKLHKFFCH48CA,埔頂段,.32,都市：其他
RPVOMLNKLHKFFCH48CA,埔頂段,.07,都市：其他
RPVOMLNKLHKFFCH48CA,埔頂段,.19,都市：其他
RPVOMLNKLHKFFCH48CA,埔頂段,.07,都市：其他
RPXOMLNKLHKFFCH68CA,仁武段,48.41,都市：住
RPXOMLNKLHKFFCH68CA,埔頂段,.52,都市：其他
RPXOMLNKLHKFFCH68CA,埔頂段,.11,都市：其他
RPXOMLNKLHKFFCH68CA,埔頂段,.31,都市：其他
RPXOMLNKLHKFFCH68CA,埔頂段,.12,都市：其他
RPOPMLNKLHKFFCH87CA,仁武段,48.41,都市：住
RPOPMLNKLHKFFCH87CA,埔頂段,.52,都市：其他
RPOPMLNKLHKFFCH87CA,埔頂段,.11,都市：其他
RPOPMLNKLHKFFCH87CA,埔頂段,.31,都市：其他
RPOPMLNKLHKFFCH87CA,埔頂段,.12,都市：其他
RPQPMLNKLHKFFCH08CA,仁武段,48.41,都市：住
RPQPMLNKLHKFFCH08CA,埔頂段,.52,都市：其他
RPQPMLNKLHKFFCH08CA,埔頂段,.11,都市：其他
RPQPMLNKLHKFFCH08CA,埔頂段,.31,都市：其他
RPQPMLNKLHKFFCH08CA,埔頂段,.12,都市：其他
RPUPMLNKLHKFFCH48CA,仁武段,48.04,都市：住
RPUPMLNKLHKFFCH48CA,埔頂段,.52,都市：其他
RPUPMLNKLHKFFCH48CA,埔頂段,.11,都市：其他
RPUPMLNKLHKFFCH48CA,埔頂段,.30,都市：其他
RPUPMLNKLHKFFCH48CA,埔頂段,.12,都市：其他
RPSPMLNKLHKFFCH28CA,仁武段,48.04,都市：住
RPSPMLNKLHKFFCH28CA,埔頂段,.52,都市：其他
RPSPMLNKLHKFFCH28CA,埔頂段,.11,都市：其他
RPSPMLNKLHKFFCH28CA,埔頂段,.30,都市：其他
RPSPMLNKLHKFFCH28CA,埔頂段,.12,都市：其他
RPWPMLNKLHKFFCH68CA,仁武段,29.76,都市：住
RPWPMLNKLHKFFCH68CA,埔頂段,.32,都市：其他
RPOQMLNKLHKFFCH97CA,仁武段,29.76,都市：住
RPWPMLNKLHKFFCH68CA,埔頂段,.07,都市：其他
RPOQMLNKLHKFFCH97CA,埔頂段,.32,都市：其他
RPWPMLNKLHKFFCH68CA,埔頂段,.19,都市：其他
RPWPMLNKLHKFFCH68CA,埔頂段,.07,都市：其他
RPOQMLNKLHKFFCH97CA,埔頂段,.07,都市：其他
RPOQMLNKLHKFFCH97CA,埔頂段,.19,都市：其他
RPOQMLNKLHKFFCH97CA,埔頂段,.07,都市：其他
RPRPMLNKLHKFFCH18CA,仁武段,29.76,都市：住
RPRPMLNKLHKFFCH18CA,埔頂段,.32,都市：其他
RPRPMLNKLHKFFCH18CA,埔頂段,.07,都市：其他
RPRPMLNKLHKFFCH18CA,埔頂段,.19,都市：其他
RPRPMLNKLHKFFCH18CA,埔頂段,.07,都市：其他
RPTPMLNKLHKFFCH38CA,仁武段,48.04,都市：住
RPTPMLNKLHKFFCH38CA,埔頂段,.52,都市：其他
RPTPMLNKLHKFFCH38CA,埔頂段,.11,都市：其他
RPTPMLNKLHKFFCH38CA,埔頂段,.30,都市：其他
RPTPMLNKLHKFFCH38CA,埔頂段,.12,都市：其他
RPXPMLNKLHKFFCH78CA,仁武段,29.76,都市：住
RPXPMLNKLHKFFCH78CA,埔頂段,.32,都市：其他
RPXPMLNKLHKFFCH78CA,埔頂段,.07,都市：其他
RPXPMLNKLHKFFCH78CA,埔頂段,.19,都市：其他
RPXPMLNKLHKFFCH78CA,埔頂段,.07,都市：其他
RPVPMLNKLHKFFCH58CA,仁武段,48.04,都市：住
RPVPMLNKLHKFFCH58CA,埔頂段,.52,都市：其他
RPVPMLNKLHKFFCH58CA,埔頂段,.11,都市：其他
RPVPMLNKLHKFFCH58CA,埔頂段,.30,都市：其他
RPVPMLNKLHKFFCH58CA,埔頂段,.12,都市：其他
RPRPMLMKLHKFFCH08CA,仁義段,43.84,都市：住
RPRPMLMKLHKFFCH08CA,仁義段,3.70,都市：其他
RPOOMLMKLHKFFCH67CA,仁武段,64.61,都市：住
RPOOMLMKLHKFFCH67CA,埔頂段,.70,都市：其他
RPOOMLMKLHKFFCH67CA,埔頂段,.15,都市：其他
RPOOMLMKLHKFFCH67CA,埔頂段,.41,都市：其他
RPOOMLMKLHKFFCH67CA,埔頂段,.16,都市：其他
RPXNMLPJLHKFFCH68CA,銅鑼圈段,42.75,非都市：山坡地保育區 ; 非都市編定：丙種建築用地
RPXNMLPJLHKFFCH68CA,銅鑼圈段,184.00,非都市：山坡地保育區 ; 非都市編定：丙種建築用地
RPPNMLNKLHKFFCH77CA,仁武段,64.61,都市：住
RPPNMLNKLHKFFCH77CA,埔頂段,.70,都市：其他
RPPNMLNKLHKFFCH77CA,埔頂段,.15,都市：其他
RPPNMLNKLHKFFCH77CA,埔頂段,.41,都市：其他
RPPNMLNKLHKFFCH77CA,埔頂段,.16,都市：其他
RPXOMLOJLHKFFCH68CA,三層段頭寮小段,46.00,非都市：鄉村區 ; 非都市編定：乙種建築用地
RPWNMLNKLHKFFCH48CA,仁武段,64.24,都市：住
RPWNMLNKLHKFFCH48CA,埔頂段,.69,都市：其他
RPWNMLNKLHKFFCH48CA,埔頂段,.15,都市：其他
RPWNMLNKLHKFFCH48CA,埔頂段,.41,都市：其他
RPWNMLNKLHKFFCH48CA,埔頂段,.16,都市：其他
RPSNMLNKLHKFFCH08CA,仁武段,64.61,都市：住
RPSNMLNKLHKFFCH08CA,埔頂段,.70,都市：其他
RPSNMLNKLHKFFCH08CA,埔頂段,.15,都市：其他
RPSNMLNKLHKFFCH08CA,埔頂段,.41,都市：其他
RPSNMLNKLHKFFCH08CA,埔頂段,.16,都市：其他
RPUNMLNKLHKFFCH28CA,仁武段,64.61,都市：住
RPUNMLNKLHKFFCH28CA,埔頂段,.70,都市：其他
RPUNMLNKLHKFFCH28CA,埔頂段,.15,都市：其他
RPUNMLNKLHKFFCH28CA,埔頂段,.41,都市：其他
RPUNMLNKLHKFFCH28CA,埔頂段,.16,都市：其他
RPWNMLOJLHKFFCH48CA,民有段,10.69,都市：其他
RPWNMLOJLHKFFCH48CA,民有段,4.28,都市：其他
RPSNMLPJLHKFFCH18CA,番子寮段,4231.00,非都市：一般農業區 ; 非都市編定：農牧用地
RPXNMLOJLHKFFCH58CA,三洽水段,2810.00,非都市：工業區 ; 非都市編定：丁種建築用地
RPXNMLOJLHKFFCH58CA,三洽水段,496.00,非都市：工業區 ; 非都市編定：丁種建築用地
RPXOMLMKLHKFFCH58CA,銅鑼圈段,1809.00,非都市：山坡地保育區 ; 非都市編定：農牧用地
RPWOMLPJLHKFFCH68CA,上華段,35.34,非都市：鄉村區 ; 非都市編定：乙種建築用地
RPUNMLPJLHKFFCH38CA,奉慈段,24.84,非都市：鄉村區 ; 非都市編定：乙種建築用地
RPVOMLOJLHKFFCH48CA,武漢段,90.12,非都市：鄉村區 ; 非都市編定：乙種建築用地
RPWOMLOJLHKFFCH58CA,三洽水段,707.00,非都市：鄉村區 ; 非都市編定：乙種建築用地
RPQNMLQJLHKFFCH08CA,仁善段,87.07,都市：住
RPQNMLTJLHKFFCH38CA,五福段,32.33,都市：住
RPSNMLTJLHKFFCH58CA,五福段,23.56,都市：住
RPPNMLPJLHKFFDH97CA,永楊段,1365.00,非都市：山坡地保育區 ; 非都市編定：農牧用地
RPPNMLPJLHKFFDH97CA,永楊段,1365.00,非都市：山坡地保育區 ; 非都市編定：農牧用地
RPPNMLPJLHKFFDH97CA,永楊段,160.08,非都市：山坡地保育區 ; 非都市編定：農牧用地
RPPNMLPJLHKFFDH97CA,永楊段,160.08,非都市：山坡地保育區 ; 非都市編定：農牧用地
RPPNMLPJLHKFFDH97CA,永楊段,119.14,非都市：山坡地保育區 ; 非都市編定：農牧用地
RPPNMLPJLHKFFDH97CA,永楊段,119.14,非都市：山坡地保育區 ; 非都市編定：農牧用地
RPPNMLPJLHKFFDH97CA,永楊段,235.04,非都市：山坡地保育區 ; 非都市編定：丙種建築用地
RPPNMLPJLHKFFDH97CA,永楊段,235.04,非都市：山坡地保育區 ; 非都市編定：丙種建築用地
RPPNMLPJLHKFFDH97CA,永楊段,134.12,非都市：山坡地保育區 ; 非都市編定：農牧用地
RPPNMLPJLHKFFDH97CA,永楊段,134.12,非都市：山坡地保育區 ; 非都市編定：農牧用地
RPUOMLLMLHKFFCH38CA,干城段,50.65,非都市：鄉村區 ; 非都市編定：乙種建築用地
RPUNMLPJLHKFFDH48CA,草湳坡段埔心小段,12.65,都市：住
RPXOMLPJLHKFFDH88CA,高洲段,87.33,都市：住
RPXNMLQJLHKFFCH78CA,番子寮段,108.34,非都市：一般農業區 ; 非都市編定：甲種建築用地
RPQOMLPJLHKFFDH18CA,長紅段,3452.73,非都市：特定農業區 ; 非都市編定：農牧用地
RPXOMLQJLHKFFDH98CA,下田心子段赤牛欄小段,1440.00,非都市：特定農業區 ; 非都市編定：農牧用地
RPXOMLQJLHKFFDH98CA,下田心子段赤牛欄小段,1102.00,非都市：特定農業區 ; 非都市編定：農牧用地
RPWNMLLKLHKFFDH38CA,石磊子段水流小段,698.00,非都市：特定農業區 ; 非都市編定：甲種建築用地
RPUOMLPJLHKFFDH58CA,大平段,65.09,都市：住
RPUNMLQKLHKFFCH58CA,大湖段,.91,都市：住
RPUNMLQKLHKFFCH58CA,大湖段,5.39,都市：住
RPUNMLQKLHKFFCH58CA,大湖段,6.19,都市：住
RPUNMLQKLHKFFCH58CA,大湖段,51.18,都市：住
RPUNMLQLLHKFFBH58CA,培英段,25.11,都市：住
RPXQMLOLLHKFFBH98CA,新街段,13.47,都市：住
RPTPMLTKLHKFFDH09CA,大牛欄段大牛欄小段,987.00,非都市：一般農業區 ; 非都市編定：農牧用地
RPTPMLTKLHKFFDH09CA,大牛欄段大牛欄小段,1553.00,非都市：一般農業區 ; 非都市編定：農牧用地
RPTPMLTKLHKFFDH09CA,大牛欄段大牛欄小段,962.00,非都市：一般農業區 ; 非都市編定：農牧用地
RPVPMLKLLHKFFCH38CA,慈湖段,517.38,非都市：山坡地保育區 ; 非都市編定：農牧用地
RPVPMLKLLHKFFCH38CA,慈湖段,517.38,非都市：山坡地保育區 ; 非都市編定：農牧用地
RPORMLSKLHKFFBH48CA,忠孝段,24.99,都市：住
RPQNMLKKLHKFFDH67CA,頭重溪段,16.67,都市：住
RPXQMLSKLHKFFBH66CA,健行段,8.45,都市：住
RPXQMLSKLHKFFBH66CA,健行段,.02,都市：住
RPTNMLQLLHKFFDH68CA,二重溪段,30.87,非都市：山坡地保育區 ; 非都市編定：丙種建築用地
RPTNMLQLLHKFFDH68CA,二重溪段,5.74,非都市：山坡地保育區 ; 非都市編定：丙種建築用地
RPVNMLRKLHKFFDH88CA,頭重溪段,23.39,都市：住
RPQNMLOKLHKFFBH87CA,東寮段,6.47,都市：住
RPWNMLSKLHKFFBH88CA,普義段,19.40,都市：住
RPWNMLSKLHKFFBH88CA,普義段,4.50,都市：住
RPWNMLSKLHKFFBH88CA,普義段,2.10,都市：住
RPPNMLKMLHKFFBH57CA,五權段,5.25,都市：農
RPPNMLKMLHKFFBH57CA,五權段,.24,都市：農
RPPNMLKMLHKFFBH57CA,五權段,6.46,都市：農
RPPNMLKMLHKFFBH57CA,五權段,7.46,都市：農
RPSOMLRKLHKFFBH48CA,中寮段,1810.40,都市：農
RPSOMLRKLHKFFBH48CA,中寮段,641.58,都市：農
RPUNMLPJLHKFFBH28CA,三座屋段舊社小段,32.78,都市：住
RPTNMLPJLHKFFBH18CA,三座屋段三座屋小段,1.43,都市：住
RPTNMLPJLHKFFBH18CA,三座屋段舊社小段,6.68,都市：住
RPTOMLNKLHKFFBH18CA,興南段興南小段,14.55,都市：住
RPOPMLNKLHKFFBH77CA,復興段,22.00,都市：其他
RPOPMLNKLHKFFBH77CA,復興段,.05,都市：其他
RPVOMLNKMHKFFBH48CA,中壢埔頂段,6.53,都市：住
RPVOMLNKMHKFFBH48CA,中壢埔頂段,6.74,都市：住
RPXPMLTJLHKFFBH56CA,富源段,3035.00,非都市：特定農業區 ; 非都市編定：農牧用地
RPWPMLTJLHKFFBH09CA,富源段,1091.00,非都市：特定農業區 ; 非都市編定：農牧用地
RPTPMLQKLHKFFBH58CA,復興段,25.88,都市：住
RPQOMLPJLHKFFBH97CA,中壢埔頂段,32.05,都市：住
RPQPMLPJLHKFFBH08CA,普義段,8.38,都市：住
RPPPMLPJLHKFFBH97CA,復興段,16.61,都市：住
RPURMLPJLHKFFBH68CA,三座屋段舊社小段,36.72,都市：商
RPPNMLKKLHKFFBH37CA,仁美段,13.70,都市：住
RPXNMLKKLHKFFBH18CA,保障段,650.64,非都市：一般農業區 ; 非都市編定：甲種建築用地
RPVOMLLKLHKFFBH18CA,三座屋段舊社小段,22.50,都市：住
RPVOMLLKLHKFFBH18CA,三座屋段舊社小段,.75,都市：其他
RPSNMLQJLHKFFBH18CA,仁美段,38.00,都市：住
RPRNMLQJLHKFFBH08CA,草富段,127.95,都市：住
RPPNMLQJLHKFFBH87CA,草富段,126.87,都市：住
RPQNMLQJLHKFFBH97CA,草富段,110.40,都市：住
RPVNMLNKLHKFFBH28CA,普義段,4.26,都市：住
RPRPMLTJLHKFFBH58CA,青溪段,42.58,都市：住
RPPRMLMKLHKFFBH97CA,石頭段,11.52,都市：住
RPQOMLTJLHKFFAH28CA,半嶺段,16.36,都市：商
RPORMLTJLHKFFAH38CA,福源段,21.81,非都市：山坡地保育區 ; 非都市編定：丙種建築用地
RPPOMLKKLHKFFAH37CA,中興段,29.64,都市：住
RPUSMLKKLHKFFAH28CA,埔子段埔子小段,79.00,都市：住
RPOSMLLKLHKFFBH87CA,振興段,109.18,都市：住
RPUPMLMKLHKFFAH18CA,埔子段埔子小段,11.00,都市：其他
RPUPMLMKLHKFFAH18CA,埔子段埔子小段,1.86,都市：其他
RPUPMLMKLHKFFAH18CA,東國段,13.33,都市：其他
RPVNMLLKLHKFFAH97CA,小檜溪段,42.72,都市：住
RPROMLPJLHKFFAH97CA,中埔段,7.16,都市：住
RPTOMLLKLHKFFAH87CA,小檜溪段,42.72,都市：住
RPROMLTKLHKFFAH48CA,慈文段,10.94,都市：住
RPROMLTKLHKFFAH48CA,慈文段,.15,都市：住
RPSNMLRJMHKFFDH58CA,永寧段,173.67,非都市：山坡地保育區 ; 非都市編定：丙種建築用地
RPSNMLRJMHKFFDH58CA,永寧段,27.30,非都市：山坡地保育區 ; 非都市編定：丙種建築用地
RPSNMLRJMHKFFDH58CA,永寧段,.29,非都市：山坡地保育區 ; 非都市編定：丙種建築用地
RPRNMLRJMHKFFDH48CA,永寧段,173.67,非都市：山坡地保育區 ; 非都市編定：丙種建築用地
RPRNMLRJMHKFFDH48CA,永寧段,27.30,非都市：山坡地保育區 ; 非都市編定：丙種建築用地
RPRNMLRJMHKFFDH48CA,永寧段,.29,非都市：山坡地保育區 ; 非都市編定：丙種建築用地
RPWOMLMKLHKFFAH28CA,雲林段,82.86,都市：住
RPRNMLKKLHKFFAH47CA,法政段,35.00,都市：其他
RPTOMLNLLHKFFAH18CA,中埔段,7.09,都市：住
RPTOMLNLLHKFFAH18CA,中埔段,7.09,都市：住
RPVNMLPJLHKFFGH98DA,中興段,3844.95,非都市：山坡地保育區 ; 非都市編定：農牧用地
RPUNMLPJLHKFFGH88DA,中興段,3844.95,非都市：山坡地保育區 ; 非都市編定：農牧用地
RPVNMLOLLHKFFAH38CA,寶山段,29.74,都市：住
RPWNMLKKLHKFFFH58DA,明智段,19.40,都市：住
RPPQMLOJLHKFFBH18EA,東寮段,190.00,都市：農
RPPQMLOJLHKFFBH18EA,東寮段,21.11,都市：農
RPXPMLNKMHKFFAH88EA,玉山段,135.03,都市：農
RPXPMLNKMHKFFAH88EA,玉山段,277.12,都市：農
RPXPMLNKMHKFFAH88EA,玉山段,330.57,都市：農
RPXPMLNKMHKFFAH88EA,中路段,330.33,都市：農
RPXPMLNKMHKFFAH88EA,國際段,112.81,都市：農
RPORMLSKLHKFFCH68DA,仁文段,54.41,都市：住
RPSNMLPJLHKFFAH18EA,和平段,16.12,都市：住
RPVPMLTJLHKFFGH96DA,廣東段,17.23,都市：住
RPPQMLNKMHKFFAH18EA,玉山段,135.03,都市：農
RPPQMLNKMHKFFAH18EA,玉山段,277.12,都市：農
RPPQMLNKMHKFFAH18EA,玉山段,330.57,都市：農
RPPQMLNKMHKFFAH18EA,中路段,330.33,都市：農
RPPQMLNKMHKFFAH18EA,國際段,112.81,都市：農
RPOQMLNKMHKFFAH08EA,玉山段,135.03,都市：農
RPOQMLNKMHKFFAH08EA,玉山段,277.12,都市：農
RPOQMLNKMHKFFAH08EA,玉山段,330.57,都市：農
RPOQMLNKMHKFFAH08EA,中路段,330.33,都市：農
RPOQMLNKMHKFFAH08EA,國際段,112.81,都市：農
RPSNMLKMLHKFFCH18EA,九座段,50.03,非都市：鄉村區 ; 非都市編定：乙種建築用地
RPOPMLRLLHKFFAH18CA,中路三段,.02,都市：其他
RPOPMLRLLHKFFAH18CA,中路三段,9.50,都市：住
RPVPMLQLLHKFFAH78CA,中山段,45.14,都市：住
RPRNMLQKMHKFFFH88EA,榮興段,67.00,非都市：鄉村區 ; 非都市編定：乙種建築用地
RPTNMLRJMHKFFFH09EA,廣興段,61.47,非都市：鄉村區 ; 非都市編定：乙種建築用地
RPXNMLNKLHKFFDH88EA,瑞原段,127.00,非都市：特定農業區 ; 非都市編定：甲種建築用地
RPVNMLQJLHKFFAH48DA,中埔段,30.03,都市：住
RPUOMLNKLHKFFCH58EA,凌雲段,78.00,都市：農
RPPPMLPLLHKFFAH08CA,桃園段武陵小段,6.75,都市：商
RPPPMLPLLHKFFAH08CA,桃園段武陵小段,5.75,都市：商
RPPPMLPLLHKFFAH08CA,桃園段武陵小段,.25,都市：商
RPOOMLQJLHKFFBH97DA,三座屋段舊社小段,11.71,都市：住
RPTPMLTJLHKFFGH66CA,新富段,8.99,都市：住
RPPNMLQKMHKFFFH68EA,八塊段,23.80,都市：住
RPUOMLSKLHKFFAH78DA,慈文段,1.75,都市：其他
RPUOMLSKLHKFFAH78DA,同安段,2.00,都市：其他
RPUOMLSKLHKFFAH78DA,寶山段,.24,都市：其他
RPUOMLSKLHKFFAH78DA,埔子段埔子小段,.33,都市：其他
RPUOMLSKLHKFFAH78DA,埔子段埔子小段,.61,都市：其他
RPUOMLSKLHKFFAH78DA,埔子段埔子小段,1.60,都市：其他
RPUOMLSKLHKFFAH78DA,埔子段埔子小段,.50,都市：其他
RPUOMLSKLHKFFAH78DA,埔子段埔子小段,6.01,都市：其他
RPUOMLSKLHKFFAH78DA,埔子段埔子小段,1.73,都市：其他
RPRNMLQKLHKFFGH68CA,廣豐段,23.12,都市：住
RPXOMLTJLHKFFAH09DA,成功段,32.06,都市：住
RPUNMLMKLHKFFGH58CA,廣東段,90.59,都市：住
RPOOMLOJLHKFFGH18CA,湧安段,121.14,都市：住
RPOPMLTJLHKFFAH28DA,龍安段,22.75,都市：商
RPOOMLTJLHKFFGH68CA,金獅段,3262.36,非都市：特定農業區 ; 非都市編定：農牧用地
RPPOMLPJLHKFFGH38CA,新勢段,16.86,都市：住
RPXNMLTKLHKFFFH86CA,營盤段,1229.37,非都市：特定農業區 ; 非都市編定：農牧用地
RPXNMLTKLHKFFFH86CA,營盤段,3188.41,非都市： ; 非都市編定：
RPXNMLTKLHKFFFH86CA,營盤段,428.32,非都市： ; 非都市編定：
RPPNMLLLLHKFFFH97CA,興豐段,23.23,都市：住
RPUOMLTKLHKFFFH66CA,興仁段,18.71,都市：住
RPQOMLNLLHKFFFH38CA,興豐段,31.54,都市：住
RPOOMLNKPHKFFBH28EA,藍埔段,80.00,非都市：特定農業區 ; 非都市編定：甲種建築用地
RPPNMLOLLHKFFFH28CA,大忠段,47.07,都市：住
RPQNMLPJLHKFFGH38CA,興湧段,13.82,都市：商
RPQNMLPJLHKFFGH38CA,興湧段,4.35,都市：其他
RPRNMLPJLHKFFGH48CA,興湧段,18.76,都市：商
RPRNMLPJLHKFFGH48CA,興湧段,4.35,都市：其他
RPXNMLSKLHKFFGH86CA,環南段,11.67,都市：住
RPQNMLMKLHKFFFH08CA,福興段,20.45,都市：商
RPRNMLMKLHKFFFH18CA,福興段,21.98,都市：商
RPROMLLKLHKFFFH18CA,龍友段,19.65,都市：住
RPVNMLMKLHKFFFH58CA,大華段,26.87,都市：住
RPQPMLKMLHKFFFH28CA,福興段,40.75,都市：住
RPSNMLMKLHKFFFH28CA,福興段,24.11,都市：商
RPRNMLLLLHKFFFH18CA,興豐段,31.54,都市：住
RPQNMLLLLHKFFFH08CA,興豐段,22.93,都市：住
RPVNMLRLLHKFFFH56CA,福興段,32.06,都市：住
RPWOMLQJLHKFFFH09CA,永豐段,107.00,都市：農
RPQOMLOJLHKFFEH18CA,南崁內厝段內厝小段,12.08,都市：其他
RPQOMLOJLHKFFEH18CA,南崁內厝段內厝小段,41.47,都市：其他
RPQOMLOJLHKFFEH18CA,南崁內厝段內厝小段,189.66,都市：其他
RPQOMLOJLHKFFEH18CA,南崁內厝段內厝小段,21.83,都市：其他
RPUNMLRKLHKFFFH98CA,大忠段,31.76,都市：住
RPRNMLTJLHKFFFH78CA,大華段,.12,都市：住
RPPNMLPJLHKFFFH18CA,力行段,192.93,都市：工
RPQNMLTJLHKFFFH68CA,豐田段,25.97,都市：住
RPVNMLPJLHKFFFH78CA,大庄段,85.89,非都市：特定農業區 ; 非都市編定：丁種建築用地
RPVNMLPJLHKFFFH78CA,大庄段,287.67,非都市：特定農業區 ; 非都市編定：丁種建築用地
RPVNMLPJLHKFFFH78CA,大庄段,288.21,非都市：特定農業區 ; 非都市編定：丁種建築用地
RPVNMLPJLHKFFFH78CA,大庄段,11.51,非都市：特定農業區 ; 非都市編定：丁種建築用地
RPXOMLQJLHKFFEH09CA,青峰段,20.18,都市：住
RPOPMLQJLHKFFEH28CA,青峰段,43.36,都市：住
RPSPMLQJLHKFFEH68CA,青峰段,64.29,都市：住
RPPPMLQJLHKFFEH38CA,青峰段,63.60,都市：住
RPPNMLMLLHKFFEH97CA,錦興段,113.15,都市：其他
RPSOMLKKLHKFFEH08CA,大興段,24.93,都市：住
RPVOMLKKLHKFFEH38CA,南園段,.34,都市：住
RPSNMLRLLHKFFEH78CA,坑子段土地公坑小段,637.00,都市：農
RPSNMLRLLHKFFEH78CA,坑子段土地公坑小段,88.67,都市：農
RPQOMLQLLHKFFEH58CA,許厝港段,20.21,非都市：一般農業區 ; 非都市編定：甲種建築用地
RPQNMLQLLHKFFEH48CA,公埔段,27.98,都市：住
RPVOMLQJLHKFFEH88CA,河底段,16.90,都市：住
RPPNMLTJLHKFFEH48CA,公埔段,33.02,都市：住
RPTNMLKKLHKFFEH08CA,沙崙段後厝小段,98.00,非都市：一般農業區 ; 非都市編定：甲種建築用地
RPTNMLKKLHKFFEH08CA,沙崙段後厝小段,42.00,非都市：一般農業區 ; 非都市編定：甲種建築用地
RPWNMLTJLHKFFEH56CA,沙崙段坡堵小段,10060.00,非都市：一般農業區 ; 非都市編定：養殖用地
RPXNMLTJLHKFFFH76CA,大庄段,1146.68,非都市：特定農業區 ; 非都市編定：農牧用地
RPPNMLLKLHKFFEH77CA,雙溪口段下縣厝子小段,646.00,非都市：特定農業區 ; 非都市編定：甲種建築用地
RPPNMLLKLHKFFEH77CA,雙溪口段下縣厝子小段,102.00,非都市：特定農業區 ; 非都市編定：甲種建築用地
RPTNMLKMLHKFFEH28CA,河底段,8.68,都市：住
RPQNMLQJLHKFFEH28CA,五塊厝段下埔小段,1984.00,非都市：特定農業區 ; 非都市編定：農牧用地
RPWQMLMKLHKFFFH98CA,大庄段,25.30,非都市：鄉村區 ; 非都市編定：乙種建築用地
RPXOMLSKLHKFFGH96CA,新榮段,25.01,都市：住
RPXOMLSKLHKFFGH96CA,新榮段,.30,都市：住
RPXOMLSKLHKFFGH96CA,新榮段,.13,都市：住
RPSNMLLKLHKFFFH18CA,高城段,3.16,都市：住
RPSNMLLKLHKFFFH18CA,高城段,23.82,都市：住
RPSNMLLKLHKFFFH18CA,高城段,.82,都市：住
RPSNMLLKLHKFFFH18CA,高城段,.53,都市：住
RPQNMLSKLHKFFFH68CA,興豐段,29.69,非都市：鄉村區 ; 非都市編定：乙種建築用地
RPQNMLSKLHKFFFH68CA,興豐段,.15,非都市：鄉村區 ; 非都市編定：乙種建築用地
RPQNMLSKLHKFFFH68CA,興豐段,1.14,非都市：鄉村區 ; 非都市編定：乙種建築用地
RPQPMLTKLHKFFFH98CA,明智段,19.40,都市：住
RPPNMLQJLHKFFFH28CA,豐田段,51.04,都市：住
RPTNMLNKLHKFFFH48CA,興豐段,.30,非都市：鄉村區 ; 非都市編定：乙種建築用地
RPTNMLNKLHKFFFH48CA,興豐段,2.28,非都市：鄉村區 ; 非都市編定：乙種建築用地
RPTNMLNKLHKFFFH48CA,興豐段,87.14,非都市：鄉村區 ; 非都市編定：乙種建築用地
RPSNMLRKLHKFFFH78CA,興豐段,29.69,非都市：鄉村區 ; 非都市編定：乙種建築用地
RPSNMLRKLHKFFFH78CA,興豐段,.15,非都市：鄉村區 ; 非都市編定：乙種建築用地
RPSNMLRKLHKFFFH78CA,興豐段,1.14,非都市：鄉村區 ; 非都市編定：乙種建築用地
RPTOMLLMLHKFFGH68CA,六和段,67.84,都市：農
RPVNMLQJLHKFFGH98CA,德育段,82.94,都市：住
RPVNMLQJLHKFFGH98CA,德育段,.17,都市：住
RPUPMLTJLHKFFGH76CA,新富段,13.15,都市：住
RPQNMLTJLHKFFGH78CA,廣南段,17.00,都市：其他
RPQNMLTJLHKFFGH78CA,廣南段,60.00,都市：住
RPOOMLTJLHKFFBH28DA,興南段興南小段,.56,都市：商
RPPNMLKKLHKFFGH87CA,環南段,.34,都市：住
RPOPMLQJLHKFFBH08DA,興南段興南小段,4.34,都市：商
RPPNMLPJLHKFFEH08CA,沙崙段坡堵小段,985.00,非都市：一般農業區 ; 非都市編定：農牧用地
RPPNMLPJLHKFFEH08CA,沙崙段坡堵小段,31.00,非都市：一般農業區 ; 非都市編定：交通用地
RPSPMLPJLHKFFBH38DA,自立段,31.86,都市：住
RPPNMLRJLHKFFBH08DA,自立段,31.55,都市：住
RPROMLTJLHKFFBH58DA,遠東段,7.28,都市：住
RPXPMLKKLHKFFBH48DA,福德段,21.91,都市：住
RPSPMLTJLHKFFAH68DA,同安段,23.22,都市：住
RPXRMLKKLHKFFAH58DA,慈文段,22.22,都市：住
RPQNMLKKMHKFFEH87CA,水尾段,17.17,都市：工
RPQNMLSKLHKFFCH58EA,石門段,21.39,都市：住
RPUNMLPJLHKFFEH78EA,南山段,100.54,都市：工
RPQOMLLKLHKFFBH77DA,三座屋段三座屋小段,2.38,都市：住
RPQOMLLKLHKFFBH77DA,三座屋段舊社小段,11.13,都市：住
RPSOMLOLLHKFFBH48EA,忠福段,687.20,都市：農
RPSOMLOLLHKFFBH48EA,忠福段,687.20,都市：農
RPSOMLOLLHKFFBH48EA,忠福段,343.60,都市：農
RPSOMLOLLHKFFBH48EA,忠福段,724.00,都市：農
RPSOMLOLLHKFFBH48EA,忠福段,724.00,都市：農
RPSOMLOLLHKFFBH48EA,忠福段,362.00,都市：農
RPSOMLOLLHKFFBH48EA,忠福段,138.00,都市：農
RPSOMLOLLHKFFBH48EA,忠福段,138.00,都市：農
RPSOMLOLLHKFFBH48EA,忠福段,69.00,都市：農
RPWOMLQJLHKFFDH98DA,雙榮段,39.90,都市：住
RPWOMLQJLHKFFDH98DA,雙榮段,48.30,都市：住
RPSPMLQJLHKFFAH48EA,和平段,103.00,都市：其他
RPPTMLNKLHKFFBH48EA,聖德段,90.56,都市：住
RPXNMLTJLHKFFGH96DA,環南段,8.58,都市：住
RPXNMLMKLHKFFEH78DA,內海墘段,88.00,非都市：一般農業區 ; 非都市編定：甲種建築用地
RPQNMLTJLHKFFEH68DA,大興段,22.90,都市：住
RPQSMLKKLHKFFAH97DA,國強段,5.25,都市：住
RPQSMLKKLHKFFAH97DA,江南段,9.77,都市：住
RPWNMLPJLHKFFGH09DA,中興段,2197.11,非都市：山坡地保育區 ; 非都市編定：農牧用地
RPQPMLKKLHKFFEH08DA,六福段,18.36,都市：住
RPQPMLKKLHKFFEH08DA,六福段,.90,都市：住
RPWNMLMKLHKFFFH78DA,高城段,13.85,都市：其他
RPSNMLKKLHKFFAH57CA,中德段,102.59,非都市：特定農業區 ; 非都市編定：甲種建築用地
RPWNMLKKLHKFFAH97CA,新埔段,8.13,都市：住
RPPOMLTKLHKFFAH28CA,忠義段,7.43,都市：住
RPOQMLOLLHKFFAH97CA,大樹林段,.85,都市：商
RPOQMLOLLHKFFAH97CA,大樹林段,5.11,都市：商
RPPRMLTJLHKFFAH48CA,小檜溪段,231.40,都市：其他
RPWNMLLKLHKFFAH08CA,海萍段,95.96,非都市：鄉村區 ; 非都市編定：乙種建築用地
RPQQMLKKLHKFFAH67CA,幸褔段,.20,非都市：鄉村區 ; 非都市編定：乙種建築用地
RPQQMLKKLHKFFAH67CA,幸褔段,6.57,非都市：鄉村區 ; 非都市編定：乙種建築用地
RPQQMLKKLHKFFAH67CA,幸褔段,14.07,非都市：鄉村區 ; 非都市編定：乙種建築用地
RPVPMLQKLHKFFAH68CA,龍安段,19.48,都市：商
RPQNMLKKLHKFFAH37CA,江南段,10.88,都市：住
RPOQMLQKLHKFFAH08CA,中路段,7.14,都市：住
RPOQMLQKLHKFFAH08CA,中路段,2.08,都市：住
RPSQMLQKLHKFFAH48CA,同德段,39.30,都市：商
RPURMLTJLHKFFAH98CA,中平段,4.11,都市：其他
RPROMLKKLHKFFBH67CA,環東段,94.00,都市：住
RPUNMLPKMHKFFFH09EA,廣福段,29.38,都市：商
RPQOMLRKLHKFFAH18CA,中路段,3.75,都市：住
RPQOMLRKLHKFFAH18CA,中路段,1.09,都市：住
RPUQMLLKLHKFFAH18CA,東國段,126.00,都市：住
RPQRMLKKLHKFFAH77CA,大樹林段,2.90,都市：商
RPROMLLKLHKFFAH67CA,興華段,44.65,都市：住
RPXOMLQJLHKFFBH78CA,三座屋段三座屋小段,77.50,都市：其他
RPTOMLRKLHKFFBH58CA,藍埔段,2179.00,非都市：特定農業區 ; 非都市編定：農牧用地
RPOQMLTJLHKFFBH38CA,環東段,3.71,都市：住
RPXOMLRJMHKFFAH88CA,大有段,11.23,都市：住
RPOQMLTJLHKFFBH38CA,環東段,3.90,都市：住
RPOQMLTJLHKFFBH38CA,環東段,9.81,都市：住
RPOQMLTJLHKFFBH38CA,環東段,3.24,都市：住
RPSQMLRKLHKFFBH68CA,廣福段,2513.00,非都市：特定農業區 ; 非都市編定：農牧用地
RPUNMLRKLHKFFBH58CA,工業區段二小段,126.00,非都市：工業區 ; 非都市編定：丁種建築用地
RPVOMLNKLHKFFBH38CA,復興段,11.66,都市：住
RPWNMLRKLHKFFBH78CA,成功段,40.99,都市：住
RPUQMLSKLHKFFBH98CA,富強段,4.72,都市：住
RPWPMLKKLHKFFBH28CA,普義段,103.00,都市：住
RPXPMLLKLHKFFBH48CA,青溪段,51.24,都市：住
RPVNMLSKLHKFFBH78CA,環東段,26.65,都市：住
RPQNMLSKLHKFFDH48CA,二重溪段,23.00,都市：住
RPQNMLSKLHKFFDH48CA,二重溪段,90.00,都市：住
RPPNMLQJLHKFFDH08CA,大金山下段大金山下小段,19.61,都市：住
RPSOMLRJMHKFFDH68CA,高上段,19.15,非都市：特定農業區 ; 非都市編定：甲種建築用地
RPTNMLRJMHKFFDH68CA,頭重溪段,32.65,都市：住
RPOOMLRJMHKFFDH28CA,東寧段,16.09,非都市：山坡地保育區 ; 非都市編定：農牧用地
RPOOMLRJMHKFFDH28CA,東寧段,.70,非都市：山坡地保育區 ; 非都市編定：丙種建築用地
RPOOMLRJMHKFFDH28CA,東寧段,116.91,非都市：山坡地保育區 ; 非都市編定：丙種建築用地
RPXPMLTJLHKFFDH76CA,楊梅段,55.00,都市：商
RPXPMLTJLHKFFDH76CA,楊梅段,89.00,都市：商
RPTNMLPKLHKFFDH48CA,草湳坡段埔心小段,32.00,都市：商
RPOQMLTJLHKFFDH58CA,中興段,23.16,都市：住
RPSNMLNLLHKFFDH28CA,石磊子段石磊子小段,17.50,非都市：特定農業區 ; 非都市編定：甲種建築用地
RPSNMLNLLHKFFDH28CA,石磊子段石磊子小段,529.00,非都市：特定農業區 ; 非都市編定：甲種建築用地
RPRNMLQKLHKFFDH38CA,頭重溪段,101.00,都市：住
RPRNMLQKLHKFFDH38CA,頭重溪段,1.00,都市：住
RPRNMLQKLHKFFDH38CA,頭重溪段,2.00,都市：住
RPVNMLPJLHKFFDH58CA,長岡嶺段,35.81,非都市：山坡地保育區 ; 非都市編定：丙種建築用地
RPXOMLKKLHKFFDH48CA,下田心子段赤牛欄小段,125.45,非都市：特定農業區 ; 非都市編定：甲種建築用地
RPROMLLKLHKFFDH97CA,頭重溪段,135.00,都市：住
RPROMLLKLHKFFDH97CA,頭重溪段,28.00,都市：住
RPROMLLKLHKFFDH97CA,頭重溪段,6.00,都市：住
RPWOMLKKLHKFFDH38CA,下田心子段赤牛欄小段,207.03,非都市：特定農業區 ; 非都市編定：甲種建築用地
RPUPMLKKLHKFFDH28CA,下田心子段赤牛欄小段,264.51,非都市：特定農業區 ; 非都市編定：甲種建築用地
RPQPMLKKLHKFFDH87CA,下田心子段赤牛欄小段,125.45,非都市：特定農業區 ; 非都市編定：甲種建築用地
RPRPMLKKLHKFFDH97CA,下田心子段赤牛欄小段,135.66,非都市：特定農業區 ; 非都市編定：甲種建築用地
RPVPMLKKLHKFFDH38CA,下田心子段赤牛欄小段,148.28,非都市：特定農業區 ; 非都市編定：甲種建築用地
RPSPMLKKLHKFFDH08CA,下田心子段赤牛欄小段,135.66,非都市：特定農業區 ; 非都市編定：甲種建築用地
RPVNMLMJMHKFFDH38CA,大平段,107.85,都市：住
RPTPMLKKLHKFFDH18CA,下田心子段赤牛欄小段,135.66,非都市：特定農業區 ; 非都市編定：甲種建築用地
RPWPMLKKLHKFFDH48CA,下田心子段赤牛欄小段,183.75,非都市：特定農業區 ; 非都市編定：甲種建築用地
RPOPMLKKLHKFFDH67CA,下田心子段赤牛欄小段,125.45,非都市：特定農業區 ; 非都市編定：甲種建築用地
RPPPMLKKLHKFFDH77CA,下田心子段赤牛欄小段,125.45,非都市：特定農業區 ; 非都市編定：甲種建築用地
RPROMLTJLHKFFCH58CA,烏林段,104.40,非都市：鄉村區 ; 非都市編定：乙種建築用地
RPQOMLTJLHKFFCH48CA,銅鑼圈段,4.69,非都市：山坡地保育區 ; 非都市編定：丙種建築用地
RPQOMLTJLHKFFCH48CA,銅鑼圈段,83.39,非都市：山坡地保育區 ; 非都市編定：丙種建築用地
RPWNMLTJLHKFFCH98CA,三洽水段,.62,非都市：山坡地保育區 ; 非都市編定：丙種建築用地
RPWNMLTJLHKFFCH98CA,三洽水段,3.33,非都市：山坡地保育區 ; 非都市編定：丙種建築用地
RPWNMLTJLHKFFCH98CA,三洽水段,34.69,非都市：山坡地保育區 ; 非都市編定：丙種建築用地
RPWNMLTJLHKFFCH98CA,三洽水段,152.00,非都市：山坡地保育區 ; 非都市編定：丙種建築用地
RPPNMLLKLHKFFCH57CA,介壽段,54.00,非都市：鄉村區 ; 非都市編定：乙種建築用地
RPXPMLKLLHKFFCH58CA,烏樹林段,24.38,非都市：鄉村區 ; 非都市編定：乙種建築用地
RPQNMLLKLHKFFCH67CA,奉慈段,93.10,非都市：鄉村區 ; 非都市編定：乙種建築用地
RPWNMLQJLHKFFCH68CA,銅鑼圈段,1289.00,非都市：山坡地保育區 ; 非都市編定：農牧用地
RPOQMLKLLHKFFCH77CA,烏樹林段,22.56,非都市：鄉村區 ; 非都市編定：乙種建築用地
RPOOMLTKLHKFFCH38CA,逸園段,4.17,非都市：鄉村區 ; 非都市編定：乙種建築用地
RPOOMLTKLHKFFCH38CA,逸園段,38.45,非都市：鄉村區 ; 非都市編定：乙種建築用地
RPXNMLTKLHKFFCH56CA,八張犁段,202.00,非都市：鄉村區 ; 非都市編定：乙種建築用地
RPUPMLTJLHKFFDH09CA,楊富段,2112.00,非都市：特定農業區 ; 非都市編定：農牧用地
RPRQMLTJLHKFFDH88CA,二重溪段,6.00,都市：住
RPOPMLRJLHKFFCH18CA,仁善段,13.30,都市：住
RPOPMLRJLHKFFCH18CA,仁善段,70.47,都市：住
RPTQMLRJLHKFFCH78CA,民有段,8.91,都市：其他
RPTQMLRJLHKFFCH78CA,民有段,3.57,都市：其他
RPTPMLQJLHKFFDH68CA,高山段,67.84,非都市：鄉村區 ; 非都市編定：乙種建築用地
RPTNMLNLLHKFFCH28CA,大成段,65.62,都市：住
RPTNMLNLLHKFFCH28CA,大成段,65.62,都市：住
RPTNMLNLLHKFFCH28CA,大成段,17.76,都市：其他
RPTNMLNLLHKFFCH28CA,大成段,17.76,都市：其他
RPPPMLLKLHKFFDH87CA,二重溪段,18.46,非都市：山坡地保育區 ; 非都市編定：丙種建築用地
RPPPMLLKLHKFFDH87CA,二重溪段,10.00,非都市：山坡地保育區 ; 非都市編定：丙種建築用地
RPPPMLLKLHKFFDH87CA,二重溪段,22.54,非都市：山坡地保育區 ; 非都市編定：丙種建築用地
RPPPMLLKLHKFFDH87CA,二重溪段,14.54,非都市：山坡地保育區 ; 非都市編定：丙種建築用地
RPPPMLLKLHKFFDH87CA,二重溪段,243.00,非都市：山坡地保育區 ; 非都市編定：丙種建築用地
RPPPMLLKLHKFFDH87CA,二重溪段,19.46,非都市：山坡地保育區 ; 非都市編定：丙種建築用地
RPPPMLLKLHKFFDH87CA,二重溪段,5.71,非都市：山坡地保育區 ; 非都市編定：丙種建築用地
RPXNMLLKLHKFFDH48CA,頭重溪段,80.00,都市：住
RPXOMLMKLHKFFDH68CA,二重溪段,31.13,都市：住
RPXOMLMKLHKFFDH68CA,二重溪段,.58,都市：住
RPRNMLMKLHKFFDH97CA,後庄段,742.00,非都市：特定農業區 ; 非都市編定：農牧用地
RPXQMLPLLHKFFCH56CA,康莊段,8.63,都市：住
RPQNMLKKLHKFFCH57CA,大成段,95.46,都市：住
RPSOMLPLLHKFFDH58CA,大金山下段大金山下小段,16.98,都市：住
RPTOMLPLLHKFFDH68CA,大金山下段大金山下小段,23.58,都市：住
RPWOMLPLLHKFFDH98CA,大金山下段大金山下小段,24.90,都市：住
RPROMLPLLHKFFDH48CA,大金山下段大金山下小段,23.58,都市：住
RPQOMLPLLHKFFDH38CA,大金山下段大金山下小段,17.31,都市：住
RPPPMLPLLHKFFDH38CA,大金山下段大金山下小段,23.58,都市：住
RPUOMLPLLHKFFDH78CA,大金山下段大金山下小段,16.98,都市：住
RPOPMLPLLHKFFDH28CA,大金山下段大金山下小段,17.31,都市：住
RPPOMLRKLHKFFBH18CA,自立段,30.13,都市：住
RPSQMLSKLHKFFBH78CA,內壢段,127.00,都市：農
RPUPMLPKMHKFFBH68CA,中壢埔頂段,105.00,都市：住
RPVNMLKLLHKFFBH08CA,三座屋段舊社小段,24.47,都市：住
RPUOMLTJLHKFFBH78CA,東寮段,21.11,都市：農
RPUOMLTJLHKFFBH78CA,東寮段,125.57,都市：農
RPSOMLTJLHKFFBH58CA,東寮段,42.23,都市：農
RPSOMLTJLHKFFBH58CA,東寮段,125.57,都市：農
RPSOMLTJLHKFFBH58CA,東寮段,125.57,都市：農
RPVOMLTJLHKFFBH88CA,東寮段,143.77,都市：農
RPVOMLTJLHKFFBH88CA,東寮段,21.11,都市：農
RPQNMLLKLHKFFBH57CA,西寮段,149.17,都市：住
RPRNMLLKLHKFFBH67CA,仁愛段,19.62,都市：住
RPRNMLLKLHKFFBH67CA,仁愛段,31.50,都市：住
RPQNMLSKLHKFFBH28CA,普義段,63.00,都市：住
RPQNMLSKLHKFFBH28CA,普義段,63.00,都市：住
RPQNMLSKLHKFFBH28CA,普義段,63.50,都市：住
RPQNMLSKLHKFFBH28CA,普義段,63.50,都市：住
RPQNMLTJLHKFFBH28CA,仁德段,75.68,都市：住
RPPNMLSJLHKFFBH08CA,新張段,683.02,非都市：特定農業區 ; 非都市編定：農牧用地
RPPNMLSJLHKFFBH08CA,新張段,683.01,非都市： ; 非都市編定：
RPTPMLKKLHKFFBH97CA,青平段,15.20,都市：住
RPVNMLKKLHKFFBH97CA,成功段,50.00,都市：住
RPSPMLKKLHKFFBH87CA,青平段,15.00,都市：住
RPTNMLKKLHKFFBH77CA,東寮段,69.41,都市：住
RPQPMLKKLHKFFBH67CA,青平段,21.20,都市：商
RPUPMLLKLHKFFBH18CA,普仁段,10.74,都市：商
RPQPMLQKLHKFFBH28CA,環東段,6.64,都市：住
RPUOMLMJMHKFFCH28CA,九座段,35.35,非都市：鄉村區 ; 非都市編定：乙種建築用地
RPWQMLPLLHKFFBH98CA,坡興段,1114.21,非都市：特定農業區 ; 非都市編定：農牧用地
RPQQMLMKLHKFFBH97CA,自立段,26.49,都市：住
RPQPMLRLLHKFFBH48CA,富強段,25.21,都市：住
RPVPMLNLLHKFFBH58CA,自立段,33.88,都市：住
RPOQMLMKLHKFFBH77CA,自立段,15.42,都市：住
RPTRMLMKLHKFFBH38CA,自立段,15.42,都市：住
RPVPMLMKLHKFFBH38CA,自立段,35.64,都市：住
RPVRMLMKLHKFFBH58CA,自立段,18.98,都市：住
RPPQMLMKLHKFFBH87CA,自立段,15.42,都市：住
RPSRMLMKLHKFFBH28CA,自立段,15.42,都市：住
RPTNMLMKLHKFFBH97CA,富台段,11.90,都市：住
RPPQMLQJLHKFFAH08CA,兔子坑段大湖頂小段,36.00,非都市：山坡地保育區 ; 非都市編定：丙種建築用地
RPOSMLKKLHKFFAH67CA,桃鶯段,9.19,都市：住
RPOSMLKKLHKFFAH67CA,桃鶯段,.08,都市：住
RPQNMLOJMHKFFBH87CA,環東段,18.69,都市：住
RPPRMLLKLHKFFAH77CA,新路段,8.75,都市：住
RPPRMLLKLHKFFAH77CA,新路段,22.50,都市：住
RPQPMLTJLHKFFAH38CA,樂善段,35.29,都市：住
RPPSMLKKLHKFFAH77CA,新路段,33.00,都市：住
RPWOMLKKLHKFFAH08CA,寶山段,10.04,都市：住
RPXPMLQJLHKFFAH78CA,兔子坑段大湖頂小段,17.50,非都市：山坡地保育區 ; 非都市編定：農牧用地
RPPNMLKKLHKFFAH27CA,陽明段,81.68,都市：住
RPPRMLLMLHKFFBH08CA,環東段,34.82,都市：住
RPPNMLOKLHKFFAH67CA,埔子段埔子小段,12.83,都市：住
RPUOMLTKLHKFFAH78CA,幸褔段,14.39,非都市：鄉村區 ; 非都市編定：乙種建築用地
RPVOMLMKLHKFFAH18CA,桃園段武陵小段,10.44,都市：住
RPPPMLTKLHKFFAH38CA,兔子坑段大湖頂小段,48.59,非都市：山坡地保育區 ; 非都市編定：丙種建築用地
RPROMLKLLHKFFAH67CA,雲林段,19.53,都市：住
RPWQMLLMLHKFFAH58CA,龍安段,70.50,都市：商
RPQPMLRKLHKFFAH28CA,富國段,43.87,都市：住
RPRPMLPLLHKFFAH28CA,中路段,17.03,都市：住
RPRPMLPLLHKFFAH28CA,中路段,.93,都市：住
RPRPMLPLLHKFFAH28CA,中路段,.31,都市：其他
RPRPMLKKLHKFFEH18DA,羊稠段,14.56,都市：住
RPVPMLTJLHKFFAH09EA,福元段,12.39,都市：住
RPVPMLTJLHKFFAH09EA,福元段,8.10,都市：住
RPWNMLRJMHKFFDH09DA,和平段,91.92,非都市：特定農業區 ; 非都市編定：甲種建築用地
RPUQMLTJLHKFFAH09EA,三元段,1.04,都市：其他
RPUQMLTJLHKFFAH09EA,三元段,3.98,都市：其他
RPUQMLTJLHKFFAH09EA,三元段,1.73,都市：其他
RPQQMLTJLHKFFAH68EA,三元段,7.46,都市：其他
RPQQMLTJLHKFFAH68EA,三元段,3.25,都市：其他
RPQQMLTJLHKFFAH68EA,三元段,1.94,都市：其他
RPTPMLQLLHKFFAH58CA,大有段,3.75,都市：住
RPXNMLPLLHKFFAH68CA,建新段,72.73,都市：住
RPVQMLTJLHKFFAH56EA,三元段,1.04,都市：其他
RPVQMLTJLHKFFAH56EA,三元段,3.98,都市：其他
RPVQMLTJLHKFFAH56EA,三元段,1.73,都市：其他
RPPPMLNKMHKFFAH08EA,慈文段,25.23,都市：住
RPQNMLLMLHKFFAH67CA,興華段,54.62,都市：住
RPTOMLKKMHKFFAH87CA,龍祥段,28.26,都市：住
RPVNMLRJMHKFFAH58CA,和平段,28.08,都市：住
RPWNMLRJMHKFFAH68CA,和平段,28.08,都市：住
RPXQMLSKLHKFFCH86DA,八張犁段,1662.00,非都市：一般農業區 ; 非都市編定：農牧用地
RPQPMLNLLHKFFBH28EA,忠福段,176.00,都市：農
RPQPMLNLLHKFFBH28EA,忠福段,23.00,都市：農
RPTPMLQLLHKFFBH88EA,藍埔段,33.65,非都市：特定農業區 ; 非都市編定：甲種建築用地
RPPOMLKLLHKFFFH18EA,興仁段,37.20,都市：商
RPPOMLKLLHKFFFH18EA,興仁段,233.45,都市：住
RPPOMLKLLHKFFFH18EA,興仁段,2.81,都市：住
RPXPMLTJLHKFFAH56DA,大樹林段,22.76,都市：住
RPOOMLTJLHKFFAH18DA,同安段,26.69,都市：住
RPOOMLTJLHKFFAH18DA,同安段,.49,都市：住
RPOOMLTJLHKFFAH18DA,同安段,1.02,都市：住
RPXNMLSKLHKFFEH86EA,竹圍段崁下小段,111.00,都市：商
RPWNMLSKLHKFFEH76EA,竹圍段崁下小段,13.00,都市：商
RPRRMLKKLHKFFAH97DA,龍祥段,11.70,都市：住
RPPPMLTJLHKFFAH38DA,福元段,6.59,都市：住
RPQOMLKKLHKFFBH67DA,興南段興南小段,4.32,都市：商
RPVNMLSKLHKFFEH66EA,竹圍段崁下小段,175.00,都市：商
RPVNMLSKLHKFFEH66EA,竹圍段崁下小段,5.00,都市：商
RPVNMLSKLHKFFEH66EA,竹圍段崁下小段,135.00,都市：商
RPQOMLTJLHKFFBH48DA,普義段,99.57,都市：住
RPPNMLLMLHKFFBH67CA,茄苳坑段對面厝小段,62.00,非都市：特定農業區 ; 非都市編定：甲種建築用地
RPUNMLTJLHKFFBH78DA,復興段,76.80,都市：住
RPOOMLLKLHKFFBH57DA,中原段,92.53,都市：住
RPQPMLQKPHKFFBH88EA,自立段,34.85,都市：住
RPPOMLNKLHKFFDH18EA,草湳坡段埔心小段,6.01,都市：住
RPRSMLMKLHKFFBH38DA,山上段,27.58,非都市：特定農業區 ; 非都市編定：甲種建築用地
RPRSMLMKLHKFFBH38DA,山上段,53.40,非都市：特定農業區 ; 非都市編定：甲種建築用地
RPRSMLMKLHKFFBH38DA,山上段,25.36,非都市：特定農業區 ; 非都市編定：農牧用地
RPRSMLMKLHKFFBH38DA,山上段,14.94,非都市：特定農業區 ; 非都市編定：農牧用地
RPSSMLMKLHKFFBH48DA,山上段,30.36,非都市：特定農業區 ; 非都市編定：甲種建築用地
RPSSMLMKLHKFFBH48DA,山上段,58.77,非都市：特定農業區 ; 非都市編定：甲種建築用地
RPSSMLMKLHKFFBH48DA,山上段,40.39,非都市：特定農業區 ; 非都市編定：農牧用地
RPSSMLMKLHKFFBH48DA,山上段,16.50,非都市：特定農業區 ; 非都市編定：農牧用地
RPXNMLLKLHKFFGH98EA,福林段,2641.75,非都市：特定農業區 ; 非都市編定：農牧用地
RPSNMLOKLHKFFGH58CA,平鎮段,15.17,都市：住
RPQNMLKKLHKFFGH97CA,金星段,23.45,都市：住
RPSNMLQJLHKFFGH68CA,義民段,17.68,都市：住
RPSNMLQKLHKFFGH78CA,金獅段,91.15,非都市：鄉村區 ; 非都市編定：乙種建築用地
RPWNMLQKLHKFFGH56CA,廣東段,12.44,都市：住
RPQNMLLKLHKFFGH08CA,新勢段,.12,都市：住
RPQNMLLKLHKFFGH08CA,新勢段,19.64,都市：住
RPQNMLLKLHKFFGH08CA,新勢段,.98,都市：住
RPXNMLQKLHKFFGH66CA,平鎮段,63.09,都市：住
RPTNMLSKLHKFFFH98CA,高城段,13.29,都市：住
RPTNMLSKLHKFFFH98CA,高城段,13.29,都市：住
RPVNMLSKLHKFFFH56CA,高城段,27.74,都市：住
RPQOMLSKLHKFFGH88CA,平鎮段,9.99,都市：商
RPQNMLSKLHKFFGH78CA,平鎮段,75.32,都市：住
RPQNMLQKLHKFFGH58CA,金星段,19.19,都市：住
RPPNMLQKLHKFFGH48CA,金星段,18.12,都市：住
RPSNMLTJLHKFFEH78CA,南崁廟口段廟口小段,22.33,都市：住
RPSNMLTJLHKFFEH78CA,南崁廟口段廟口小段,1.19,都市：住
RPTPMLQJLHKFFEH78CA,坑子外段山腳小段,99.00,非都市：鄉村區 ; 非都市編定：乙種建築用地
RPTOMLKKLHKFFEH18CA,上興段,5.04,都市：工
RPPOMLLMLHKFFGH28CA,平鎮段,16.99,都市：住
RPUNMLKKLHKFFEH18CA,沙崙段沙崙小段,1650.00,非都市：一般農業區 ; 非都市編定：農牧用地
RPTNMLKKLHKFFFH18CA,豐田段,8.56,都市：住
RPTNMLKKLHKFFFH18CA,豐田段,6.49,都市：住
RPTNMLKKLHKFFFH18CA,豐田段,18.82,都市：住
RPQNMLKKLHKFFFH87CA,高城段,3.46,都市：住
RPPNMLMKLHKFFEH87CA,埔心段埔心小段,1710.00,非都市：特定農業區 ; 非都市編定：農牧用地
RPROMLMKLHKFFEH18CA,河底段,12.92,都市：住
RPROMLSKLHKFFEH78CA,竹圍段崁下小段,51.72,都市：住
RPROMLSKLHKFFEH78CA,竹圍段崁下小段,5.97,都市：其他
RPROMLSKLHKFFEH78CA,竹圍段崁下小段,.03,都市：住
RPROMLSKLHKFFEH78CA,竹圍段崁下小段,.24,都市：其他
RPROMLSKLHKFFEH78CA,竹圍段崁下小段,31.26,都市：住
RPROMLSKLHKFFEH78CA,竹圍段崁下小段,10.89,都市：住
RPROMLSKLHKFFEH78CA,竹圍段崁下小段,9.70,都市：其他
RPROMLSKLHKFFEH78CA,竹圍段崁下小段,14.96,都市：其他
RPROMLSKLHKFFEH78CA,竹圍段崁下小段,6.99,都市：住
RPROMLSKLHKFFEH78CA,竹圍段崁下小段,12.42,都市：住
RPROMLSKLHKFFEH78CA,竹圍段崁下小段,1.47,都市：住
RPROMLSKLHKFFEH78CA,竹圍段崁下小段,.03,都市：住
RPUOMLNKLHKFFEH58CA,沙崙段坡堵小段,552.16,非都市：一般農業區 ; 非都市編定：農牧用地
RPUOMLNKLHKFFEH58CA,沙崙段坡堵小段,552.16,非都市：一般農業區 ; 非都市編定：農牧用地
RPUOMLNKLHKFFEH58CA,沙崙段坡堵小段,552.16,非都市：一般農業區 ; 非都市編定：農牧用地
RPUOMLNKLHKFFEH58CA,沙崙段坡堵小段,197.20,非都市：一般農業區 ; 非都市編定：農牧用地
RPUOMLNKLHKFFEH58CA,沙崙段坡堵小段,118.32,非都市：一般農業區 ; 非都市編定：農牧用地
RPUNMLSKLHKFFEH98CA,上興段,165.51,都市：農
RPUNMLQKLHKFFEH78CA,大竹段,18.25,都市：住
RPSNMLNKLHKFFEH28CA,六福段,5.37,都市：住
RPWNMLLMLHKFFEH68CA,內海墘段,33.50,非都市：一般農業區 ; 非都市編定：甲種建築用地
RPWNMLLMLHKFFEH68CA,內海墘段,33.50,非都市：一般農業區 ; 非都市編定：甲種建築用地
RPQNMLLMLHKFFEH08CA,富興段,75.78,都市：農
RPQNMLLMLHKFFEH08CA,富興段,3.45,都市：農
RPPOMLMKLHKFFGH18CA,金星段,18.12,都市：住
RPUNMLKLLHKFFGH68EA,金星段,95.07,都市：住
RPWNMLLJMHKFFEH48CA,羊稠段,60.71,都市：住
RPQNMLQJMHKFFEH38CA,青峰段,34.77,都市：住
RPPNMLQJMHKFFEH28CA,青峰段,34.77,都市：住
RPUOMLLJMHKFFEH38CA,五福段,24.82,都市：住
RPVNMLRLLHKFFEH09CA,南新段,3.31,都市：住
RPTOMLNKLHKFFEH48CA,坑子段赤塗崎小段,1164.00,都市：其他
RPWNMLNKLHKFFEH68CA,羊稠段,13.78,都市：住
RPVNMLKKLHKFFEH28CA,六福段,3.78,都市：住
RPVNMLKKLHKFFEH28CA,六福段,3.78,都市：住
RPRNMLLKLHKFFEH97CA,南崁廟口段廟口小段,21.84,都市：住
RPRNMLLKLHKFFEH97CA,南崁廟口段廟口小段,.47,都市：住
RPRNMLLKLHKFFEH97CA,南崁廟口段營盤坑小段,9.70,都市：住
RPSNMLMKLHKFFEH18CA,南崁廟口段營盤坑小段,16.40,都市：住
RPQNMLKKLHKFFEH77CA,坑子口段海湖小段,88.00,非都市：一般農業區 ; 非都市編定：甲種建築用地
RPRNMLKKLHKFFFH97CA,瑞豐段,21.51,非都市：鄉村區 ; 非都市編定：乙種建築用地
RPTNMLTKLHKFFFH09CA,豐田段,35.00,都市：住
RPSNMLTKLHKFFFH98CA,豐田段,34.10,都市：住
RPUNMLTKLHKFFFH56CA,豐田段,26.92,都市：住
RPOOMLMKLHKFFEH87CA,水尾段,17.17,都市：工
RPVNMLTKLHKFFFH66CA,豐田段,42.18,都市：住
RPSQMLTKLHKFFFH66CA,力行段,19.62,都市：住
RPWNMLTKLHKFFFH76CA,豐田段,35.90,都市：住
RPPNMLPLLHKFFEH28CA,貨運段,489.68,非都市：一般農業區 ; 非都市編定：農牧用地
RPQNMLOLLHKFFFH38CA,興豐段,6.98,都市：住
RPQNMLOLLHKFFFH38CA,興豐段,15.18,都市：商
RPUOMLTKLHKFFEH56CA,羊稠段,20.33,都市：商
RPSNMLTKLHKFFEH88CA,竹圍段拔子林小段,12.15,都市：住
RPRNMLTKLHKFFEH78CA,竹圍段拔子林小段,13.05,都市：住
RPQNMLTKLHKFFEH68CA,竹圍段拔子林小段,13.81,都市：住
RPTNMLTKLHKFFEH98CA,竹圍段拔子林小段,24.32,都市：住
RPVNMLOLLHKFFGH98CA,南華段,136.78,非都市：鄉村區 ; 非都市編定：乙種建築用地
RPPNMLKMLHKFFFH97CA,營盤段,31.59,非都市：特定農業區 ; 非都市編定：甲種建築用地
RPRNMLRKLHKFFGH78CA,福林段,1419.83,非都市：一般農業區 ; 非都市編定：丁種建築用地
RPRNMLRKLHKFFGH78CA,福林段,53.98,非都市：一般農業區 ; 非都市編定：丁種建築用地
RPQNMLQJMHKFFGH58CA,環南段,6.01,都市：其他
RPQNMLQJMHKFFGH58CA,環南段,1.74,都市：其他
RPVNMLNLLHKFFGH88CA,宋屋段高山下小段,33.14,都市：住
RPPNMLNLLHKFFGH28CA,宋屋段高山下小段,38.83,都市：住
RPQNMLNLLHKFFGH38CA,宋屋段高山下小段,38.83,都市：住
RPWNMLNLLHKFFGH98CA,宋屋段高山下小段,33.14,都市：住
RPVPMLNLLHKFFAH58DA,建國段,14.51,都市：住
RPSOMLLKLHKFFBH97DA,中寮段,13.26,都市：住
RPQNMLLMLHKFFFH18CA,福興段,35.92,都市：住
RPROMLQKLHKFFAH28DA,幸褔段,16.89,非都市：鄉村區 ; 非都市編定：乙種建築用地
RPTNMLRKLHKFFBH58DA,中寮段,22.14,都市：住
RPVNMLMKLHKFFGH88EA,六和段,6.09,都市：住
RPSNMLLJMHKFFFH18CA,興豐段,41.13,都市：住
RPTNMLQKMHKFFFH09EA,大發段,98.59,非都市：鄉村區 ; 非都市編定：乙種建築用地
RPTNMLQKMHKFFFH09EA,大發段,28.40,非都市：鄉村區 ; 非都市編定：乙種建築用地
RPTNMLQKMHKFFFH09EA,大發段,41.68,非都市：鄉村區 ; 非都市編定：乙種建築用地
RPSNMLQKMHKFFFH98EA,大發段,175.89,非都市：鄉村區 ; 非都市編定：乙種建築用地
RPRNMLKKLHKFFGH08CA,湧安段,33.14,都市：住
RPPNMLSJMHKFFFH78EA,興隆段,130.12,非都市：特定農業區 ; 非都市編定：水利用地
RPPNMLSJMHKFFFH78EA,建國段,5.59,非都市：特定農業區 ; 非都市編定：水利用地
RPQNMLSJMHKFFFH88EA,廣隆段,6.55,非都市：特定農業區 ; 非都市編定：農牧用地
RPQNMLSJMHKFFFH88EA,廣隆段,16.41,非都市：特定農業區 ; 非都市編定：農牧用地
RPSOMLLKLHKFFDH28EA,石磊子段水流小段,85.20,非都市：特定農業區 ; 非都市編定：甲種建築用地
RPVOMLLJMHKFFAH18DA,忠義段,24.41,都市：住
RPVOMLLJMHKFFAH18DA,忠義段,.43,都市：住
RPQPMLLJMHKFFAH77DA,忠義段,22.31,都市：住
RPQPMLLJMHKFFAH77DA,忠義段,.39,都市：住
RPPPMLMKLHKFFAH77DA,龍安段,14.67,都市：住
RPTOMLNKLHKFFAH18DA,中山段,11.98,都市：商
RPVOMLQKLHKFFAH78EA,龍祥段,29.16,都市：住
RPWOMLSKLHKFFBH56EA,內厝段,516.15,非都市：特定農業區 ; 非都市編定：甲種建築用地
RPSNMLRKMHKFFFH09EA,華興段,51.94,非都市：鄉村區 ; 非都市編定：乙種建築用地
RPUNMLKKLHKFFAH97EA,三元段,7.78,都市：其他
RPUNMLKKLHKFFAH97EA,三元段,29.86,都市：其他
RPUNMLKKLHKFFAH97EA,三元段,12.99,都市：其他
RPVNMLKKLHKFFAH08EA,三元段,23.33,都市：其他
RPVNMLKKLHKFFAH08EA,三元段,89.57,都市：其他
RPVNMLKKLHKFFAH08EA,三元段,38.96,都市：其他
RPTNMLKKLHKFFAH87EA,三元段,7.78,都市：其他
RPTNMLKKLHKFFAH87EA,三元段,29.86,都市：其他
RPTNMLKKLHKFFAH87EA,三元段,12.99,都市：其他
RPUPMLNKLHKFFAH48EA,中德段,29.44,都市：住
RPUPMLNKLHKFFAH48EA,中德段,29.79,都市：住
RPRQMLTJLHKFFAH78EA,三元段,1.04,都市：其他
RPRQMLTJLHKFFAH78EA,三元段,3.98,都市：其他
RPRQMLTJLHKFFAH78EA,三元段,1.73,都市：其他
RPPNMLQLLHKFFDH38DA,上湖段,104.00,非都市：特定農業區 ; 非都市編定：甲種建築用地
RPSQMLTJLHKFFAH88EA,三元段,1.94,都市：其他
RPSQMLTJLHKFFAH88EA,三元段,7.46,都市：其他
RPSQMLTJLHKFFAH88EA,三元段,3.25,都市：其他
RPTQMLTJLHKFFAH98EA,三元段,1.94,都市：其他
RPTQMLTJLHKFFAH98EA,三元段,7.46,都市：其他
RPTQMLTJLHKFFAH98EA,三元段,3.25,都市：其他
RPSOMLRJMHKFFGH98CA,平鎮段,11.32,都市：商
RPSNMLLKLHKFFCH08EA,北龍段,20.81,都市：商
RPSNMLKKLHKFFAH77EA,三元段,3.11,都市：其他
RPSNMLKKLHKFFAH77EA,三元段,11.94,都市：其他
RPSNMLKKLHKFFAH77EA,三元段,5.19,都市：其他
RPWNMLRJMHKFFGH66CA,平鎮段,11.32,都市：商
RPQOMLMKLHKFFEH18DA,河底段,24.28,都市：住
RPPPMLLMLHKFFAH77CA,埔子段埔子小段,22.33,都市：住
RPSQMLNLLHKFFAH28CA,新埔段,32.22,都市：住
RPWPMLTJLHKFFGH07DA,廣東段,12.92,都市：住
RPVNMLQKLHKFFEH98DA,五福段,16.65,都市：住
RPVNMLTKLHKFFAH78CA,陸光段,37.75,都市：住
RPROMLLJMHKFFCH08EA,民豐段,75.88,非都市：鄉村區 ; 非都市編定：乙種建築用地
RPPPMLNKLHKFFAH77CA,延壽段,1.26,都市：住
RPOPMLNKLHKFFAH67CA,桃園段武陵小段,2.95,都市：商
RPSPMLQLLHKFFAH48CA,慈文段,8.45,都市：住
RPUNMLMKLHKFFAH97CA,富國段,14.30,都市：住
RPOTMLLJMHKFFAH87CA,同安段,15.85,都市：住
RPRQMLLJMHKFFAH87CA,大有段,12.55,都市：住
RPUPMLQKLHKFFAH58CA,自強段,78.00,都市：住
RPVQMLKLLHKFFAH28CA,寶山段,15.19,都市：住
RPWPMLTJLHKFFAH98CA,會稽段,5.14,都市：其他
RPWPMLTJLHKFFAH98CA,會稽段,.53,都市：其他
RPRPMLKKLHKFFAH67CA,和平段,12.62,都市：住
RPRSMLNKLHKFFAH28CA,慈文段,23.00,都市：住
RPUOMLKKLHKFFAH87CA,忠義段,30.05,都市：住
RPUOMLKKLHKFFAH87CA,忠義段,.53,都市：住
RPVOMLKKLHKFFAH97CA,龍鳳段,20.17,都市：住
RPVOMLKKLHKFFAH97CA,龍鳳段,.70,都市：住
RPVQMLKKLHKFFAH18CA,寶山段,15.38,都市：商
RPRSMLKKLHKFFAH97CA,東嶺段,28.04,非都市：鄉村區 ; 非都市編定：乙種建築用地
RPSRMLKKLHKFFAH97CA,埔子段埔子小段,15.94,都市：住
RPPOMLLKLHKFFAH47CA,慈文段,14.69,都市：住
RPURMLKKLHKFFAH18CA,桃鶯段,26.18,都市：工
RPRQMLOKMHKFFAH28CA,龍祥段,19.28,都市：住
RPUPMLRKLHKFFAH68CA,桃園段武陵小段,8.21,都市：商
RPTNMLQKMHKFFAH38CA,福元段,8.10,都市：住
RPUPMLKKLHKFFBH08CA,中壢埔頂段,82.00,都市：住
RPUNMLRKLHKFFAH48CA,雲林段,88.11,都市：住
RPVQMLPLLHKFFBH88CA,大同段,73.50,都市：住
RPVQMLPLLHKFFBH88CA,大同段,27.85,都市：住
RPTPMLMKLHKFFBH18CA,雙嶺段,20.07,都市：住
RPWOMLKKLHKFFBH18CA,月眉段,1976.00,非都市：特定農業區 ; 非都市編定：農牧用地
RPWOMLKKLHKFFBH18CA,月眉段,2881.00,非都市：特定農業區 ; 非都市編定：農牧用地
RPPOMLLKLHKFFBH57CA,三座屋段舊社小段,59.92,都市：商
RPPOMLLKLHKFFBH57CA,三座屋段舊社小段,21.74,都市：商
RPTNMLLKLHKFFBH87CA,後興段,13.96,都市：住
RPPNMLNLLHKFFBH77CA,中觀段,258.76,非都市：特定農業區 ; 非都市編定：甲種建築用地
RPPNMLNLLHKFFBH77CA,中觀段,522.12,非都市：特定農業區 ; 非都市編定：甲種建築用地
RPPNMLNLLHKFFBH77CA,中觀段,350.52,非都市：特定農業區 ; 非都市編定：甲種建築用地
RPPNMLNLLHKFFBH77CA,中觀段,6.32,非都市：特定農業區 ; 非都市編定：甲種建築用地
RPUQMLLKLHKFFBH28CA,興南段興南小段,4.45,都市：商
RPWPMLLKLHKFFBH38CA,內厝段,41.85,非都市：特定農業區 ; 非都市編定：甲種建築用地
RPOOMLRKLHKFFBH08CA,自立段,17.01,都市：住
RPORMLRKLHKFFBH38CA,中原段,75.50,都市：其他
RPWOMLLKLHKFFAH18CA,興華段,58.42,都市：住
RPWNMLPLLHKFFDH88CA,田心段,4.72,非都市：特定農業區 ; 非都市編定：甲種建築用地
RPWNMLPLLHKFFDH88CA,田心段,4.56,非都市：特定農業區 ; 非都市編定：甲種建築用地
RPWNMLPLLHKFFDH88CA,田心段,2.45,非都市：特定農業區 ; 非都市編定：甲種建築用地
RPWNMLPLLHKFFDH88CA,田心段,10.06,非都市：特定農業區 ; 非都市編定：甲種建築用地
RPWNMLPLLHKFFDH88CA,田心段,63.75,非都市：特定農業區 ; 非都市編定：甲種建築用地
RPXNMLKLLHKFFBH28CA,普義段,5.85,都市：住
RPUOMLSKLHKFFBH78CA,培英段,25.11,都市：住
RPVOMLSKLHKFFBH88CA,培英段,24.51,都市：住
RPPNMLNLLHKFFDH97CA,仁美段,22.54,都市：農
RPPNMLNLLHKFFDH97CA,仁美段,8.17,都市：農
RPROMLNKLHKFFDH18CA,長岡嶺段,9.07,都市：住
RPQNMLMKLHKFFDH87CA,四湖段,36.92,非都市：特定農業區 ; 非都市編定：甲種建築用地
RPQOMLLKLHKFFDH87CA,蚵殼港段蚵殼港小段,2530.00,非都市：特定農業區 ; 非都市編定：農牧用地
RPRNMLKKLHKFFDH77CA,老莊段,77.19,都市：住
RPOQMLKKLHKFFDH77CA,員笨段,73.50,非都市：特定農業區 ; 非都市編定：農牧用地
RPPQMLKKLHKFFDH87CA,員笨段,111.00,非都市：特定農業區 ; 非都市編定：農牧用地
RPWOMLQKLHKFFBH78CA,永興段,29.30,都市：住
RPPNMLKKLHKFFDH57CA,二重溪段,13.16,都市：住
RPPNMLKKLHKFFDH57CA,二重溪段,2.87,都市：住
RPPNMLKKLHKFFDH57CA,二重溪段,60.00,都市：住
RPRNMLQKLHKFFBH18CA,自立段,31.73,都市：住
RPXPMLKKLHKFFDH58CA,草湳坡段埔心小段,26.49,都市：住
RPTOMLSKLHKFFCH78CA,燈潭段,11.91,非都市：一般農業區 ; 非都市編定：甲種建築用地
RPPPMLLJMHKFFCH77CA,三洽水段,.62,非都市：山坡地保育區 ; 非都市編定：丙種建築用地
RPPPMLLJMHKFFCH77CA,三洽水段,3.33,非都市：山坡地保育區 ; 非都市編定：丙種建築用地
RPPPMLLJMHKFFCH77CA,三洽水段,38.89,非都市：山坡地保育區 ; 非都市編定：丙種建築用地
RPPPMLLJMHKFFCH77CA,三洽水段,191.00,非都市：山坡地保育區 ; 非都市編定：丙種建築用地
RPPQMLKLLHKFFCH87CA,烏樹林段,38.40,非都市：鄉村區 ; 非都市編定：乙種建築用地
RPSNMLKLLHKFFCH87CA,仁武段,48.04,都市：住
RPSNMLKLLHKFFCH87CA,埔頂段,.52,都市：其他
RPSNMLKLLHKFFCH87CA,埔頂段,.11,都市：其他
RPSNMLKLLHKFFCH87CA,埔頂段,.30,都市：其他
RPSNMLKLLHKFFCH87CA,埔頂段,.12,都市：其他
RPPNMLKLLHKFFCH57CA,仁武段,48.41,都市：住
RPPNMLKLLHKFFCH57CA,埔頂段,.52,都市：其他
RPPNMLKLLHKFFCH57CA,埔頂段,.11,都市：其他
RPPNMLKLLHKFFCH57CA,埔頂段,.31,都市：其他
RPPNMLKLLHKFFCH57CA,埔頂段,.12,都市：其他
RPRNMLKLLHKFFCH77CA,仁武段,48.04,都市：住
RPRNMLKLLHKFFCH77CA,埔頂段,.52,都市：其他
RPRNMLKLLHKFFCH77CA,埔頂段,.11,都市：其他
RPRNMLKLLHKFFCH77CA,埔頂段,.30,都市：其他
RPRNMLKLLHKFFCH77CA,埔頂段,.12,都市：其他
RPTNMLKLLHKFFCH97CA,仁武段,48.04,都市：住
RPTNMLKLLHKFFCH97CA,埔頂段,.52,都市：其他
RPTNMLKLLHKFFCH97CA,埔頂段,.11,都市：其他
RPTNMLKLLHKFFCH97CA,埔頂段,.30,都市：其他
RPTNMLKLLHKFFCH97CA,埔頂段,.12,都市：其他
RPRNMLLKLHKFFCH77CA,永興段,33.26,非都市：鄉村區 ; 非都市編定：乙種建築用地
RPQNMLKLLHKFFCH67CA,仁武段,48.41,都市：住
RPQNMLKLLHKFFCH67CA,埔頂段,.52,都市：其他
RPQNMLKLLHKFFCH67CA,埔頂段,.11,都市：其他
RPQNMLKLLHKFFCH67CA,埔頂段,.31,都市：其他
RPQNMLKLLHKFFCH67CA,埔頂段,.12,都市：其他
RPSNMLLKLHKFFCH87CA,石屯段上石屯小段,859.00,都市：工
RPSNMLLKLHKFFCH87CA,石屯段上石屯小段,138.85,都市：工
RPSNMLTJMHKFFDH78CA,長岡嶺段,14.44,都市：住
RPTNMLMKLHKFFCH08CA,三層段三層小段,78.25,非都市：風景區 ; 非都市編定：丁種建築用地
RPTNMLMKLHKFFCH08CA,三層段三層小段,390.00,非都市：風景區 ; 非都市編定：丁種建築用地
RPTNMLMKLHKFFCH08CA,三層段三層小段,8.50,非都市：風景區 ; 非都市編定：農牧用地
RPUNMLLKLHKFFCH08CA,成功段,110.84,非都市：特定農業區 ; 非都市編定：甲種建築用地
RPTOMLLKLHKFFCH08CA,黃龍段,124.56,都市：農
RPWNMLTKLHKFFCH09CA,仁武段,48.04,都市：住
RPWNMLTKLHKFFCH09CA,埔頂段,.52,都市：其他
RPWNMLTKLHKFFCH09CA,埔頂段,.11,都市：其他
RPWNMLTKLHKFFCH09CA,埔頂段,.30,都市：其他
RPWNMLTKLHKFFCH09CA,埔頂段,.12,都市：其他
RPUOMLLKLHKFFCH18CA,龍祥段,73.93,非都市：鄉村區 ; 非都市編定：乙種建築用地
RPXOMLLKLHKFFCH48CA,銅鑼圈段,76.17,非都市：山坡地保育區 ; 非都市編定：丙種建築用地
RPXOMLLKLHKFFCH48CA,銅鑼圈段,8.00,非都市：山坡地保育區 ; 非都市編定：丙種建築用地
RPXOMLLKLHKFFCH48CA,銅鑼圈段,8.75,非都市：山坡地保育區 ; 非都市編定：丙種建築用地
RPXOMLLKLHKFFCH48CA,銅鑼圈段,238.00,非都市：山坡地保育區 ; 非都市編定：丙種建築用地
RPXOMLLKLHKFFCH48CA,銅鑼圈段,1.08,非都市：山坡地保育區 ; 非都市編定：丙種建築用地
RPXOMLLKLHKFFCH48CA,銅鑼圈段,1.25,非都市：山坡地保育區 ; 非都市編定：丙種建築用地
RPWNMLKKLHKFFCH18CA,南興段廣福小段,85.58,非都市：特定農業區 ; 非都市編定：甲種建築用地
RPUPMLLKLHKFFCH28CA,佳安段,13.13,非都市：一般農業區 ; 非都市編定：甲種建築用地
RPUNMLKKLHKFFCH97CA,八張犁段,78.00,非都市：鄉村區 ; 非都市編定：乙種建築用地
RPRNMLNKLHKFFCH97CA,三林段,51.04,非都市：鄉村區 ; 非都市編定：乙種建築用地
RPVPMLLKLHKFFCH38CA,烏樹林段,25.00,非都市：鄉村區 ; 非都市編定：乙種建築用地
RPOOMLLKLHKFFCH57CA,南龍段,12.57,都市：住
RPOOMLLKLHKFFCH57CA,南龍段,.12,都市：住
RPXNMLLKLHKFFCH38CA,南龍段,27.61,都市：住
RPXNMLLKLHKFFCH38CA,南龍段,.26,都市：住
RPWNMLLKLHKFFCH28CA,南龍段,27.57,都市：住
RPWNMLLKLHKFFCH28CA,南龍段,.26,都市：住
RPROMLNKLHKFFCH08CA,竹窩子段,246.00,非都市：一般農業區 ; 非都市編定：甲種建築用地
RPWPMLLKLHKFFCH48CA,中正段,15.84,非都市：鄉村區 ; 非都市編定：乙種建築用地
RPWPMLLKLHKFFCH48CA,中正段,50.50,非都市：鄉村區 ; 非都市編定：乙種建築用地
RPWOMLLKLHKFFCH38CA,銅鑼圈段,76.17,非都市：山坡地保育區 ; 非都市編定：丙種建築用地
RPWOMLLKLHKFFCH38CA,銅鑼圈段,8.00,非都市：山坡地保育區 ; 非都市編定：丙種建築用地
RPWOMLLKLHKFFCH38CA,銅鑼圈段,231.00,非都市：山坡地保育區 ; 非都市編定：丙種建築用地
RPWOMLLKLHKFFCH38CA,銅鑼圈段,8.75,非都市：山坡地保育區 ; 非都市編定：丙種建築用地
RPWOMLLKLHKFFCH38CA,銅鑼圈段,1.08,非都市：山坡地保育區 ; 非都市編定：丙種建築用地
RPWOMLLKLHKFFCH38CA,銅鑼圈段,1.25,非都市：山坡地保育區 ; 非都市編定：丙種建築用地
RPPOMLLKLHKFFCH67CA,龍祥段,34.44,非都市：鄉村區 ; 非都市編定：乙種建築用地
RPOPMLLKLHKFFCH67CA,銅鑼圈段,76.17,非都市：山坡地保育區 ; 非都市編定：丙種建築用地
RPOPMLLKLHKFFCH67CA,銅鑼圈段,8.00,非都市：山坡地保育區 ; 非都市編定：丙種建築用地
RPOPMLLKLHKFFCH67CA,銅鑼圈段,231.00,非都市：山坡地保育區 ; 非都市編定：丙種建築用地
RPOPMLLKLHKFFCH67CA,銅鑼圈段,8.75,非都市：山坡地保育區 ; 非都市編定：丙種建築用地
RPOPMLLKLHKFFCH67CA,銅鑼圈段,1.08,非都市：山坡地保育區 ; 非都市編定：丙種建築用地
RPOPMLLKLHKFFCH67CA,銅鑼圈段,1.25,非都市：山坡地保育區 ; 非都市編定：丙種建築用地
RPVNMLKLLHKFFCH18CA,仁武段,64.61,都市：住
RPVNMLKLLHKFFCH18CA,埔頂段,.70,都市：其他
RPVNMLKLLHKFFCH18CA,埔頂段,.15,都市：其他
RPVNMLKLLHKFFCH18CA,埔頂段,.41,都市：其他
RPVNMLKLLHKFFCH18CA,埔頂段,.12,都市：其他
RPPNMLMKLHKFFCH67CA,武漢段,91.19,非都市：鄉村區 ; 非都市編定：乙種建築用地
RPXNMLKLLHKFFCH38CA,仁武段,64.24,都市：住
RPXNMLKLLHKFFCH38CA,埔頂段,.69,都市：其他
RPXNMLKLLHKFFCH38CA,埔頂段,.15,都市：其他
RPXNMLKLLHKFFCH38CA,埔頂段,.41,都市：其他
RPXNMLKLLHKFFCH38CA,埔頂段,.16,都市：其他
RPXNMLMKLHKFFCH48CA,奉慈段,75.17,非都市：一般農業區 ; 非都市編定：甲種建築用地
RPWNMLKLLHKFFCH28CA,仁武段,64.61,都市：住
RPWNMLKLLHKFFCH28CA,埔頂段,.70,都市：其他
RPWNMLKLLHKFFCH28CA,埔頂段,.15,都市：其他
RPWNMLKLLHKFFCH28CA,埔頂段,.41,都市：其他
RPWNMLKLLHKFFCH28CA,埔頂段,.16,都市：其他
RPPOMLKLLHKFFCH67CA,仁武段,48.41,都市：住
RPPOMLKLLHKFFCH67CA,埔頂段,.52,都市：其他
RPPOMLKLLHKFFCH67CA,埔頂段,.11,都市：其他
RPPOMLKLLHKFFCH67CA,埔頂段,.31,都市：其他
RPPOMLKLLHKFFCH67CA,埔頂段,.12,都市：其他
RPROMLKLLHKFFCH87CA,仁武段,29.76,都市：住
RPROMLKLLHKFFCH87CA,埔頂段,.32,都市：其他
RPROMLKLLHKFFCH87CA,埔頂段,.07,都市：其他
RPROMLKLLHKFFCH87CA,埔頂段,.19,都市：其他
RPROMLKLLHKFFCH87CA,埔頂段,.07,都市：其他
RPSOMLKLLHKFFCH97CA,仁武段,29.76,都市：住
RPSOMLKLLHKFFCH97CA,埔頂段,.32,都市：其他
RPSOMLKLLHKFFCH97CA,埔頂段,.07,都市：其他
RPSOMLKLLHKFFCH97CA,埔頂段,.19,都市：其他
RPSOMLKLLHKFFCH97CA,埔頂段,.07,都市：其他
RPTOMLKLLHKFFCH08CA,仁武段,48.04,都市：住
RPTOMLKLLHKFFCH08CA,埔頂段,.52,都市：其他
RPTOMLKLLHKFFCH08CA,埔頂段,.11,都市：其他
RPTOMLKLLHKFFCH08CA,埔頂段,.30,都市：其他
RPTOMLKLLHKFFCH08CA,埔頂段,.12,都市：其他
RPPOMLQKLHKFFCH18CA,石門段,18.24,都市：住
RPUOMLKLLHKFFCH18CA,仁武段,64.61,都市：住
RPUOMLKLLHKFFCH18CA,埔頂段,.70,都市：其他
RPUOMLKLLHKFFCH18CA,埔頂段,.15,都市：其他
RPUOMLKLLHKFFCH18CA,埔頂段,.41,都市：其他
RPUOMLKLLHKFFCH18CA,埔頂段,.16,都市：其他
RPQOMLQKLHKFFCH28CA,北興段,27.67,非都市：特定農業區 ; 非都市編定：甲種建築用地
RPVOMLKLLHKFFCH28CA,仁武段,64.61,都市：住
RPVOMLKLLHKFFCH28CA,埔頂段,.70,都市：其他
RPVOMLKLLHKFFCH28CA,埔頂段,.15,都市：其他
RPVOMLKLLHKFFCH28CA,埔頂段,.41,都市：其他
RPVOMLKLLHKFFCH28CA,埔頂段,.16,都市：其他
RPOPMLKLLHKFFCH67CA,仁武段,48.04,都市：住
RPOPMLKLLHKFFCH67CA,埔頂段,.52,都市：其他
RPOPMLKLLHKFFCH67CA,埔頂段,.11,都市：其他
RPOPMLKLLHKFFCH67CA,埔頂段,.30,都市：其他
RPOPMLKLLHKFFCH67CA,埔頂段,.12,都市：其他
RPXOMLKLLHKFFCH48CA,仁武段,48.04,都市：住
RPXOMLKLLHKFFCH48CA,埔頂段,.52,都市：其他
RPXOMLKLLHKFFCH48CA,埔頂段,.11,都市：其他
RPXOMLKLLHKFFCH48CA,埔頂段,.30,都市：其他
RPXOMLKLLHKFFCH48CA,埔頂段,.12,都市：其他
RPWOMLKLLHKFFCH38CA,仁武段,48.04,都市：住
RPWOMLKLLHKFFCH38CA,埔頂段,.52,都市：其他
RPWOMLKLLHKFFCH38CA,埔頂段,.11,都市：其他
RPWOMLKLLHKFFCH38CA,埔頂段,.30,都市：其他
RPWOMLKLLHKFFCH38CA,埔頂段,.12,都市：其他
RPQNMLMKLHKFFCH77CA,仁善段,110.98,都市：住
RPPPMLKLLHKFFCH77CA,仁武段,29.76,都市：住
RPPPMLKLLHKFFCH77CA,埔頂段,.32,都市：其他
RPPPMLKLLHKFFCH77CA,埔頂段,.07,都市：其他
RPPPMLKLLHKFFCH77CA,埔頂段,.19,都市：其他
RPPPMLKLLHKFFCH77CA,埔頂段,.07,都市：其他
RPQPMLKLLHKFFCH87CA,仁武段,48.41,都市：住
RPQPMLKLLHKFFCH87CA,埔頂段,.52,都市：其他
RPQPMLKLLHKFFCH87CA,埔頂段,.11,都市：其他
RPQPMLKLLHKFFCH87CA,埔頂段,.31,都市：其他
RPQPMLKLLHKFFCH87CA,埔頂段,.12,都市：其他
RPRPMLKLLHKFFCH97CA,仁武段,48.04,都市：住
RPRPMLKLLHKFFCH97CA,埔頂段,.52,都市：其他
RPRPMLKLLHKFFCH97CA,埔頂段,.11,都市：其他
RPRPMLKLLHKFFCH97CA,埔頂段,.30,都市：其他
RPRPMLKLLHKFFCH97CA,埔頂段,.12,都市：其他
RPVNMLNLLHKFFCH48CA,仁武段,48.04,都市：住
RPVNMLNLLHKFFCH48CA,埔頂段,.52,都市：其他
RPVNMLNLLHKFFCH48CA,埔頂段,.11,都市：其他
RPVNMLNLLHKFFCH48CA,埔頂段,.30,都市：其他
RPVNMLNLLHKFFCH48CA,埔頂段,.12,都市：其他
RPVOMLNLLHKFFCH58CA,仁武段,48.41,都市：住
RPXNMLNLLHKFFCH68CA,仁武段,48.04,都市：住
RPVOMLNLLHKFFCH58CA,埔頂段,.52,都市：其他
RPXNMLNLLHKFFCH68CA,埔頂段,.52,都市：其他
RPVOMLNLLHKFFCH58CA,埔頂段,.11,都市：其他
RPVOMLNLLHKFFCH58CA,埔頂段,.31,都市：其他
RPXNMLNLLHKFFCH68CA,埔頂段,.11,都市：其他
RPVOMLNLLHKFFCH58CA,埔頂段,.12,都市：其他
RPXNMLNLLHKFFCH68CA,埔頂段,.30,都市：其他
RPXNMLNLLHKFFCH68CA,埔頂段,.12,都市：其他
RPPOMLNLLHKFFCH97CA,仁武段,48.41,都市：住
RPPOMLNLLHKFFCH97CA,埔頂段,.52,都市：其他
RPPOMLNLLHKFFCH97CA,埔頂段,.11,都市：其他
RPPOMLNLLHKFFCH97CA,埔頂段,.31,都市：其他
RPPOMLNLLHKFFCH97CA,埔頂段,.12,都市：其他
RPSOMLNLLHKFFCH28CA,仁武段,48.04,都市：住
RPSOMLNLLHKFFCH28CA,埔頂段,.52,都市：其他
RPSOMLNLLHKFFCH28CA,埔頂段,.11,都市：其他
RPSOMLNLLHKFFCH28CA,埔頂段,.30,都市：其他
RPSOMLNLLHKFFCH28CA,埔頂段,.12,都市：其他
RPROMLNLLHKFFCH18CA,仁武段,29.76,都市：住
RPROMLNLLHKFFCH18CA,埔頂段,.32,都市：其他
RPROMLNLLHKFFCH18CA,埔頂段,.07,都市：其他
RPROMLNLLHKFFCH18CA,埔頂段,.19,都市：其他
RPROMLNLLHKFFCH18CA,埔頂段,.07,都市：其他
SPROMLNLLHKFFCH28CA,仁武段,48.04,都市：住
SPROMLNLLHKFFCH28CA,埔頂段,.52,都市：其他
SPROMLNLLHKFFCH28CA,埔頂段,.11,都市：其他
SPROMLNLLHKFFCH28CA,埔頂段,.30,都市：其他
SPROMLNLLHKFFCH28CA,埔頂段,.12,都市：其他
RPWNMLNLLHKFFCH58CA,仁武段,48.04,都市：住
RPWNMLNLLHKFFCH58CA,埔頂段,.52,都市：其他
RPWNMLNLLHKFFCH58CA,埔頂段,.11,都市：其他
RPWNMLNLLHKFFCH58CA,埔頂段,.30,都市：其他
RPWNMLNLLHKFFCH58CA,埔頂段,.12,都市：其他
RPOOMLNLLHKFFCH87CA,仁武段,48.41,都市：住
RPOOMLNLLHKFFCH87CA,埔頂段,.52,都市：其他
RPOOMLNLLHKFFCH87CA,埔頂段,.11,都市：其他
RPOOMLNLLHKFFCH87CA,埔頂段,.31,都市：其他
RPOOMLNLLHKFFCH87CA,埔頂段,.12,都市：其他
RPQOMLNLLHKFFCH08CA,仁武段,29.76,都市：住
RPQOMLNLLHKFFCH08CA,埔頂段,.32,都市：其他
RPQOMLNLLHKFFCH08CA,埔頂段,.07,都市：其他
RPQOMLNLLHKFFCH08CA,埔頂段,.19,都市：其他
RPQOMLNLLHKFFCH08CA,埔頂段,.07,都市：其他
RPTOMLNLLHKFFCH38CA,仁武段,64.61,都市：住
RPTOMLNLLHKFFCH38CA,埔頂段,.70,都市：其他
RPTOMLNLLHKFFCH38CA,埔頂段,.15,都市：其他
RPTOMLNLLHKFFCH38CA,埔頂段,.41,都市：其他
RPTOMLNLLHKFFCH38CA,埔頂段,.16,都市：其他
RPXOMLNLLHKFFCH78CA,仁武段,29.76,都市：住
RPXOMLNLLHKFFCH78CA,埔頂段,.32,都市：其他
RPXOMLNLLHKFFCH78CA,埔頂段,.07,都市：其他
RPXOMLNLLHKFFCH78CA,埔頂段,.19,都市：其他
RPXOMLNLLHKFFCH78CA,埔頂段,.07,都市：其他
RPWOMLNLLHKFFCH68CA,仁武段,48.41,都市：住
RPWOMLNLLHKFFCH68CA,埔頂段,.52,都市：其他
RPWOMLNLLHKFFCH68CA,埔頂段,.11,都市：其他
RPWOMLNLLHKFFCH68CA,埔頂段,.31,都市：其他
RPWOMLNLLHKFFCH68CA,埔頂段,.12,都市：其他
RPRPMLNLLHKFFCH28CA,仁武段,48.04,都市：住
RPRPMLNLLHKFFCH28CA,埔頂段,.52,都市：其他
RPRPMLNLLHKFFCH28CA,埔頂段,.11,都市：其他
RPRPMLNLLHKFFCH28CA,埔頂段,.30,都市：其他
RPRPMLNLLHKFFCH28CA,埔頂段,.12,都市：其他
RPPPMLNLLHKFFCH08CA,仁武段,64.24,都市：住
RPPPMLNLLHKFFCH08CA,埔頂段,.69,都市：其他
RPPPMLNLLHKFFCH08CA,埔頂段,.15,都市：其他
RPPPMLNLLHKFFCH08CA,埔頂段,.41,都市：其他
RPPPMLNLLHKFFCH08CA,埔頂段,.16,都市：其他
RPOQMLNLLHKFFCH08CA,仁武段,48.04,都市：住
RPOQMLNLLHKFFCH08CA,埔頂段,.52,都市：其他
RPOQMLNLLHKFFCH08CA,埔頂段,.11,都市：其他
RPOQMLNLLHKFFCH08CA,埔頂段,.30,都市：其他
RPOQMLNLLHKFFCH08CA,埔頂段,.12,都市：其他
RPQPMLNLLHKFFCH18CA,仁武段,64.61,都市：住
RPQPMLNLLHKFFCH18CA,埔頂段,.70,都市：其他
RPQPMLNLLHKFFCH18CA,埔頂段,.15,都市：其他
RPQPMLNLLHKFFCH18CA,埔頂段,.41,都市：其他
RPQPMLNLLHKFFCH18CA,埔頂段,.16,都市：其他
RPWPMLNLLHKFFCH78CA,仁武段,29.76,都市：住
RPWPMLNLLHKFFCH78CA,埔頂段,.32,都市：其他
RPWPMLNLLHKFFCH78CA,埔頂段,.07,都市：其他
RPWPMLNLLHKFFCH78CA,埔頂段,.19,都市：其他
RPWPMLNLLHKFFCH78CA,埔頂段,.07,都市：其他
RPTPMLNLLHKFFCH48CA,仁武段,48.41,都市：住
RPTPMLNLLHKFFCH48CA,埔頂段,.52,都市：其他
RPTPMLNLLHKFFCH48CA,埔頂段,.11,都市：其他
RPTPMLNLLHKFFCH48CA,埔頂段,.31,都市：其他
RPTPMLNLLHKFFCH48CA,埔頂段,.12,都市：其他
RPUPMLNLLHKFFCH58CA,仁武段,29.76,都市：住
RPUPMLNLLHKFFCH58CA,埔頂段,.32,都市：其他
RPUPMLNLLHKFFCH58CA,埔頂段,.07,都市：其他
RPOPMLNLLHKFFCH97CA,仁武段,64.24,都市：住
RPUPMLNLLHKFFCH58CA,埔頂段,.19,都市：其他
RPUPMLNLLHKFFCH58CA,埔頂段,.07,都市：其他
RPOPMLNLLHKFFCH97CA,埔頂段,.69,都市：其他
RPOPMLNLLHKFFCH97CA,埔頂段,.15,都市：其他
RPOPMLNLLHKFFCH97CA,埔頂段,.41,都市：其他
RPOPMLNLLHKFFCH97CA,埔頂段,.16,都市：其他
RPQQMLNLLHKFFCH28CA,仁武段,48.41,都市：住
RPQQMLNLLHKFFCH28CA,埔頂段,.52,都市：其他
RPQQMLNLLHKFFCH28CA,埔頂段,.11,都市：其他
RPQQMLNLLHKFFCH28CA,埔頂段,.31,都市：其他
RPQQMLNLLHKFFCH28CA,埔頂段,.12,都市：其他
RPRQMLNLLHKFFCH38CA,仁武段,29.76,都市：住
RPRQMLNLLHKFFCH38CA,埔頂段,.32,都市：其他
RPRQMLNLLHKFFCH38CA,埔頂段,.07,都市：其他
RPRQMLNLLHKFFCH38CA,埔頂段,.19,都市：其他
RPRQMLNLLHKFFCH38CA,埔頂段,.07,都市：其他
RPXNMLMKLHKFFDH58CA,蚵殼港段深圳小段,6.91,非都市：特定農業區 ; 非都市編定：農牧用地
RPXNMLMKLHKFFDH58CA,蚵殼港段深圳小段,32.60,非都市：特定農業區 ; 非都市編定：農牧用地
RPXNMLMKLHKFFDH58CA,蚵殼港段深圳小段,44.82,非都市：特定農業區 ; 非都市編定：農牧用地
RPXNMLMKLHKFFDH58CA,蚵殼港段深圳小段,44.44,非都市：特定農業區 ; 非都市編定：農牧用地
RPXNMLMKLHKFFDH58CA,蚵殼港段深圳小段,44.44,非都市：特定農業區 ; 非都市編定：農牧用地
RPXNMLMKLHKFFDH58CA,蚵殼港段深圳小段,69.33,非都市：特定農業區 ; 非都市編定：農牧用地
RPXNMLMKLHKFFDH58CA,蚵殼港段深圳小段,41.84,非都市：特定農業區 ; 非都市編定：農牧用地
RPXNMLMKLHKFFDH58CA,蚵殼港段深圳小段,44.44,非都市：特定農業區 ; 非都市編定：農牧用地
RPXNMLMKLHKFFDH58CA,蚵殼港段深圳小段,44.44,非都市：特定農業區 ; 非都市編定：農牧用地
RPXNMLMKLHKFFDH58CA,蚵殼港段深圳小段,44.44,非都市：特定農業區 ; 非都市編定：農牧用地
RPXNMLMKLHKFFDH58CA,蚵殼港段深圳小段,44.44,非都市：特定農業區 ; 非都市編定：農牧用地
RPXNMLMKLHKFFDH58CA,蚵殼港段深圳小段,57.76,非都市：特定農業區 ; 非都市編定：農牧用地
RPXNMLMKLHKFFDH58CA,蚵殼港段深圳小段,44.44,非都市：特定農業區 ; 非都市編定：農牧用地
RPXNMLMKLHKFFDH58CA,蚵殼港段深圳小段,32.93,非都市：特定農業區 ; 非都市編定：農牧用地
RPXNMLMKLHKFFDH58CA,蚵殼港段深圳小段,44.07,非都市：特定農業區 ; 非都市編定：農牧用地
RPXNMLMKLHKFFDH58CA,蚵殼港段深圳小段,35.56,非都市：特定農業區 ; 非都市編定：農牧用地
RPXNMLMKLHKFFDH58CA,蚵殼港段深圳小段,41.73,非都市：特定農業區 ; 非都市編定：農牧用地
RPXNMLMKLHKFFDH58CA,蚵殼港段深圳小段,26.71,非都市：特定農業區 ; 非都市編定：農牧用地
RPXNMLMKLHKFFDH58CA,蚵殼港段深圳小段,50.07,非都市：特定農業區 ; 非都市編定：農牧用地
RPXNMLMKLHKFFDH58CA,蚵殼港段深圳小段,33.02,非都市：特定農業區 ; 非都市編定：農牧用地
RPXNMLMKLHKFFDH58CA,蚵殼港段深圳小段,34.71,非都市：特定農業區 ; 非都市編定：農牧用地
RPXNMLMKLHKFFDH58CA,蚵殼港段深圳小段,44.73,非都市：特定農業區 ; 非都市編定：農牧用地
RPXNMLMKLHKFFDH58CA,蚵殼港段深圳小段,52.00,非都市：特定農業區 ; 非都市編定：農牧用地
RPXNMLMKLHKFFDH58CA,蚵殼港段深圳小段,50.89,非都市：特定農業區 ; 非都市編定：農牧用地
RPXNMLMKLHKFFDH58CA,後庄段,37.20,非都市：特定農業區 ; 非都市編定：農牧用地
RPXNMLMKLHKFFDH58CA,後庄段,39.02,非都市：特定農業區 ; 非都市編定：農牧用地
RPXNMLMKLHKFFDH58CA,後庄段,30.96,非都市：特定農業區 ; 非都市編定：農牧用地
RPXNMLMKLHKFFDH58CA,後庄段,33.78,非都市：特定農業區 ; 非都市編定：農牧用地
RPTOMLKKLHKFFDH08CA,四湖段,91.00,非都市：特定農業區 ; 非都市編定：甲種建築用地
RPTOMLKKLHKFFDH08CA,四湖段,4.92,非都市：特定農業區 ; 非都市編定：甲種建築用地
RPTOMLLKLHKFFDH18CA,草湳坡段埔心小段,67.00,都市：住
RPTQMLNLLHKFFCH58CA,仁武段,48.04,都市：住
RPTQMLNLLHKFFCH58CA,埔頂段,.52,都市：其他
RPTQMLNLLHKFFCH58CA,埔頂段,.11,都市：其他
RPTQMLNLLHKFFCH58CA,埔頂段,.30,都市：其他
RPTQMLNLLHKFFCH58CA,埔頂段,.12,都市：其他
RPVQMLNLLHKFFCH78CA,仁武段,48.04,都市：住
RPVQMLNLLHKFFCH78CA,埔頂段,.52,都市：其他
RPVQMLNLLHKFFCH78CA,埔頂段,.11,都市：其他
RPVQMLNLLHKFFCH78CA,埔頂段,.30,都市：其他
RPVQMLNLLHKFFCH78CA,埔頂段,.12,都市：其他
RPWNMLMKLHKFFDH48CA,清華段,1444.00,非都市：特定農業區 ; 非都市編定：農牧用地
RPWNMLMKLHKFFDH48CA,清華段,2000.00,非都市：特定農業區 ; 非都市編定：農牧用地
RPOPMLMKLHKFFDH87CA,高榮段,2077.28,非都市：特定農業區 ; 非都市編定：農牧用地
RPWQMLNLLHKFFCH88CA,仁武段,29.76,都市：住
RPWQMLNLLHKFFCH88CA,埔頂段,.32,都市：其他
RPWQMLNLLHKFFCH88CA,埔頂段,.07,都市：其他
RPWQMLNLLHKFFCH88CA,埔頂段,.19,都市：其他
RPWQMLNLLHKFFCH88CA,埔頂段,.07,都市：其他
RPVNMLPLLHKFFDH78CA,永福段,7.20,都市：商
RPQPMLLJMHKFFCH87CA,三洽水段,.62,非都市：山坡地保育區 ; 非都市編定：丙種建築用地
RPQPMLLJMHKFFCH87CA,三洽水段,147.00,非都市：山坡地保育區 ; 非都市編定：丙種建築用地
RPQPMLLJMHKFFCH87CA,三洽水段,3.33,非都市：山坡地保育區 ; 非都市編定：丙種建築用地
RPQPMLLJMHKFFCH87CA,三洽水段,34.69,非都市：山坡地保育區 ; 非都市編定：丙種建築用地
RPPNMLPKLHKFFDH08CA,永寧段,145.77,都市：農
RPPNMLPKLHKFFDH08CA,永寧段,145.77,都市：農
RPPNMLPKLHKFFDH08CA,永寧段,145.77,都市：農
RPQNMLQKLHKFFDH28CA,中正段,27.59,都市：住
RPQNMLNKLHKFFDH97CA,草湳坡段埔心小段,18.25,都市：住
RPQOMLLJMHKFFCH77CA,三洽水段,.62,非都市：山坡地保育區 ; 非都市編定：丙種建築用地
RPQOMLLJMHKFFCH77CA,三洽水段,169.00,非都市：山坡地保育區 ; 非都市編定：丙種建築用地
RPQOMLLJMHKFFCH77CA,三洽水段,3.33,非都市：山坡地保育區 ; 非都市編定：丙種建築用地
RPQOMLLJMHKFFCH77CA,三洽水段,40.60,非都市：山坡地保育區 ; 非都市編定：丙種建築用地
RPPPMLKMLHKFFCH87CA,銅鑼圈段,228.00,非都市：山坡地保育區 ; 非都市編定：水利用地
RPQPMLKMLHKFFCH97CA,銅鑼圈段,3.81,非都市：山坡地保育區 ; 非都市編定：農牧用地
RPUSMLNKLHKFFBH68CA,興南段公坡小段,88.00,都市：農
RPQSMLNKLHKFFBH28CA,忠孝段,11.46,都市：住
RPSNMLQKLHKFFBH28CA,忠愛段,1622.00,非都市：特定農業區 ; 非都市編定：農牧用地
RPTNMLQKLHKFFBH38CA,東寮段,30.22,都市：住
RPTNMLQKLHKFFBH38CA,東寮段,5.10,都市：其他
RPWNMLKLLHKFFBH18CA,興南段興南小段,6.80,都市：住
RPWNMLKLLHKFFBH18CA,興南段興南小段,6.08,都市：住
RPWNMLKLLHKFFBH18CA,興南段興南小段,9.00,都市：住
RPSNMLNLLHKFFBH08CA,復興段,9.66,都市：住
RPQNMLPLLHKFFCH18CA,仁武段,48.04,都市：住
RPQNMLPLLHKFFCH18CA,埔頂段,.52,都市：其他
RPQNMLPLLHKFFCH18CA,埔頂段,.11,都市：其他
RPQNMLPLLHKFFCH18CA,埔頂段,.30,都市：其他
RPQNMLPLLHKFFCH18CA,埔頂段,.12,都市：其他
RPTNMLSJMHKFFCH68CA,仁武段,29.76,都市：住
RPTNMLSJMHKFFCH68CA,埔頂段,.32,都市：其他
RPTNMLSJMHKFFCH68CA,埔頂段,.07,都市：其他
RPTNMLSJMHKFFCH68CA,埔頂段,.19,都市：其他
RPTNMLSJMHKFFCH68CA,埔頂段,.07,都市：其他
RPVOMLRKLHKFFDH98CA,高榮段,77.71,非都市：特定農業區 ; 非都市編定：甲種建築用地
RPTNMLNLLHKFFBH18CA,復興段,19.31,都市：住
RPVNMLNLLHKFFBH38CA,復興段,9.66,都市：住
RPUNMLNLLHKFFBH28CA,復興段,9.66,都市：住
RPWNMLNLLHKFFBH48CA,復興段,9.66,都市：住
RPXNMLNLLHKFFBH58CA,復興段,9.66,都市：住
RPOOMLNLLHKFFBH77CA,復興段,4.83,都市：住
RPVPMLKKLHKFFBH18CA,三座屋段舊社小段,22.00,都市：住
RPPOMLNLLHKFFBH87CA,復興段,4.83,都市：住
RPOQMLLKLHKFFBH67CA,青溪段,51.24,都市：住
RPOSMLMKLHKFFBH97CA,中壢埔頂段,23.23,都市：住
RPUPMLMKLHKFFBH28CA,三座屋段三座屋小段,1.14,都市：農
RPUPMLMKLHKFFBH28CA,三座屋段舊社小段,5.34,都市：住
RPQRMLMKLHKFFBH08CA,興南段興南小段,9.34,都市：商
RPWRMLMKLHKFFBH68CA,東寮段,25.55,都市：住
RPSQMLLKLHKFFBH08CA,青溪段,51.24,都市：住
RPQQMLLKLHKFFBH87CA,青溪段,52.71,都市：住
RPSPMLOLLHKFFBH38CA,環東段,25.02,都市：住
RPQPMLMKLHKFFBH87CA,興南段興南小段,2.53,都市：住
RPQPMLMKLHKFFBH87CA,新街段,12.34,都市：住
RPSOMLLKLHKFFAH77CA,大林段,76.95,都市：工
RPPNMLLKLHKFFAH37CA,中平段,62.55,都市：其他
RPPNMLLKLHKFFAH37CA,中平段,153.31,都市：其他
RPSSMLKKLHKFFAH08CA,大有段,23.49,都市：住
RPRQMLQKLHKFFAH38CA,埔子段埔子小段,9.35,都市：住
RPVNMLOLLHKFFDH68CA,草湳坡段埔心小段,80.45,都市：住
RPSNMLMKLHKFFAH77CA,興華段,4.74,都市：商
RPTSMLNKLHKFFAH48CA,慈文段,22.37,都市：住
RPXSMLKMLHKFFBH88CA,忠孝段,20.47,都市：住
RPUSMLNKLHKFFAH58CA,慈文段,22.37,都市：住
RPVOMLTKLHKFFAH88CA,富國段,19.27,都市：住
RPUOMLNKLHKFFAH18CA,龍華段,3.17,都市：住
RPUOMLNKLHKFFAH18CA,龍華段,3.17,都市：住
RPVOMLRKLHKFFAH68CA,楓樹坑段楓樹坑小段,21.00,都市：其他
RPPPMLLMLHKFFBH87CA,培英段,31.69,都市：住
RPTOMLMKLHKFFAH97CA,國強段,10.20,都市：其他
RPTOMLMKLHKFFAH97CA,國強段,1.44,都市：其他
RPSNMLTLLHKFFBH68CA,草新段,32.99,都市：住
RPSNMLTLLHKFFBH68CA,草新段,46.49,都市：住
RPXNMLOLLHKFFDH88CA,永寧段,27.09,非都市：山坡地保育區 ; 非都市編定：丙種建築用地
RPXNMLOLLHKFFDH88CA,永寧段,130.48,非都市：山坡地保育區 ; 非都市編定：丙種建築用地
RPXNMLOLLHKFFDH88CA,永寧段,.26,非都市：山坡地保育區 ; 非都市編定：丙種建築用地
RPXNMLOLLHKFFDH88CA,永寧段,5.40,非都市：山坡地保育區 ; 非都市編定：丙種建築用地
RPXNMLOLLHKFFDH88CA,永寧段,.02,非都市：山坡地保育區 ; 非都市編定：丙種建築用地
RPPNMLMLLHKFFAH57CA,桃鶯段,26.74,都市：住
RPSQMLLJMHKFFAH97CA,迴龍段,.62,都市：住
RPSQMLLJMHKFFAH97CA,迴龍段,21.75,都市：住
RPVPMLKLLHKFFAH18CA,大有段,.07,都市：住
RPUPMLKLLHKFFAH08CA,大有段,.07,都市：住
RPXOMLLJMHKFFAH28CA,中平段,27.76,都市：住
RPOPMLLJMHKFFAH47CA,中平段,27.76,都市：住
RPRPMLLJMHKFFAH77CA,中平段,27.76,都市：住
RPSNMLLJMHKFFAH67CA,中平段,30.51,都市：住
RPSPMLLJMHKFFAH87CA,中平段,27.76,都市：住
RPTPMLLJMHKFFAH97CA,中平段,26.88,都市：住
RPVPMLLJMHKFFAH18CA,中平段,28.01,都市：住
RPWPMLLJMHKFFAH28CA,中平段,28.01,都市：住
RPUPMLLJMHKFFAH08CA,中平段,28.01,都市：住
RPXPMLLJMHKFFAH38CA,中平段,27.01,都市：住
RPUNMLLJMHKFFAH87CA,中平段,29.51,都市：住
RPOOMLLJMHKFFAH37CA,中平段,29.01,都市：住
RPWNMLLJMHKFFAH08CA,中平段,29.01,都市：住
RPUOMLLJMHKFFAH97CA,中平段,27.76,都市：住
RPPOMLLJMHKFFAH47CA,中平段,29.01,都市：住
RPXNMLLJMHKFFAH18CA,中平段,29.01,都市：住
RPSOMLLJMHKFFAH77CA,中平段,27.63,都市：住
RPROMLLJMHKFFAH67CA,中平段,29.01,都市：住
RPVNMLLJMHKFFAH97CA,中平段,29.01,都市：住
RPTOMLLJMHKFFAH87CA,中平段,27.76,都市：住
RPQOMLLJMHKFFAH57CA,中平段,29.01,都市：住
RPUPMLQLLHKFFAH68CA,會稽段,18.83,都市：住
RPWOMLTJMHKFFAH98CA,江南段,11.86,都市：住
RPSNMLKMLHKFFAH77CA,中平段,18.38,都市：住
RPTPMLRLLHKFFAH68CA,中平段,18.38,都市：住
RPVNMLKMLHKFFAH08CA,中平段,18.38,都市：住
RPUNMLKMLHKFFAH97CA,中平段,18.38,都市：住
RPTNMLKMLHKFFAH87CA,中平段,18.38,都市：住
RPXNMLKMLHKFFAH28CA,中平段,30.51,都市：住
RPWNMLKMLHKFFAH18CA,中平段,18.38,都市：住
RPXPMLKMLHKFFAH48CA,中平段,30.51,都市：住
RPQQMLKMLHKFFAH87CA,中平段,29.51,都市：住
RPPPMLLKLHKFFAH77EA,三元段,3.11,都市：其他
RPPPMLLKLHKFFAH77EA,三元段,11.94,都市：其他
RPPPMLLKLHKFFAH77EA,三元段,5.19,都市：其他
RPRPMLLKLHKFFAH97EA,三元段,3.11,都市：其他
RPRPMLLKLHKFFAH97EA,三元段,11.94,都市：其他
RPRPMLLKLHKFFAH97EA,三元段,5.19,都市：其他
RPTPMLLKLHKFFAH18EA,三元段,3.73,都市：其他
RPTPMLLKLHKFFAH18EA,三元段,14.33,都市：其他
RPTPMLLKLHKFFAH18EA,三元段,6.23,都市：其他
RPSPMLLKLHKFFAH08EA,三元段,3.11,都市：其他
RPSPMLLKLHKFFAH08EA,三元段,11.94,都市：其他
RPSPMLLKLHKFFAH08EA,三元段,5.19,都市：其他
RPXQMLLKLHKFFAH68EA,兔子坑段大坵田下小段,131.65,非都市：山坡地保育區 ; 非都市編定：農牧用地
RPXQMLLKLHKFFAH68EA,大同段,12.15,都市：工
RPXQMLLKLHKFFAH68EA,大同段,14.55,都市：工
RPXQMLLKLHKFFAH68EA,大同段,17.85,都市：工
RPXQMLLKLHKFFAH68EA,大同段,.50,都市：工
RPXQMLLKLHKFFAH68EA,大同段,18.25,都市：工
RPXQMLLKLHKFFAH68EA,大同段,60.80,都市：工
RPXQMLLKLHKFFAH68EA,大同段,28.45,都市：工
RPXQMLLKLHKFFAH68EA,大同段,13.60,都市：工
RPXQMLLKLHKFFAH68EA,東嶺段,8.16,非都市：山坡地保育區 ; 非都市編定：農牧用地
RPXQMLLKLHKFFAH68EA,東嶺段,1.78,非都市：山坡地保育區 ; 非都市編定：暫未編定
RPQPMLLKLHKFFAH87EA,三元段,3.73,都市：其他
RPQPMLLKLHKFFAH87EA,三元段,14.33,都市：其他
RPQPMLLKLHKFFAH87EA,三元段,6.23,都市：其他
RPQOMLNKLHKFFCH08DA,仁文段,60.37,都市：住
RPUPMLLKLHKFFAH28EA,三元段,3.73,都市：其他
RPUPMLLKLHKFFAH28EA,三元段,14.33,都市：其他
RPUPMLLKLHKFFAH28EA,三元段,6.23,都市：其他
RPXPMLLKLHKFFAH58EA,三元段,23.33,都市：其他
RPXPMLLKLHKFFAH58EA,三元段,161.22,都市：其他
RPXPMLLKLHKFFAH58EA,三元段,38.96,都市：其他
RPWPMLLKLHKFFAH48EA,三元段,18.67,都市：其他
RPWPMLLKLHKFFAH48EA,三元段,71.66,都市：其他
RPWPMLLKLHKFFAH48EA,三元段,31.17,都市：其他
RPVPMLLKLHKFFAH38EA,三元段,7.47,都市：其他
RPVPMLLKLHKFFAH38EA,三元段,28.66,都市：其他
RPVPMLLKLHKFFAH38EA,三元段,12.47,都市：其他
RPOOMLRKLHKFFEH48DA,中興段,3124.00,非都市：特定農業區 ; 非都市編定：農牧用地
RPOOMLRKLHKFFEH48DA,中興段,1000.00,非都市：特定農業區 ; 非都市編定：農牧用地
RPSPMLRKLHKFFGH56DA,金星段,28.70,都市：住
RPRNMLQLLHKFFAH38EA,新埔段,42.35,都市：住
RPXQMLMKLHKFFBH88EA,中壢埔頂段,4.92,都市：住
RPWPMLQKLHKFFAH98EA,埔子段北門埔子小段,29.24,都市：商
RPORMLMKLHKFFBH08EA,中觀段,154.93,非都市：特定農業區 ; 非都市編定：農牧用地
RPWNMLNKLHKFFDH78EA,二重溪段,20.00,都市：住
RPWNMLNKLHKFFDH78EA,二重溪段,53.00,都市：住
RPWNMLNKLHKFFDH78EA,二重溪段,11.00,都市：住
RPUNMLRKLHKFFEH09EA,埔心段埔心小段,153.40,非都市：特定農業區 ; 非都市編定：農牧用地
RPUNMLRKLHKFFEH09EA,埔心段埔心小段,54.00,非都市：特定農業區 ; 非都市編定：農牧用地
RPUNMLRKLHKFFEH09EA,埔心段埔心小段,93.09,非都市：特定農業區 ; 非都市編定：農牧用地
RPSOMLQKLHKFFAH38DA,國聖段,13.00,都市：住
RPVQMLQKLHKFFAH88DA,建新段,13.35,都市：住
RPWOMLQKLHKFFAH78DA,慈文段,10.05,都市：住
RPXNMLQKLHKFFAH78DA,桃園段武陵小段,4.45,都市：商
RPXNMLQKLHKFFAH78DA,桃園段武陵小段,.03,都市：其他
RPXNMLQKLHKFFAH78DA,桃園段武陵小段,.01,都市：其他
RPQOMLQKLHKFFAH18DA,三元段,8.36,都市：住
RPPOMLRJMHKFFGH88EA,環南段,24.58,都市：住
RPVSMLNKLHKFFBH88DA,三座屋段三座屋小段,2.00,都市：住
RPVSMLNKLHKFFBH88DA,三座屋段三座屋小段,53.00,都市：住
RPVSMLNKLHKFFBH88DA,三座屋段三座屋小段,76.00,都市：住
RPROMLLKLHKFFBH87DA,普義段,10.35,都市：住
RPUPMLLKLHKFFAH18DA,龍祥段,12.16,都市：其他
RPPNMLOKLHKFFBH87DA,中原段,19.94,都市：住
RPPNMLSJMHKFFGH88EA,莊敬段,48.14,都市：住
RPSNMLRKLHKFFBH48DA,中工段,87.00,非都市：工業區 ; 非都市編定：丁種建築用地
RPSNMLLKLHKFFGH28CA,金星段,65.08,都市：住
RPPOMLLKLHKFFGH08CA,新德段,6.76,都市：住
RPPOMLLKLHKFFGH08CA,新德段,4.76,都市：住
RPPOMLLKLHKFFGH08CA,新德段,11.85,都市：住
RPPOMLLKLHKFFGH08CA,新德段,2.33,都市：住
RPPOMLLKLHKFFGH08CA,新德段,46.43,都市：住
RPVNMLLKLHKFFGH58CA,廣豐段,10.23,都市：住
RPQOMLLKLHKFFGH18CA,東北段,116.69,都市：住
RPQNMLTKLHKFFGH98DA,新富段,15.99,都市：住
RPTOMLSKLHKFFEH98CA,竹中段,14.24,都市：其他
RPTOMLSKLHKFFEH98CA,上興段,5.93,都市：其他
RPTOMLSKLHKFFEH98CA,上興段,8.26,都市：其他
RPTOMLSKLHKFFEH98CA,上興段,65.93,都市：其他
RPQNMLPKPHKFFBH58EA,仁德段,3.52,都市：住
RPQNMLPKPHKFFBH58EA,仁德段,76.72,都市：住
RPQNMLPKPHKFFBH58EA,仁德段,.57,都市：住
RPTPMLRKLHKFFGH56CA,新富段,8.99,都市：住
RPVNMLMJMHKFFFH58CA,福興段,28.64,都市：商
RPTOMLLKLHKFFFH38CA,興隆段,76.49,非都市：特定農業區 ; 非都市編定：農牧用地
RPTOMLLKLHKFFFH38CA,興隆段,31.77,非都市：特定農業區 ; 非都市編定：農牧用地
RPTOMLLKLHKFFFH38CA,興隆段,9.50,非都市：特定農業區 ; 非都市編定：農牧用地
RPOPMLSKLHKFFEH58CA,許厝港段,5375.00,非都市：一般農業區 ; 非都市編定：農牧用地
RPOPMLSKLHKFFEH58CA,許厝港段,281.07,非都市：一般農業區 ; 非都市編定：農牧用地
RPOPMLSKLHKFFEH58CA,許厝港段,49.64,非都市：一般農業區 ; 非都市編定：農牧用地
RPXOMLLMLHKFFGH09CA,金鍊段,14.82,都市：住
RPXOMLLMLHKFFGH09CA,金鍊段,83.27,都市：住
RPPOMLLKLHKFFFH97CA,豐田段,37.52,都市：住
RPOQMLMKOHKFFBH28EA,青溪段,33.98,都市：住
RPRNMLSKLHKFFEH68CA,水尾段,21.00,都市：工
RPQNMLOLLHKFFEH28CA,羊稠段,.38,都市：其他
RPQNMLOLLHKFFEH28CA,羊稠段,.56,都市：其他
RPQNMLOLLHKFFEH28CA,羊稠段,.89,都市：其他
RPQOMLPLLHKFFEH48CA,南崁段,26.07,都市：住
RPUNMLNKLHKFFEH48CA,沙崙段沙崙小段,1061.00,非都市：一般農業區 ; 非都市編定：農牧用地
RPRNMLTLLHKFFEH88CA,沙崙段沙崙小段,1600.00,非都市：一般農業區 ; 非都市編定：農牧用地
RPTNMLNKLHKFFEH38CA,坑子外段山腳小段,510.00,都市：其他
RPTNMLNKLHKFFEH38CA,坑子外段山腳小段,1438.50,都市：其他
RPTNMLNKLHKFFEH38CA,坑子外段山腳小段,216.00,都市：其他
RPTNMLNKLHKFFEH38CA,坑子外段山腳小段,144.50,都市：其他
RPTNMLNKLHKFFEH38CA,坑子外段山腳小段,929.00,都市：其他
RPTNMLNKLHKFFEH38CA,坑子外段山腳小段,99.50,都市：其他
RPTNMLNKLHKFFEH38CA,坑子外段山腳小段,203.50,都市：其他
RPTNMLLKLHKFFEH18CA,公埔段,1.05,都市：住
RPUNMLLKLHKFFEH28CA,六福段,2.83,都市：住
RPVNMLLKLHKFFEH38CA,六福段,2.36,都市：住
RPUNMLMKLHKFFFH48CA,前程段,5.95,都市：住
RPSNMLSJMHKFFEH78CA,南華段,.33,都市：住
RPPNMLRKLHKFFFH48CA,大和段,27.69,都市：住
RPSPMLLJMHKFFEH28CA,南崁段,26.07,都市：住
RPXPNLTKLHKFFFH17CA,興豐段,39.85,非都市：鄉村區 ; 非都市編定：乙種建築用地
RPXPNLTKLHKFFFH17CA,興豐段,.20,非都市：鄉村區 ; 非都市編定：乙種建築用地
RPXPNLTKLHKFFFH17CA,興豐段,1.51,非都市：鄉村區 ; 非都市編定：乙種建築用地
RPUPMLPKOHKFFBH09EA,石頭段,10.20,都市：商
RPUPMLPKOHKFFBH09EA,石頭段,11.61,都市：商
RPVNMLQKLHKFFFH98CA,豐田段,144.63,都市：工
RPVNMLQKLHKFFFH98CA,豐田段,118.03,都市：工
RPQNMLKLLHKFFFH97CA,大和段,17.26,都市：住
RPRNMLNKLHKFFFH28CA,茄明段,24.40,都市：住
RPRNMLKLLHKFFFH08CA,中華段,31.50,非都市：特定農業區 ; 非都市編定：甲種建築用地
RPRNMLKLLHKFFFH08CA,中華段,.05,都市：工
RPRNMLKLLHKFFFH08CA,中華段,.02,都市：工
RPQNMLNKLHKFFFH18CA,茄明段,32.58,都市：住
RPPNMLRJMHKFFEH38CA,羊稠段,29.39,都市：住
RPUNMLNLLHKFFFH68CA,福國段,78.92,都市：住
RPOOMLPLLHKFFFH38CA,大明段,1.15,非都市：特定農業區 ; 非都市編定：特定目的事業用地
RPOOMLPLLHKFFFH38CA,大明段,125.92,非都市：特定農業區 ; 非都市編定：甲種建築用地
RPWNMLLMLHKFFFH78CA,福興段,.75,都市：住
RPPPMLRKLHKFFGH78CA,賦北段,82.16,都市：農
RPPPMLRKLHKFFGH78CA,賦北段,18.49,都市：農
RPPPMLRKLHKFFGH78CA,賦北段,31.77,都市：農
RPPPMLRKLHKFFGH78CA,賦北段,61.72,都市：農
RPQNMLQLLHKFFFH58CA,茄明段,23.75,都市：其他
RPQNMLQLLHKFFFH58CA,高城段,14.72,都市：其他
RPQNMLQLLHKFFFH58CA,高城段,15.27,都市：其他
RPRNMLRJMHKFFFH68CA,福興段,13.60,都市：商
RPWPMLRKLHKFFGH86CA,廣東段,12.08,都市：住
RPUPMLRKLHKFFGH66CA,平東段,29.09,都市：住
RPXPMLRKLHKFFGH96CA,振平段,124.09,都市：住
RPQOMLQLLHKFFGH78CA,平鎮段,11.32,都市：商
RPPOMLQKLHKFFGH58CA,金星段,77.34,都市：住
RPWNMLSKLHKFFGH76CA,廣南段,20.41,都市：住
RPXNMLMKLHKFFGH88CA,賦北段,382.23,都市：農
RPQNMLNKLHKFFGH28CA,南華段,131.69,都市：農
RPQNMLNKLHKFFGH28CA,南華段,17.36,都市：農
RPQNMLNKLHKFFGH28CA,南華段,15.03,都市：農
RPUNMLSJMHKFFGH56CA,義民段,15.84,都市：住
RPOOMLMKLHKFFAH57DA,長安段,196.00,都市：住
RPSOMLMKLHKFFGH48CA,忠貞段,67.69,都市：住
RPUPMLQKLHKFFBH78DA,大華段,11.19,都市：住
RPTNMLTJMHKFFFH09CA,中華段,36.23,非都市：鄉村區 ; 非都市編定：乙種建築用地
RPTOMLTJMHKFFBH88DA,新張段,38.60,都市：住
RPTOMLTJMHKFFBH88DA,新張段,143.29,都市：住
RPSQMLLMLHKFFBH38DA,中壢埔頂段,24.55,都市：住
RPSQMLLMLHKFFBH38DA,中壢埔頂段,24.60,都市：住
RPROMLSKLHKFFAH48DA,同安段,13.76,都市：住
RPXOMLQKLHKFFAH88DA,春日段,32.21,都市：住
RPXNMLRJMHKFFGH96EA,環南段,16.43,都市：住
RPXNMLRJMHKFFGH96EA,環南段,20.54,都市：住
RPRNMLPLLHKFFGH68CA,正義段,36.26,非都市：鄉村區 ; 非都市編定：乙種建築用地
RPOQMLLKLHKFFAH77EA,三元段,1.94,都市：其他
RPOQMLLKLHKFFAH77EA,三元段,7.46,都市：其他
RPOQMLLKLHKFFAH77EA,三元段,3.25,都市：其他
RPXPMLNLLHKFFAH78DA,興華段,36.17,都市：住
RPUOMLNKLHKFFDH68EA,新榮段,60.29,都市：住
RPXPMLNLLHKFFAH78DA,興華段,36.00,都市：住
RPSNMLOLLHKFFDH58EA,楊湖段,19.20,非都市：特定農業區 ; 非都市編定：甲種建築用地
RPSNMLOLLHKFFDH58EA,楊湖段,19.20,非都市：特定農業區 ; 非都市編定：甲種建築用地
RPROMLRKMHKFFFH09EA,八塊段,26.61,都市：住
RPQNMLRKLHKFFBH38EA,興南段中壢老小段,4.71,都市：其他
RPQNMLRKLHKFFBH38EA,興南段中壢老小段,4.92,都市：其他
RPQNMLRKLHKFFBH38EA,興南段中壢老小段,7.85,都市：其他
RPQNMLRKLHKFFBH38EA,興南段中壢老小段,4.71,都市：其他
RPQPMLLKLHKFFCH97DA,介壽段,2.54,非都市：鄉村區 ; 非都市編定：乙種建築用地
RPPNMLMKLHKFFAH67EA,福元段,24.06,都市：住
RPOOMLRKLHKFFFH58DA,茄明段,18.13,都市：住
RPQOMLMKLHKFFCH97DA,三層段三層小段,132.31,非都市：風景區 ; 非都市編定：農牧用地
RPQOMLMKLHKFFCH97DA,三層段三層小段,227.16,非都市：風景區 ; 非都市編定：丙種建築用地
RPROMLLKLHKFFGH38DA,義民段,18.22,都市：住
RPVNMLMKLHKFFDH48DA,草湳坡段埔心小段,173.00,都市：住
RPPNMLTKLHKFFEH68DA,錦興段,24.51,都市：住
RPVNMLRKLHKFFEH09DA,竹圍段海方厝小段,74.00,非都市：鄉村區 ; 非都市編定：乙種建築用地
RPQPMLLMLHKFFAH87CA,桃園段公館頭小段,12.35,都市：住
RPWOMLLMLHKFFAH38CA,龍鳳段,26.36,都市：住
RPWOMLLMLHKFFAH38CA,龍鳳段,.56,都市：住
RPWOMLLMLHKFFAH38CA,龍鳳段,1.13,都市：其他
RPWOMLLMLHKFFAH38CA,龍鳳段,.25,都市：住
RPROMLQLLHKFFAH28CA,中平段,.71,都市：其他
RPSNMLOJOHKFFCH58EA,龍祥段,92.94,非都市：鄉村區 ; 非都市編定：乙種建築用地
RPOPMLRJMHKFFAH08CA,富國段,13.61,都市：住
RPXQMLOLLHKFFAH88CA,中埔段,26.35,都市：住
RPTPMLNLLHKFFAH28CA,半嶺段,29.81,都市：住
RPSPMLSLQHKFFBH86EA,復興段,32.75,都市：住
RPOQMLNKMHKFFAH87CA,頂湖段,15.37,都市：其他
RPVOMLOKMHKFFBH68DA,復興段,28.35,都市：住
RPWOMLTKLHKFFAH98CA,興華段,7.66,都市：商
RPUNMLSJMHKFFAH58CA,埔子段埔子小段,.23,都市：住
RPUNMLSJMHKFFAH58CA,埔子段埔子小段,.02,都市：住
RPUNMLSJMHKFFAH58CA,埔子段埔子小段,14.84,都市：住
RPUNMLSJMHKFFAH58CA,埔子段埔子小段,.23,都市：住
RPUNMLSJMHKFFAH58CA,埔子段埔子小段,1.26,都市：住
RPUNMLSJMHKFFAH58CA,埔子段埔子小段,2.82,都市：住
RPTNMLKKMHKFFAH77CA,江南段,26.60,都市：住
RPWQMLKLLHKFFAH38CA,大有段,17.83,都市：住
RPTNMLNLLHKFFAH08CA,和平段,14.50,都市：住
RPXOMLTKLHKFFAH09CA,小檜溪段,45.70,都市：住
RPTNMLNJOHKFFCH58EA,介壽段,.45,非都市：鄉村區 ; 非都市編定：乙種建築用地
RPTNMLNJOHKFFCH58EA,員林段,8.18,非都市：鄉村區 ; 非都市編定：乙種建築用地
RPTNMLMJMHKFFAH87CA,桃園段長美小段,3.78,都市：商
RPVOMLMJMHKFFAH18CA,興華段,14.69,都市：其他
RPWPMLKLLHKFFAH28CA,慈文段,42.39,都市：其他
RPSNMLNKLHKFFAH87CA,迴龍段,9.56,都市：商
RPWPMLRKLHKFFAH88CA,中平段,11.71,都市：住
RPRPMLMKLHKFFAH87CA,兔子坑段大湖頂小段,77.03,非都市：山坡地保育區 ; 非都市編定：農牧用地
RPQOMLMKLHKFFAH67CA,春日段,17.77,都市：住
RPROMLMKLHKFFAH77CA,埔子段埔子小段,28.20,都市：住
RPSPMLTKLHKFFAH68CA,大有段,3.75,都市：住
RPWSMLNKLHKFFAH78CA,精忠段,19.64,都市：其他
RPWSMLNKLHKFFAH78CA,精忠段,2.49,都市：其他
RPOQMLRKLHKFFAH18CA,三元段,14.74,都市：住
RPSOMLSKLHKFFAH48CA,東國段,98.24,都市：商
RPPNMLKLLHKFFAH37CA,昆明段,21.38,都市：住
RPXRMLNKLHKFFAH78CA,龍祥段,19.90,都市：住
RPSSMLNKLHKFFAH38CA,埔子段埔子小段,11.96,都市：住
RPSSMLNKLHKFFAH38CA,埔子段埔子小段,11.96,都市：住
RPWPMLNKLHKFFAH48CA,國強段,14.99,都市：住
RPXPMLNKLHKFFAH58CA,中埔段,52.74,都市：住
RPSPMLNKLHKFFAH08CA,江南段,15.98,都市：住
RPSPMLNKLHKFFAH08CA,江南段,97.86,都市：住
RPSPMLNKLHKFFAH08CA,江南段,3.33,都市：住
RPSPMLNKLHKFFAH08CA,江南段,5.35,都市：住
RPTPMLQKLHKFFAH48CA,半嶺段,11.42,都市：商
RPWNMLQKLHKFFAH58CA,富國段,17.58,都市：住
RPPPMLQKLHKFFAH08CA,建新段,123.25,都市：住
RPQPMLQKLHKFFAH18CA,建新段,336.77,都市：住
RPQNMLQKLHKFFAH97CA,半嶺段,16.33,都市：商
RPUNMLQKLHKFFAH38CA,龍祥段,13.59,都市：商
RPQNMLLMLHKFFBH77CA,三座屋段三座屋小段,41.33,都市：住
RPRNMLLMLHKFFBH87CA,三座屋段三座屋小段,48.00,都市：住
RPUPMLQLLHKFFBH78CA,保潭段,200.00,非都市：工業區 ; 非都市編定：丁種建築用地
RPSQMLNLLHKFFBH38CA,中寮段,4.76,都市：住
RPPNMLNJMHKFFBH67CA,後寮段,30.62,都市：住
RPWPMLOLLHKFFBH78CA,仁德段,3.49,都市：其他
RPOPMLKMLHKFFBH67CA,大華段,6.00,都市：住
RPOPMLKMLHKFFBH67CA,大華段,3.07,都市：住
RPOPMLKMLHKFFBH67CA,大華段,17.64,都市：住
RPOPMLKMLHKFFBH67CA,大華段,44.00,都市：住
RPUPMLOLLHKFFBH58CA,普義段,20.75,都市：住
RPSNMLOLLHKFFBH18CA,復興段,2.41,都市：住
RPRNMLOLLHKFFBH08CA,復興段,8.05,都市：住
RPUNMLOLLHKFFBH38CA,復興段,8.05,都市：住
RPQNMLOLLHKFFBH97CA,復興段,8.05,都市：住
RPTNMLOLLHKFFBH28CA,復興段,2.41,都市：住
RPVNMLOLLHKFFBH48CA,復興段,6.71,都市：住
RPWNMLOLLHKFFBH58CA,復興段,6.71,都市：住
RPXNMLOLLHKFFBH68CA,復興段,6.71,都市：住
RPTOMLRKLHKFFAH48CA,大樹林段,10.40,都市：住
RPPNMLNKLHKFFBH67CA,中觀段,33.59,非都市：特定農業區 ; 非都市編定：甲種建築用地
RPRQMLLKLHKFFBH97CA,遠東段,42.00,都市：工
RPRQMLLKLHKFFBH97CA,遠東段,29.00,都市：工
RPPSMLLKLHKFFBH97CA,雙嶺段,103.97,都市：工
RPQOMLNLLHKFFBH97CA,復興段,4.83,都市：住
RPXOMLSKLHKFFBH09CA,仁和段,3.18,都市：商
RPXOMLSKLHKFFBH09CA,仁和段,.40,都市：住
RPXOMLSKLHKFFBH09CA,仁和段,1.88,都市：住
RPTTMLNKLHKFFBH68CA,中壢埔頂段,5.34,都市：住
RPSOMLNLLHKFFBH18CA,復興段,8.05,都市：住
RPSOMLPLLHKFFBH38CA,中北段,102.00,都市：工
RPROMLNLLHKFFBH08CA,復興段,4.83,都市：住
RPUNMLLMLHKFFBH18CA,三座屋段三座屋小段,28.80,都市：住
RPSNMLLMLHKFFBH97CA,三座屋段三座屋小段,39.18,都市：住
RPTNMLSKLHKFFBH58CA,榮民段,17.94,都市：住
RPWOMLRKLHKFFDH09CA,大坡段三角堀小段,245.75,非都市：特定農業區 ; 非都市編定：農牧用地
RPWTMLNKLHKFFBH98CA,復興段,10.51,都市：住
RPQOMLQKLHKFFBH18CA,普義段,18.60,都市：住
RPQOMLQKLHKFFBH18CA,普義段,4.31,都市：住
RPQOMLQKLHKFFBH18CA,普義段,2.01,都市：住
RPQRMLOLLHKFFBH38CA,石頭段,20.12,都市：其他
RPROMLMKLHKFFDH08CA,崁頭厝段崁頭厝小段,133.00,非都市：一般農業區 ; 非都市編定：農牧用地
RPRNMLOKLHKFFBH97CA,環東段,12.56,都市：住
RPSOMLMKLHKFFDH18CA,幼獅段,76.74,都市：住
RPRNMLNKLHKFFDH08CA,幼獅段,7.90,都市：住
RPTNMLNKLHKFFDH28CA,新榮段,1.48,都市：住
RPTNMLNKLHKFFDH28CA,新榮段,13.78,都市：住
RPTNMLNKLHKFFDH28CA,新榮段,49.05,都市：住
RPTNMLNKLHKFFDH28CA,新榮段,2.38,都市：住
RPTNMLNKLHKFFDH28CA,新榮段,16.82,都市：住
RPVNMLMKLHKFFCH28CA,中庄段中庄小段,2521.00,非都市：特定農業區 ; 非都市編定：農牧用地
RPPPMLLKLHKFFCH77CA,八張犁段,1057.00,非都市：一般農業區 ; 非都市編定：農牧用地
RPPPMLLKLHKFFCH77CA,八張犁段,114.17,非都市：一般農業區 ; 非都市編定：農牧用地
RPQPMLMJMHKFFCH97CA,四方林段四方林小段,41.00,非都市：特定農業區 ; 非都市編定：農牧用地
RPSNMLMKLHKFFDH08CA,頭重溪段,71.62,都市：住
RPQNMLTKLHKFFCH48CA,三角林段,1377.00,非都市：一般農業區 ; 非都市編定：農牧用地
RPPOMLMKLHKFFCH77CA,潛龍段,80.92,非都市：鄉村區 ; 非都市編定：乙種建築用地
RPPOMLMKLHKFFCH77CA,潛龍段,.53,非都市：鄉村區 ; 非都市編定：乙種建築用地
RPRNMLRJMHKFFCH38CA,三層段頭寮小段,79.00,非都市：風景區 ; 非都市編定：農牧用地
RPRNMLRJMHKFFCH38CA,三層段頭寮小段,34.00,非都市：風景區 ; 非都市編定：丙種建築用地
RPXNMLQKLHKFFCH88CA,三元段,33.94,非都市：一般農業區 ; 非都市編定：甲種建築用地
RPXNMLQKLHKFFCH88CA,三元段,2.76,非都市：一般農業區 ; 非都市編定：甲種建築用地
RPWQMLPLLHKFFCH09CA,烏林段,134.02,非都市：鄉村區 ; 非都市編定：乙種建築用地
RPUQMLPLLHKFFCH88CA,三層段三層小段,404.00,非都市：風景區 ; 非都市編定：農牧用地
RPTNMLLMLHKFFBH08CA,三座屋段三座屋小段,28.80,都市：住
RPXOMLTJMHKFFBH56CA,忠義段,73.87,都市：工
RPOPMLTJMHKFFBH38CA,忠義段,73.87,都市：工
RPWQMLTJMHKFFBH66CA,忠義段,73.87,都市：工
RPUQMLTJMHKFFBH09CA,大華段,13.90,都市：住
RPPPMLTJMHKFFBH48CA,忠義段,115.54,都市：工
RPXQMLTJMHKFFBH76CA,忠義段,73.87,都市：工
RPPRMLTJMHKFFBH68CA,忠義段,73.87,都市：工
RPVPMLKKMHKFFBH28CA,三座屋段橫圳頂小段,100.00,非都市：特定農業區 ; 非都市編定：甲種建築用地
RPRPMLTJMHKFFBH68CA,忠義段,82.71,都市：工
RPSPMLTJMHKFFBH78CA,忠義段,91.55,都市：工
RPXNMLKKMHKFFBH28CA,忠義段,88.39,都市：工
RPTPMLTJMHKFFBH88CA,忠義段,147.74,都市：工
RPQRMLTJMHKFFBH78CA,忠義段,74.50,都市：工
RPSRMLTJMHKFFBH98CA,忠義段,88.39,都市：工
RPRRMLTJMHKFFBH88CA,忠義段,106.70,都市：工
RPVRMLTJMHKFFBH66CA,忠義段,88.39,都市：工
RPQNMLKKMHKFFBH57CA,忠義段,88.39,都市：工
RPUPMLMKLHKFFCH38CA,四方林段四方林小段,81.00,非都市：特定農業區 ; 非都市編定：甲種建築用地
RPWOMLMKLHKFFCH48CA,四方林段四方林小段,117.94,非都市：山坡地保育區 ; 非都市編定：丙種建築用地
RPVPMLTJMHKFFBH09CA,忠義段,93.44,都市：工
RPUPMLTJMHKFFBH98CA,忠義段,95.34,都市：工
RPOQMLTJMHKFFBH48CA,忠義段,73.87,都市：工
RPVPMLMKLHKFFCH48CA,員林段,46.44,非都市：鄉村區 ; 非都市編定：乙種建築用地
RPXNMLNKLHKFFCH58CA,中興段,34.06,非都市：鄉村區 ; 非都市編定：乙種建築用地
RPWPMLTJMHKFFBH56CA,忠義段,102.91,都市：工
RPPPMLNKLHKFFCH97CA,松樹段,1322.27,都市：農
RPOPMLQKLHKFFCH18CA,三洽水段,2378.25,非都市：山坡地保育區 ; 非都市編定：農牧用地
RPVQMLPLLHKFFCH98CA,仁武段,29.76,都市：住
RPVQMLPLLHKFFCH98CA,埔頂段,.32,都市：其他
RPVQMLPLLHKFFCH98CA,埔頂段,.07,都市：其他
RPVQMLPLLHKFFCH98CA,埔頂段,.19,都市：其他
RPVQMLPLLHKFFCH98CA,埔頂段,.07,都市：其他
RPXNMLSKLHKFFCH09CA,九座段,88.73,非都市：鄉村區 ; 非都市編定：乙種建築用地
RPPOMLNKLHKFFCH87CA,銅鑼圈段,76.17,非都市：山坡地保育區 ; 非都市編定：丙種建築用地
RPPOMLNKLHKFFCH87CA,銅鑼圈段,8.00,非都市：山坡地保育區 ; 非都市編定：丙種建築用地
RPPOMLNKLHKFFCH87CA,銅鑼圈段,226.00,非都市：山坡地保育區 ; 非都市編定：丙種建築用地
RPPOMLNKLHKFFCH87CA,銅鑼圈段,8.75,非都市：山坡地保育區 ; 非都市編定：丙種建築用地
RPPOMLNKLHKFFCH87CA,銅鑼圈段,1.08,非都市：山坡地保育區 ; 非都市編定：丙種建築用地
RPPOMLNKLHKFFCH87CA,銅鑼圈段,1.25,非都市：山坡地保育區 ; 非都市編定：丙種建築用地
RPPNMLOKLHKFFCH87CA,三洽水段,76.13,非都市：山坡地保育區 ; 非都市編定：農牧用地
RPPNMLOKLHKFFCH87CA,三洽水段,19.03,非都市：山坡地保育區 ; 非都市編定：農牧用地
RPPNMLOKLHKFFCH87CA,三洽水段,19.03,非都市：山坡地保育區 ; 非都市編定：農牧用地
RPPNMLOKLHKFFCH87CA,三洽水段,21.30,非都市：山坡地保育區 ; 非都市編定：農牧用地
RPPNMLOKLHKFFCH87CA,三洽水段,5.32,非都市：山坡地保育區 ; 非都市編定：農牧用地
RPPNMLOKLHKFFCH87CA,三洽水段,5.32,非都市：山坡地保育區 ; 非都市編定：農牧用地
RPPNMLOKLHKFFCH87CA,三洽水段,2.50,非都市：山坡地保育區 ; 非都市編定：交通用地
RPPNMLOKLHKFFCH87CA,三洽水段,.62,非都市：山坡地保育區 ; 非都市編定：交通用地
RPPNMLOKLHKFFCH87CA,三洽水段,.62,非都市：山坡地保育區 ; 非都市編定：交通用地
RPPNMLOKLHKFFCH87CA,三洽水段,3.28,非都市：山坡地保育區 ; 非都市編定：交通用地
RPPNMLOKLHKFFCH87CA,三洽水段,.82,非都市：山坡地保育區 ; 非都市編定：交通用地
RPPNMLOKLHKFFCH87CA,三洽水段,.82,非都市：山坡地保育區 ; 非都市編定：交通用地
RPPNMLOKLHKFFCH87CA,三洽水段,88.83,非都市：山坡地保育區 ; 非都市編定：農牧用地
RPPNMLOKLHKFFCH87CA,三洽水段,22.21,非都市：山坡地保育區 ; 非都市編定：農牧用地
RPPNMLOKLHKFFCH87CA,三洽水段,22.21,非都市：山坡地保育區 ; 非都市編定：農牧用地
RPPNMLOKLHKFFCH87CA,三洽水段,7.80,非都市：山坡地保育區 ; 非都市編定：交通用地
RPPNMLOKLHKFFCH87CA,三洽水段,1.95,非都市：山坡地保育區 ; 非都市編定：交通用地
RPPNMLOKLHKFFCH87CA,三洽水段,1.95,非都市：山坡地保育區 ; 非都市編定：交通用地
RPPNMLOKLHKFFCH87CA,三洽水段,.28,非都市：山坡地保育區 ; 非都市編定：農牧用地
RPPNMLOKLHKFFCH87CA,三洽水段,.07,非都市：山坡地保育區 ; 非都市編定：農牧用地
RPPNMLOKLHKFFCH87CA,三洽水段,.07,非都市：山坡地保育區 ; 非都市編定：農牧用地
RPPNMLOKLHKFFCH87CA,三洽水段,286.67,非都市：山坡地保育區 ; 非都市編定：農牧用地
RPPNMLOKLHKFFCH87CA,三洽水段,71.67,非都市：山坡地保育區 ; 非都市編定：農牧用地
RPPNMLOKLHKFFCH87CA,三洽水段,71.67,非都市：山坡地保育區 ; 非都市編定：農牧用地
RPPNMLOKLHKFFCH87CA,三洽水段,10.78,非都市：山坡地保育區 ; 非都市編定：農牧用地
RPPNMLOKLHKFFCH87CA,三洽水段,2.69,非都市：山坡地保育區 ; 非都市編定：農牧用地
RPPNMLOKLHKFFCH87CA,三洽水段,2.69,非都市：山坡地保育區 ; 非都市編定：農牧用地
RPPNMLOKLHKFFCH87CA,三洽水段,45.28,非都市：山坡地保育區 ; 非都市編定：農牧用地
RPPNMLOKLHKFFCH87CA,三洽水段,11.32,非都市：山坡地保育區 ; 非都市編定：農牧用地
RPPNMLOKLHKFFCH87CA,三洽水段,11.32,非都市：山坡地保育區 ; 非都市編定：農牧用地
RPPNMLOKLHKFFCH87CA,三洽水段,298.52,非都市：山坡地保育區 ; 非都市編定：農牧用地
RPPNMLOKLHKFFCH87CA,三洽水段,74.63,非都市：山坡地保育區 ; 非都市編定：農牧用地
RPPNMLOKLHKFFCH87CA,三洽水段,74.63,非都市：山坡地保育區 ; 非都市編定：農牧用地
RPPNMLOKLHKFFCH87CA,三洽水段,25.89,非都市：山坡地保育區 ; 非都市編定：殯葬用地
RPPNMLOKLHKFFCH87CA,三洽水段,6.47,非都市：山坡地保育區 ; 非都市編定：殯葬用地
RPPNMLOKLHKFFCH87CA,三洽水段,6.47,非都市：山坡地保育區 ; 非都市編定：殯葬用地
RPPNMLOKLHKFFCH87CA,三洽水段,152.44,非都市：山坡地保育區 ; 非都市編定：林業用地
RPPNMLOKLHKFFCH87CA,三洽水段,38.11,非都市：山坡地保育區 ; 非都市編定：林業用地
RPPNMLOKLHKFFCH87CA,三洽水段,38.11,非都市：山坡地保育區 ; 非都市編定：林業用地
RPPNMLOKLHKFFCH87CA,三洽水段,18.86,非都市：山坡地保育區 ; 非都市編定：林業用地
RPPNMLOKLHKFFCH87CA,三洽水段,18.86,非都市：山坡地保育區 ; 非都市編定：林業用地
RPPNMLOKLHKFFCH87CA,三洽水段,75.44,非都市：山坡地保育區 ; 非都市編定：林業用地
RPPNMLOKLHKFFCH87CA,三洽水段,19.56,非都市：山坡地保育區 ; 非都市編定：農牧用地
RPPNMLOKLHKFFCH87CA,三洽水段,4.89,非都市：山坡地保育區 ; 非都市編定：農牧用地
RPPNMLOKLHKFFCH87CA,三洽水段,4.89,非都市：山坡地保育區 ; 非都市編定：農牧用地
RPPNMLOKLHKFFCH87CA,三洽水段,37.89,非都市：山坡地保育區 ; 非都市編定：交通用地
RPPNMLOKLHKFFCH87CA,三洽水段,9.47,非都市：山坡地保育區 ; 非都市編定：交通用地
RPPNMLOKLHKFFCH87CA,三洽水段,9.47,非都市：山坡地保育區 ; 非都市編定：交通用地
RPPNMLOKLHKFFCH87CA,三洽水段,187.22,非都市：山坡地保育區 ; 非都市編定：農牧用地
RPPNMLOKLHKFFCH87CA,三洽水段,46.81,非都市：山坡地保育區 ; 非都市編定：農牧用地
RPPNMLOKLHKFFCH87CA,三洽水段,46.81,非都市：山坡地保育區 ; 非都市編定：農牧用地
RPPNMLOKLHKFFCH87CA,三洽水段,131.72,非都市：山坡地保育區 ; 非都市編定：農牧用地
RPPNMLOKLHKFFCH87CA,三洽水段,32.93,非都市：山坡地保育區 ; 非都市編定：農牧用地
RPPNMLOKLHKFFCH87CA,三洽水段,32.93,非都市：山坡地保育區 ; 非都市編定：農牧用地
RPPNMLOKLHKFFCH87CA,三洽水段,133.09,非都市：山坡地保育區 ; 非都市編定：丙種建築用地
RPPNMLOKLHKFFCH87CA,三洽水段,22.18,非都市：山坡地保育區 ; 非都市編定：丙種建築用地
RPPNMLOKLHKFFCH87CA,三洽水段,22.18,非都市：山坡地保育區 ; 非都市編定：丙種建築用地
RPPNMLOKLHKFFCH87CA,三洽水段,45.50,非都市：山坡地保育區 ; 非都市編定：丙種建築用地
RPPNMLOKLHKFFCH87CA,三洽水段,7.58,非都市：山坡地保育區 ; 非都市編定：丙種建築用地
RPPNMLOKLHKFFCH87CA,三洽水段,7.58,非都市：山坡地保育區 ; 非都市編定：丙種建築用地
RPWNMLQKLHKFFCH78CA,仁善段,92.24,都市：住
RPQPMLPLLHKFFCH38CA,仁武段,48.41,都市：住
RPQPMLPLLHKFFCH38CA,埔頂段,.52,都市：其他
RPTPMLPLLHKFFCH68CA,仁武段,48.41,都市：住
RPQPMLPLLHKFFCH38CA,埔頂段,.11,都市：其他
RPQPMLPLLHKFFCH38CA,埔頂段,.31,都市：其他
RPTPMLPLLHKFFCH68CA,埔頂段,.52,都市：其他
RPQPMLPLLHKFFCH38CA,埔頂段,.12,都市：其他
RPTPMLPLLHKFFCH68CA,埔頂段,.11,都市：其他
RPTPMLPLLHKFFCH68CA,埔頂段,.31,都市：其他
RPTPMLPLLHKFFCH68CA,埔頂段,.12,都市：其他
RPSOMLOKMHKFFBH28CA,坡興段,1736.56,非都市：特定農業區 ; 非都市編定：農牧用地
RPSQMLPLLHKFFCH68CA,仁武段,29.76,都市：住
RPSQMLPLLHKFFCH68CA,埔頂段,.32,都市：其他
RPSQMLPLLHKFFCH68CA,埔頂段,.07,都市：其他
RPSQMLPLLHKFFCH68CA,埔頂段,.19,都市：其他
RPSQMLPLLHKFFCH68CA,埔頂段,.07,都市：其他
RPTQMLPLLHKFFCH78CA,仁武段,48.41,都市：住
RPTQMLPLLHKFFCH78CA,埔頂段,.52,都市：其他
RPTQMLPLLHKFFCH78CA,埔頂段,.11,都市：其他
RPTQMLPLLHKFFCH78CA,埔頂段,.31,都市：其他
RPTQMLPLLHKFFCH78CA,埔頂段,.12,都市：其他
RPOQMLPLLHKFFCH28CA,仁武段,64.24,都市：住
RPOQMLPLLHKFFCH28CA,埔頂段,.69,都市：其他
RPOQMLPLLHKFFCH28CA,埔頂段,.15,都市：其他
RPOQMLPLLHKFFCH28CA,埔頂段,.41,都市：其他
RPOQMLPLLHKFFCH28CA,埔頂段,.16,都市：其他
RPPQMLPLLHKFFCH38CA,仁武段,64.61,都市：住
RPPQMLPLLHKFFCH38CA,埔頂段,.70,都市：其他
RPPQMLPLLHKFFCH38CA,埔頂段,.15,都市：其他
RPPQMLPLLHKFFCH38CA,埔頂段,.41,都市：其他
RPPQMLPLLHKFFCH38CA,埔頂段,.16,都市：其他
RPSNMLPLLHKFFCH38CA,仁武段,29.76,都市：住
RPSNMLPLLHKFFCH38CA,埔頂段,.32,都市：其他
RPSNMLPLLHKFFCH38CA,埔頂段,.07,都市：其他
RPSNMLPLLHKFFCH38CA,埔頂段,.19,都市：其他
RPSNMLPLLHKFFCH38CA,埔頂段,.07,都市：其他
RPTNMLPLLHKFFCH48CA,仁武段,29.76,都市：住
RPTNMLPLLHKFFCH48CA,埔頂段,.32,都市：其他
RPTNMLPLLHKFFCH48CA,埔頂段,.07,都市：其他
RPTNMLPLLHKFFCH48CA,埔頂段,.19,都市：其他
RPTNMLPLLHKFFCH48CA,埔頂段,.07,都市：其他
RPQQMLPLLHKFFCH48CA,仁武段,64.61,都市：住
RPQQMLPLLHKFFCH48CA,埔頂段,.70,都市：其他
RPQQMLPLLHKFFCH48CA,埔頂段,.15,都市：其他
RPQQMLPLLHKFFCH48CA,埔頂段,.41,都市：其他
RPQQMLPLLHKFFCH48CA,埔頂段,.16,都市：其他
RPXPMLPLLHKFFCH09CA,仁武段,48.04,都市：住
RPXPMLPLLHKFFCH09CA,埔頂段,.52,都市：其他
RPXPMLPLLHKFFCH09CA,埔頂段,.11,都市：其他
RPXPMLPLLHKFFCH09CA,埔頂段,.30,都市：其他
RPXPMLPLLHKFFCH09CA,埔頂段,.12,都市：其他
RPUPMLPLLHKFFCH78CA,仁武段,29.76,都市：住
RPUPMLPLLHKFFCH78CA,埔頂段,.32,都市：其他
RPUPMLPLLHKFFCH78CA,埔頂段,.07,都市：其他
RPUPMLPLLHKFFCH78CA,埔頂段,.19,都市：其他
RPUPMLPLLHKFFCH78CA,埔頂段,.07,都市：其他
RPVPMLPLLHKFFCH88CA,仁武段,64.24,都市：住
RPVPMLPLLHKFFCH88CA,埔頂段,.69,都市：其他
RPVPMLPLLHKFFCH88CA,埔頂段,.15,都市：其他
RPVPMLPLLHKFFCH88CA,埔頂段,.41,都市：其他
RPVPMLPLLHKFFCH88CA,埔頂段,.16,都市：其他
SPTNMLPLLHKFFCH58CA,仁武段,48.60,都市：住
SPTNMLPLLHKFFCH58CA,埔頂段,.52,都市：其他
SPTNMLPLLHKFFCH58CA,埔頂段,.11,都市：其他
SPTNMLPLLHKFFCH58CA,埔頂段,.31,都市：其他
SPTNMLPLLHKFFCH58CA,埔頂段,.12,都市：其他
RPWNMLLLMHKFFBH38CA,興南段興南小段,2.73,都市：商
RPXNMLPLLHKFFCH88CA,仁武段,64.61,都市：住
RPXNMLPLLHKFFCH88CA,埔頂段,.70,都市：其他
RPXNMLPLLHKFFCH88CA,埔頂段,.15,都市：其他
RPXNMLPLLHKFFCH88CA,埔頂段,.41,都市：其他
RPXNMLPLLHKFFCH88CA,埔頂段,.16,都市：其他
RPVNMLPLLHKFFCH68CA,仁武段,48.04,都市：住
RPVNMLPLLHKFFCH68CA,埔頂段,.52,都市：其他
RPVNMLPLLHKFFCH68CA,埔頂段,.11,都市：其他
RPVNMLPLLHKFFCH68CA,埔頂段,.30,都市：其他
RPVNMLPLLHKFFCH68CA,埔頂段,.12,都市：其他
RPPOMLPLLHKFFCH18CA,仁武段,64.24,都市：住
RPPOMLPLLHKFFCH18CA,埔頂段,.69,都市：其他
RPPOMLPLLHKFFCH18CA,埔頂段,.15,都市：其他
RPPOMLPLLHKFFCH18CA,埔頂段,.41,都市：其他
RPPOMLPLLHKFFCH18CA,埔頂段,.16,都市：其他
RPOOMLPLLHKFFCH08CA,仁武段,64.61,都市：住
RPOOMLPLLHKFFCH08CA,埔頂段,.70,都市：其他
RPOOMLPLLHKFFCH08CA,埔頂段,.15,都市：其他
RPOOMLPLLHKFFCH08CA,埔頂段,.41,都市：其他
RPOOMLPLLHKFFCH08CA,埔頂段,.16,都市：其他
RPROMLPLLHKFFCH38CA,仁武段,48.41,都市：住
RPROMLPLLHKFFCH38CA,埔頂段,.52,都市：其他
RPUNMLPLLHKFFCH58CA,仁武段,29.76,都市：住
RPROMLPLLHKFFCH38CA,埔頂段,.11,都市：其他
RPUNMLPLLHKFFCH58CA,埔頂段,.32,都市：其他
RPROMLPLLHKFFCH38CA,埔頂段,.31,都市：其他
RPUNMLPLLHKFFCH58CA,埔頂段,.07,都市：其他
RPROMLPLLHKFFCH38CA,埔頂段,.12,都市：其他
RPUNMLPLLHKFFCH58CA,埔頂段,.19,都市：其他
RPUNMLPLLHKFFCH58CA,埔頂段,.07,都市：其他
RPSOMLPLLHKFFCH48CA,仁武段,29.76,都市：住
RPSOMLPLLHKFFCH48CA,埔頂段,.32,都市：其他
RPSOMLPLLHKFFCH48CA,埔頂段,.07,都市：其他
RPSOMLPLLHKFFCH48CA,埔頂段,.19,都市：其他
RPSOMLPLLHKFFCH48CA,埔頂段,.07,都市：其他
RPVOMLPLLHKFFCH78CA,仁武段,48.04,都市：住
RPVOMLPLLHKFFCH78CA,埔頂段,.52,都市：其他
RPVOMLPLLHKFFCH78CA,埔頂段,.11,都市：其他
RPVOMLPLLHKFFCH78CA,埔頂段,.30,都市：其他
RPVOMLPLLHKFFCH78CA,埔頂段,.12,都市：其他
RPWOMLPLLHKFFCH88CA,仁武段,48.04,都市：住
RPWOMLPLLHKFFCH88CA,埔頂段,.52,都市：其他
RPWOMLPLLHKFFCH88CA,埔頂段,.11,都市：其他
RPWOMLPLLHKFFCH88CA,埔頂段,.30,都市：其他
RPWOMLPLLHKFFCH88CA,埔頂段,.12,都市：其他
RPQOMLPLLHKFFCH28CA,仁武段,48.41,都市：住
RPQOMLPLLHKFFCH28CA,埔頂段,.52,都市：其他
RPQOMLPLLHKFFCH28CA,埔頂段,.11,都市：其他
RPQOMLPLLHKFFCH28CA,埔頂段,.31,都市：其他
RPQOMLPLLHKFFCH28CA,埔頂段,.12,都市：其他
RPOPMLPLLHKFFCH18CA,仁武段,48.04,都市：住
RPOPMLPLLHKFFCH18CA,埔頂段,.52,都市：其他
RPOPMLPLLHKFFCH18CA,埔頂段,.11,都市：其他
RPOPMLPLLHKFFCH18CA,埔頂段,.30,都市：其他
RPOPMLPLLHKFFCH18CA,埔頂段,.12,都市：其他
RPXOMLPLLHKFFCH98CA,仁武段,48.04,都市：住
RPXOMLPLLHKFFCH98CA,埔頂段,.52,都市：其他
RPXOMLPLLHKFFCH98CA,埔頂段,.11,都市：其他
RPXOMLPLLHKFFCH98CA,埔頂段,.30,都市：其他
RPXOMLPLLHKFFCH98CA,埔頂段,.12,都市：其他
RPPNMLQKLHKFFDH18CA,員富段,137.62,都市：住
RPVNMLQKLHKFFDH78CA,大金山下段大金山下小段,13.87,都市：住
RPSNMLNKLHKFFDH18CA,四湖段,1991.00,非都市：特定農業區 ; 非都市編定：農牧用地
RPOOMLQKLHKFFDH18CA,高山段,77.31,非都市：特定農業區 ; 非都市編定：甲種建築用地
RPWOMLNKLHKFFDH68CA,中正段,20.33,都市：住
RPWOMLNKLHKFFDH68CA,中正段,57.08,都市：住
RPQNMLPKLHKFFDH18CA,楊梅段,57.20,都市：其他
RPQNMLPKLHKFFDH18CA,楊梅段,57.20,都市：其他
RPQNMLPKLHKFFDH18CA,楊梅段,28.60,都市：其他
RPQNMLPKLHKFFDH18CA,楊梅段,64.40,都市：其他
RPQNMLPKLHKFFDH18CA,楊梅段,64.40,都市：其他
RPQNMLPKLHKFFDH18CA,楊梅段,32.20,都市：其他
RPQNMLPKLHKFFDH18CA,楊梅段,24.40,都市：其他
RPQNMLPKLHKFFDH18CA,楊梅段,24.40,都市：其他
RPQNMLPKLHKFFDH18CA,楊梅段,12.20,都市：其他
RPRNMLPKLHKFFDH28CA,楊梅段,544.40,都市：住
RPRNMLPKLHKFFDH28CA,楊梅段,544.40,都市：住
RPRNMLPKLHKFFDH28CA,楊梅段,272.20,都市：住
RPRNMLPKLHKFFDH28CA,楊梅段,51.60,都市：住
RPRNMLPKLHKFFDH28CA,楊梅段,51.60,都市：住
RPRNMLPKLHKFFDH28CA,楊梅段,25.80,都市：住
RPRNMLPKLHKFFDH28CA,楊梅段,8.80,都市：住
RPRNMLPKLHKFFDH28CA,楊梅段,8.80,都市：住
RPRNMLPKLHKFFDH28CA,楊梅段,4.40,都市：住
RPRNMLPKLHKFFDH28CA,楊梅段,233.60,都市：住
RPRNMLPKLHKFFDH28CA,楊梅段,233.60,都市：住
RPRNMLPKLHKFFDH28CA,楊梅段,116.80,都市：住
RPRNMLPKLHKFFDH28CA,楊梅段,373.60,都市：住
RPRNMLPKLHKFFDH28CA,楊梅段,373.60,都市：住
RPRNMLPKLHKFFDH28CA,楊梅段,186.80,都市：住
RPXNMLPKLHKFFDH88CA,草湳坡段埔心小段,75.06,都市：住
RPPOMLRJMHKFFDH38CA,幼獅段,76.98,都市：住
RPXNMLRJMHKFFDH09CA,草湳坡段埔心小段,100.15,都市：住
RPOPMLRJMHKFFDH38CA,大金山下段大金山下小段,23.58,都市：住
RPWOMLRJMHKFFDH09CA,大金山下段大金山下小段,23.58,都市：住
RPRPMLRJMHKFFDH68CA,大金山下段大金山下小段,16.98,都市：住
RPQPMLRJMHKFFDH58CA,大金山下段大金山下小段,23.58,都市：住
RPXOMLRJMHKFFDH56CA,大金山下段大金山下小段,23.58,都市：住
RPPPMLRJMHKFFDH48CA,大金山下段大金山下小段,16.98,都市：住
RPSPMLRJMHKFFDH78CA,大金山下段大金山下小段,23.58,都市：住
RPUTMLNKLHKFFBH78CA,月眉段,2593.00,非都市：特定農業區 ; 非都市編定：農牧用地
RPUTMLNKLHKFFBH78CA,月眉段,1220.00,非都市：特定農業區 ; 非都市編定：農牧用地
RPPOMLQKLHKFFBH08CA,東寮段,153.61,都市：農
RPPOMLQKLHKFFBH08CA,東寮段,148.69,都市：農
RPPOMLQKLHKFFBH08CA,東寮段,42.23,都市：農
RPSSMLNKLHKFFBH48CA,中興段,18.80,都市：其他
RPSSMLNKLHKFFBH48CA,中興段,31.68,都市：其他
RPSSMLNKLHKFFBH48CA,中興段,24.89,都市：其他
RPTPMLRJMHKFFDH88CA,大金山下段大金山下小段,16.98,都市：住
RPSOMLQKLHKFFBH38CA,後寮段,22.14,都市：住
RPQTMLNKLHKFFBH38CA,工業區段二小段,83.00,非都市：工業區 ; 非都市編定：丁種建築用地
RPQTMLNKLHKFFBH38CA,工業區段二小段,83.00,非都市：工業區 ; 非都市編定：丁種建築用地
RPOOMLSKLHKFFBH18CA,榮南段,711.56,都市：農
RPXNMLNKLHKFFBH48CA,樹林子段崁頭子小段,14.00,非都市：特定農業區 ; 非都市編定：甲種建築用地
RPUNMLRJMHKFFDH78CA,幼獅段,.62,都市：住
RPUNMLRJMHKFFDH78CA,幼獅段,17.85,都市：住
RPTQMLSKLHKFFBH88CA,興南段興南小段,4.45,都市：商
RPURMLMKLHKFFBH48CA,自立段,28.95,都市：商
RPSNMLSKLHKFFBH48CA,忠愛段,140.00,非都市：特定農業區 ; 非都市編定：甲種建築用地
RPVNMLLMLHKFFDH48CA,永福段,23.97,都市：住
RPVNMLLMLHKFFDH48CA,永福段,86.17,都市：住
RPUPMLNLLHKFFBH48CA,青平段,21.20,都市：住
RPVOMLNLLHKFFBH48CA,忠福段,13.19,都市：住
RPVOMLNLLHKFFBH48CA,忠福段,.61,都市：住
RPVOMLNLLHKFFBH48CA,忠福段,1.65,都市：住
RPVOMLNLLHKFFBH48CA,培英段,14.03,都市：住
RPXOMLNLLHKFFBH68CA,青平段,21.20,都市：住
RPOPMLNLLHKFFBH87CA,青平段,21.20,都市：住
RPSPMLRLLHKFFBH68CA,青溪段,34.22,都市：住
RPVOMLRLLHKFFBH88CA,華興段,16.41,都市：住
RPVOMLRLLHKFFBH88CA,華興段,.23,都市：住
RPVNMLLMLHKFFBH28CA,三座屋段三座屋小段,30.09,都市：住
RPRNMLNJMHKFFBH87CA,大華段,22.65,都市：住
RPRNMLNJMHKFFBH87CA,大華段,.00,都市：住
RPROMLNKLHKFFAH87CA,大樹林段,13.46,都市：住
RPTNMLNKLHKFFAH97CA,同德段,26.53,都市：商
RPUNMLKLLHKFFAH87CA,興華段,1130.83,都市：其他
RPVNMLKLLHKFFAH97CA,興華段,3576.00,都市：其他
SPVNMLKLLHKFFAH08CA,文化段,583.00,都市：其他
RPOOMLKLLHKFFAH37CA,興華段,347.00,都市：其他
RPWNMLKLLHKFFAH08CA,興華段,2465.00,都市：其他
RPSNMLKLLHKFFAH67CA,文化段,48.00,都市：其他
RPSNMLKLLHKFFAH67CA,文化段,1508.00,都市：其他
RPQNMLSKLHKFFAH18CA,慈文段,38.54,都市：住
RPXNMLRJMHKFFBH88CA,培英段,15.54,都市：住
RPRPNLKMNHLFFAH28CA,三元段,21.64,都市：住
RPVOMLRJMHKFFBH78CA,興南段興南小段,4.45,都市：住
RPSOMLTJMHKFFAH58CA,龍祥段,24.23,都市：其他
RPVOMLKLLHKFFAH08CA,蔗園段,39.83,都市：工
RPSPMLKLLHKFFAH87CA,國聖段,9.70,都市：工
RPRNMLLJMHKFFAH57CA,中埔段,10.81,都市：住
RPOOMLNLLHKFFAH67CA,新埔段,22.04,都市：住
RPOQMLSJMHKFFAH28CA,龍華段,10.67,都市：住
RPUOMLTJMHKFFAH78CA,慈文段,14.30,都市：住
RPTPMLMKLHKFFCH38DA,中庄段中庄小段,485.67,非都市：河川區 ; 非都市編定：農牧用地
RPROMLOLLHKFFAH08CA,寶山段,11.03,都市：商
RPQNMLOJMHKFFAH77CA,和平段,17.06,都市：住
RPUOMLKMLHKFFAH08CA,小檜溪段,10.16,都市：住
RPOPMLNLLHKFFAH77CA,大興段,5.04,都市：住
RPOPMLNLLHKFFAH77CA,大興段,.02,都市：其他
RPOPMLNLLHKFFAH77CA,大興段,.00,都市：其他
RPOOMLNLLHKFFFH28DA,大福段,15.49,都市：商
RPRPMLRKLHKFFAH58EA,興華段,15.68,都市：商
RPOQMLPKOHKFFBH58EA,忠義段,73.87,都市：工
RPVNMLNKLHKFFDH68EA,幼獅段,105.46,非都市：工業區 ; 非都市編定：丁種建築用地
RPVNMLPLLHKFFAH48CA,自強段,17.85,都市：住
RPQNMLPLLHKFFAH97CA,峨眉段,29.11,都市：住
RPVOMLQKLHKFFCH98EA,龍華段,86.44,都市：住
RPOOMLTKLHKFFAH28DA,半嶺段,.59,都市：其他
RPOOMLTKLHKFFAH28DA,半嶺段,31.67,都市：住
RPOOMLTKLHKFFAH28DA,半嶺段,.64,都市：其他
RPOOMLTKLHKFFAH28DA,半嶺段,1.70,都市：其他
RPRPMLQKLHKFFAH38DA,同安段,10.77,都市：住
RPQPMLMKLHKFFAH87DA,中路段,16.60,都市：住
RPQNMLKLLHKFFGH28EA,廣南段,12.90,都市：住
RPVNMLRKLHKFFBH78DA,中寮段,9.99,都市：其他
RPSOMLNKLHKFFAH08DA,慈文段,10.94,都市：住
RPSOMLNKLHKFFAH08DA,慈文段,.15,都市：住
RPSNMLOLLHKFFGH68CA,平安段,17.64,都市：其他
RPSNMLOLLHKFFGH68CA,平安段,88.46,都市：其他
RPSNMLOLLHKFFGH68CA,平安段,3.72,都市：其他
RPSNMLOLLHKFFGH68CA,平安段,473.42,都市：住
RPSNMLOLLHKFFGH68CA,平安段,21.19,都市：其他
RPSNMLOLLHKFFGH68CA,平安段,1.52,都市：住
RPOOMLSKLHKFFGH68CA,廣平段,28.66,都市：住
RPVNMLTJMHKFFGH76CA,廣豐段,32.80,都市：住
RPTOMLTKJIKFFAH78EA,會稽段,141.22,都市：住
RPWNMLQKLHKFFFH09CA,廣隆段,24.07,都市：農
RPWNMLQKLHKFFFH09CA,廣隆段,360.73,都市：農
RPWNMLQKLHKFFFH09CA,廣隆段,38.15,都市：農
RPQNMLTLMHKFFBH78EA,中壢埔頂段,11.80,都市：住
RPQNMLPLLHKFFGH58CA,東社段,34.85,都市：住
RPQNMLPLLHKFFGH58CA,東社段,2.16,都市：住
RPQOMLNKLHKFFEH18CA,南園段,94.84,都市：住
RPWOMLKKMHKFFFH68CA,同福段,23.26,都市：商
RPXOMLKKMHKFFFH78CA,豐田段,32.95,都市：住
RPUNMLLJMHKFFGH48CA,東安段,53.69,都市：住
RPUNMLLJMHKFFGH48CA,東安段,9.31,都市：其他
RPORMLMJRHKFFAH48EA,會稽段,137.44,都市：住
RPORMLMJRHKFFAH48EA,會稽段,1.88,都市：住
RPSNMLRKPHKFFCH88CA,仁武段,29.76,都市：住
RPSNMLRKPHKFFCH88CA,埔頂段,.32,都市：其他
RPQNMLRKPHKFFCH68CA,仁武段,80.25,都市：住
RPSNMLRKPHKFFCH88CA,埔頂段,.07,都市：其他
RPSNMLRKPHKFFCH88CA,埔頂段,.19,都市：其他
RPQNMLRKPHKFFCH68CA,埔頂段,.86,都市：其他
RPSNMLRKPHKFFCH88CA,埔頂段,.07,都市：其他
RPQNMLRKPHKFFCH68CA,埔頂段,.18,都市：其他
RPQNMLRKPHKFFCH68CA,埔頂段,.51,都市：其他
RPQNMLRKPHKFFCH68CA,埔頂段,.20,都市：其他
RPSPMLQKLHKFFEH78CA,山鼻段,7.25,都市：其他
RPSPMLQKLHKFFEH78CA,長興段,2.25,都市：其他
RPXNMLRKLHKFFEH56CA,水尾段,15.76,都市：工
RPRPMLQKLHKFFEH68CA,南新段,4.24,都市：住
RPQNMLPLLHKFFEH38CA,雙溪口段溪洲子小段,620.00,非都市：特定農業區 ; 非都市編定：農牧用地
RPQNMLPLLHKFFEH38CA,雙溪口段溪洲子小段,102.33,非都市：特定農業區 ; 非都市編定：交通用地
RPTNMLQKLHKFFFH78CA,建國段,79.00,非都市：特定農業區 ; 非都市編定：甲種建築用地
RPQPMLLJMHKFFEH08CA,竹圍段崁下小段,77.00,都市：住
RPPNMLQKLHKFFEH28CA,河底段,110.65,都市：住
RPPNMLSKLHKFFEH48CA,大興段,16.15,都市：住
RPSNMLRKLHKFFEH68CA,六福段,.05,都市：住
RPRNMLRKLHKFFEH58CA,河底段,.20,都市：商
RPXNMLQKLHKFFFH56CA,廣隆段,24.07,都市：農
RPXNMLQKLHKFFFH56CA,廣隆段,360.73,都市：農
RPXNMLQKLHKFFFH56CA,廣隆段,38.15,都市：農
RPOOMLQKLHKFFFH38CA,廣隆段,24.07,都市：農
RPOOMLQKLHKFFFH38CA,廣隆段,360.73,都市：農
RPOOMLQKLHKFFFH38CA,廣隆段,38.15,都市：農
RPPNMLTKLHKFFFH68CA,茄明段,24.63,都市：住
RPPOMLQKLHKFFFH48CA,大忠段,12.84,都市：住
RPSNMLKMLHKFFEH18CA,大竹段,60.51,都市：住
RPWOMLQKLHKFFFH56CA,同福段,98.73,都市：住
RPVNMLKLLHKFFFH48CA,廣隆段,3.74,都市：農
RPVNMLKLLHKFFFH48CA,廣隆段,80.88,都市：農
RPVNMLKLLHKFFFH48CA,廣隆段,5.27,都市：農
RPUNMLKLLHKFFFH38CA,廣隆段,274.82,都市：工
RPUNMLKLLHKFFFH38CA,廣隆段,424.28,都市：工
RPUNMLKLLHKFFFH38CA,廣隆段,1154.60,都市：工
RPUNMLKLLHKFFFH38CA,廣隆段,8.97,都市：農
RPUNMLKLLHKFFFH38CA,廣隆段,53.76,都市：農
RPSOMLSJMHKFFFH98CA,大庄段,26.04,非都市：鄉村區 ; 非都市編定：乙種建築用地
RPQNMLKMLHKFFFH08CA,茄明段,20.23,都市：住
RPOOMLLMLHKFFFH08CA,興豐段,31.54,都市：住
RPPOMLLMLHKFFFH18CA,興豐段,31.54,都市：住
RPPOMLRKLHKFFFH58CA,興豐段,102.78,都市：住
RPWOMLQLLHKFFGH76CA,復旦段,11.93,都市：農
RPWOMLQLLHKFFGH76CA,復旦段,176.89,都市：農
RPWOMLQLLHKFFGH76CA,復旦段,138.62,都市：住
RPPOMLMJMHKFFEH97CA,南青段,120.86,都市：農
RPOOMLTKLHKFFFH68CA,豐田段,82.56,都市：住
RPQOMLTKLHKFFFH88CA,豐田段,78.97,都市：住
RPPOMLTKLHKFFFH78CA,豐田段,78.97,都市：住
RPTOMLTKLHKFFFH56CA,豐田段,78.97,都市：住
RPSOMLTKLHKFFFH09CA,豐田段,78.97,都市：住
RPVOMLTKLHKFFFH76CA,豐田段,78.97,都市：住
RPWOMLTKLHKFFFH86CA,豐田段,78.97,都市：住
RPROMLTKLHKFFFH98CA,豐田段,78.97,都市：住
RPVNMLPLLHKFFGH09CA,平鎮段,9.98,都市：商
RPROMLQLLHKFFGH88CA,平鎮段,9.96,都市：商
RPXNMLNLLHKFFGH09CA,宋屋段高山下小段,38.91,都市：住
RPOOMLTKLHKFFGH78CA,廣北段,7.12,都市：商
RPXNMLTKLHKFFGH96CA,廣北段,7.12,都市：商
RPPOMLTKLHKFFGH88CA,廣北段,6.80,都市：商
RPQOMLTKLHKFFGH98CA,廣北段,13.60,都市：商
RPWNMLPLLHKFFGH56CA,湧安段,75.50,都市：住
RPTOMLOLLHKFFGH88CA,金星段,18.12,都市：住
RPOOMLOLLHKFFGH38CA,金星段,17.59,都市：住
RPPNMLOLLHKFFGH38CA,金星段,22.92,都市：住
RPQOMLOLLHKFFGH58CA,金星段,29.31,都市：住
RPVNMLQKLHKFFGH09CA,平德段,60.37,非都市：鄉村區 ; 非都市編定：乙種建築用地
RPVNMLQKLHKFFGH09CA,平德段,36.83,非都市：鄉村區 ; 非都市編定：乙種建築用地
RPWOMLRJMHKFFGH76CA,平鎮段,11.07,都市：住
RPOQMLRKLHKFFGH78CA,復旦段,20.54,都市：住
RPQNMLTJMHKFFGH88CA,新富段,10.28,都市：住
RPQNMLTJMHKFFGH88CA,新富段,.03,都市：住
RPPNMLKLLHKFFGH97CA,廣北段,5.83,都市：商
RPVNMLQKLHKFFBH68DA,富台段,10.46,都市：住
RPPNMLRKLHKFFBH18DA,永清段,748.32,都市：農
RPSRMLSKLHKFFBH98DA,山上段,31.01,非都市：特定農業區 ; 非都市編定：甲種建築用地
RPSRMLSKLHKFFBH98DA,山上段,60.04,非都市：特定農業區 ; 非都市編定：甲種建築用地
RPSRMLSKLHKFFBH98DA,山上段,25.36,非都市：特定農業區 ; 非都市編定：農牧用地
RPRRMLSKLHKFFBH88DA,山上段,30.14,非都市：特定農業區 ; 非都市編定：甲種建築用地
RPRRMLSKLHKFFBH88DA,山上段,58.35,非都市：特定農業區 ; 非都市編定：甲種建築用地
RPRRMLSKLHKFFBH88DA,山上段,40.39,非都市：特定農業區 ; 非都市編定：農牧用地
RPQOMLSKLHKFFAH38DA,忠義段,19.45,都市：住
RPVSMLNKLHKFFAH78DA,桃園段長美小段,148.80,都市：商
RPRNMLSKLHKFFGH88CA,南華段,64.65,都市：住
RPRNMLSKLHKFFGH88CA,南華段,6.35,都市：住
RPTNMLQKLHKFFFH98EA,大和段,6.60,都市：住
RPOSMLNKLHKFFAH18EA,中平段,27.28,都市：住
RPOSMLNKLHKFFAH18EA,中平段,2.73,都市：住
RPPNMLSKLHKFFAH28EA,大樹林段,29.16,都市：住
RPSPMLPLLHKFFAH38CA,中路三段,155.33,都市：住
RPWNMLNKLHKFFGH98DA,廣東段,12.44,都市：住
RPXNMLQKLHKFFEH56DA,五福段,13.01,都市：住
RPXNMLQKLHKFFEH56DA,五福段,.01,都市：其他
RPUNMLQKLHKFFGH09DA,廣南段,11.72,都市：住
RPPNMLNKMHKFFGH48EA,莊敬段,7.76,都市：住
RPPNMLNKMHKFFGH48EA,莊敬段,38.50,都市：住
RPSNMLNKMHKFFGH58CA,金鍊段,110.81,都市：住
RPSNMLNKMHKFFGH58CA,金鍊段,9.87,都市：住
RPSNMLNKMHKFFGH58CA,金鍊段,4.96,都市：住
RPSNMLNKMHKFFGH58CA,金鍊段,10.47,都市：住
RPQQMLNLLHKFFAH08CA,中路三段,.75,都市：農
RPQQMLNLLHKFFAH08CA,中路三段,.41,都市：農
RPVOMLQLLHKFFAH68CA,富國段,11.99,都市：住
RPPQMLNLLHKFFAH97CA,中路三段,559.81,都市：住
RPPQMLNLLHKFFAH97CA,中路三段,342.88,都市：住
RPUNMLQLLHKFFAH48CA,春日段,18.20,都市：住
RPOOMLOLLHKFFAH77CA,三元段,13.08,都市：住
RPWPMLNLLHKFFAH58CA,中山段,17.84,都市：住
RPTQMLLJMHKFFAH08CA,會稽段,16.08,都市：住
RPTOMLOLLHKFFAH28CA,大崗段,2.84,都市：住
RPTOMLOLLHKFFAH28CA,大崗段,.18,都市：住
RPTOMLOLLHKFFAH28CA,大崗段,197.09,都市：住
RPPOMLKLLHKFFAH47CA,文化段,653.00,都市：住
RPUQMLLJMHKFFAH18CA,國聖段,22.85,都市：住
RPSOMLMLLHKFFAH97CA,法政段,1.22,都市：住
RPQOMLMJMHKFFAH67CA,埔子段埔子小段,39.06,都市：住
RPROMLMLLHKFFAH87CA,大林段,6.65,都市：工
RPROMLMLLHKFFAH87CA,大林段,.00,都市：其他
RPSNMLMLLHKFFAH87CA,煉油段,108.62,都市：工
RPSNMLMLLHKFFAH87CA,煉油段,4.41,都市：其他
RPTQMLQKLHKFFAH58CA,小檜溪段,101.00,都市：其他
RPPQMLQKLHKFFAH18CA,體大段,89.97,都市：其他
RPOPMLQKLHKFFAH97CA,中埔段,1699.28,都市：住
RPPOMLQKLHKFFAH97CA,壽山段,77.22,都市：住
RPROMLRKLHKFFAH28CA,新埔段,20.00,都市：其他
RPSPMLQKLHKFFAH38CA,同安段,7.25,都市：住
RPTOMLQKLHKFFAH38CA,桃園段長美小段,19.35,都市：住
RPXPMLKLLHKFFAH38CA,小檜溪段,111.00,都市：住
RPPQMLOLLHKFFBH18CA,普義段,13.30,都市：住
RPTPMLOLLHKFFBH48CA,石頭段,53.07,都市：住
RPSNMLQLLHKFFBH38CA,普義段,8.51,都市：住
RPXQMLPLLHKFFBH09CA,工業區段二小段,100.00,非都市：工業區 ; 非都市編定：丁種建築用地
RPOPMLMJMHKFFBH67CA,成功段,9.00,都市：住
RPWPMLRKLHKFFBH98CA,自立段,24.37,都市：住
RPTQMLRKLHKFFBH78CA,中北段,4.48,都市：住
RPVNMLLJMHKFFBH08CA,仁美段,15.05,都市：住
RPTPMLKMMHKFFFH88EA,大發段,366.97,非都市：特定農業區 ; 非都市編定：甲種建築用地
RPTPMLKMMHKFFFH88EA,大發段,183.77,非都市：特定農業區 ; 非都市編定：甲種建築用地
RPQNMLSJMHKFFBH28CA,興和段,1037.17,都市：農
RPRNMLSJMHKFFBH38CA,興和段,1037.17,都市：農
RPXNMLQKLHKFFBH78CA,後寮段,9.69,都市：住
RPVOMLQKLHKFFBH68CA,復興段,28.88,都市：住
RPVOMLQKLHKFFBH68CA,復興段,22.00,都市：住
RPVOMLQKLHKFFBH68CA,復興段,5.00,都市：住
RPVOMLQKLHKFFBH68CA,復興段,31.00,都市：住
RPROMLMJMHKFFBH87CA,健行段,68.00,都市：住
RPWOMLPKOHKFFGH07EA,環南段,12.01,都市：住
RPUOMLRKLHKFFBH68CA,普義段,6.67,都市：住
RPUOMLRKLHKFFBH68CA,普義段,30.61,都市：住
RPOPMLRKLHKFFBH18CA,環東段,31.03,都市：住
RPQPMLRKLHKFFBH38CA,中壢埔頂段,5.43,都市：住
RPPPMLRKLHKFFBH28CA,自立段,17.25,都市：住
RPTPMLRKLHKFFBH68CA,自立段,15.42,都市：住
RPUNMLLMLHKFFCH28CA,番子寮段,36.48,非都市：一般農業區 ; 非都市編定：甲種建築用地
RPUNMLLMLHKFFCH28CA,番子寮段,.50,非都市：一般農業區 ; 非都市編定：水利用地
RPSNMLRLLHKFFCH58CA,銅鑼圈段,589.00,非都市：山坡地保育區 ; 非都市編定：農牧用地
RPSPMLRKLHKFFBH58CA,自立段,15.42,都市：住
RPRPMLRKLHKFFBH48CA,自立段,17.25,都市：住
RPPOMLLMLHKFFDH97CA,永福段,22.44,都市：住
RPPOMLLMLHKFFDH97CA,永福段,65.42,都市：住
RPVOMLRJMHKFFDH98CA,大金山下段大金山下小段,23.58,都市：住
RPPOMLQKLHKFFDH28CA,梅獅段,122.60,都市：工
RPPOMLQKLHKFFDH28CA,梅獅段,.20,都市：工
RPSOMLNKLHKFFDH28CA,員富段,47.60,都市：住
RPSOMLNKLHKFFDH28CA,員富段,47.60,都市：住
RPSOMLNKLHKFFDH28CA,員富段,47.60,都市：住
RPSOMLNKLHKFFDH28CA,員富段,142.89,都市：住
RPSOMLNKLHKFFDH28CA,員富段,142.89,都市：住
RPSOMLNKLHKFFDH28CA,員富段,142.89,都市：住
RPPNMLTLLHKFFCH48CA,龍吟段,28.64,非都市：鄉村區 ; 非都市編定：乙種建築用地
RPPNMLTLLHKFFCH48CA,龍吟段,28.64,非都市：鄉村區 ; 非都市編定：乙種建築用地
RPVNMLQLLHKFFDH88CA,楊湖段,1112.00,非都市：特定農業區 ; 非都市編定：農牧用地
RPQOMLRKLHKFFDH48CA,東勢段上庄子小段,244.00,非都市：特定農業區 ; 非都市編定：農牧用地
RPQOMLRKLHKFFDH48CA,東勢段上庄子小段,106.00,非都市：特定農業區 ; 非都市編定：農牧用地
RPURMLPLLHKFFCH98CA,三洽水段,459.00,非都市：鄉村區 ; 非都市編定：乙種建築用地
RPURMLPLLHKFFCH98CA,三洽水段,1507.00,非都市：鄉村區 ; 非都市編定：乙種建築用地
RPOPMLSKLHKFFDH48CA,上湖段,166.33,非都市：特定農業區 ; 非都市編定：甲種建築用地
RPOPMLSKLHKFFDH48CA,上湖段,166.33,非都市：特定農業區 ; 非都市編定：甲種建築用地
RPOPMLSKLHKFFDH48CA,上湖段,166.33,非都市：特定農業區 ; 非都市編定：甲種建築用地
RPXNMLRLLHKFFCH09CA,烏樹林段,22.56,非都市：鄉村區 ; 非都市編定：乙種建築用地
RPWNMLPLLHKFFCH78CA,五福段,30.82,都市：住
RPTOMLNKLHKFFDH38CA,草湳坡段埔心小段,15.13,都市：住
RPTOMLNKLHKFFDH38CA,草湳坡段埔心小段,15.13,都市：住
RPTRMLSKLHKFFCH09CA,九座寮段,657.00,非都市：一般農業區 ; 非都市編定：窯業用地
RPTRMLSKLHKFFCH09CA,九座寮段,128.98,非都市：一般農業區 ; 非都市編定：窯業用地
RPTRMLSKLHKFFCH09CA,九座寮段,3.79,非都市：一般農業區 ; 非都市編定：窯業用地
RPROMLQKLHKFFCH38CA,銅鑼圈段,42.75,非都市：山坡地保育區 ; 非都市編定：丙種建築用地
RPROMLQKLHKFFCH38CA,銅鑼圈段,186.00,非都市：山坡地保育區 ; 非都市編定：丙種建築用地
RPPPMLQKLHKFFCH28CA,八張犁段,3330.00,非都市：一般農業區 ; 非都市編定：農牧用地
RPPPMLQKLHKFFCH28CA,八張犁段,2960.00,非都市：一般農業區 ; 非都市編定：農牧用地
RPUOMLQKLHKFFCH68CA,銅鑼圈段,85.50,非都市：山坡地保育區 ; 非都市編定：丙種建築用地
RPUOMLQKLHKFFCH68CA,銅鑼圈段,342.00,非都市：山坡地保育區 ; 非都市編定：丙種建築用地
RPPNMLRKLHKFFDH28CA,梅園段,140.59,非都市：山坡地保育區 ; 非都市編定：丙種建築用地
RPXOMLQKLHKFFCH98CA,番子寮段,1.42,非都市：一般農業區 ; 非都市編定：甲種建築用地
RPXOMLQKLHKFFCH98CA,番子寮段,124.02,非都市：一般農業區 ; 非都市編定：甲種建築用地
RPQPMLQKLHKFFCH38CA,番子寮段,1.37,非都市：一般農業區 ; 非都市編定：甲種建築用地
RPQPMLQKLHKFFCH38CA,番子寮段,119.58,非都市：一般農業區 ; 非都市編定：甲種建築用地
RPWPMLQKLHKFFCH98CA,內柵段埔尾小段,519.00,非都市：風景區 ; 非都市編定：丙種建築用地
RPWPMLQKLHKFFCH98CA,內柵段埔尾小段,238.00,非都市：風景區 ; 非都市編定：農牧用地
RPWPMLQKLHKFFCH98CA,內柵段埔尾小段,228.00,非都市：風景區 ; 非都市編定：暫未編定
RPUNMLOLLHKFFCH48CA,五福段,34.58,都市：住
RPSOMLNKLHKFFCH18CA,太武段,29.15,都市：住
RPSOMLNKLHKFFCH18CA,太武段,3.52,都市：其他
RPQNMLOKLHKFFCH97CA,潛龍段,28.27,非都市：鄉村區 ; 非都市編定：乙種建築用地
RPQNMLOKLHKFFCH97CA,潛龍段,.60,非都市：鄉村區 ; 非都市編定：乙種建築用地
RPUPMLQKLHKFFCH78CA,上華段,29.75,非都市：一般農業區 ; 非都市編定：甲種建築用地
RPRPMLQKLHKFFCH48CA,北興段,25.54,非都市：特定農業區 ; 非都市編定：甲種建築用地
RPSPMLQKLHKFFCH58CA,介壽段,33.31,非都市：鄉村區 ; 非都市編定：乙種建築用地
RPPOMLKKMHKFFBH57CA,忠義段,88.39,都市：工
RPVOMLSJMHKFFBH88CA,榮民段,120.41,都市：住
RPTPMLQKLHKFFCH68CA,田心子段上田心子小段,62.46,都市：住
RPQOMLKKMHKFFBH67CA,忠義段,88.39,都市：工
RPWOMLOKMHKFFBH68CA,榮民段,42.00,都市：住
RPROMLKKMHKFFBH77CA,忠義段,99.12,都市：工
RPWOMLKKMHKFFBH28CA,忠義段,73.87,都市：工
RPVOMLKKMHKFFBH18CA,忠義段,94.70,都市：工
RPUOMLKKMHKFFBH08CA,忠義段,99.12,都市：工
RPTOMLKKMHKFFBH97CA,忠義段,99.12,都市：工
RPSOMLKKMHKFFBH87CA,忠義段,99.12,都市：工
RPXOMLKKMHKFFBH38CA,忠義段,73.87,都市：工
RPOPMLKKMHKFFBH57CA,忠義段,73.87,都市：工
RPROMLOKMHKFFBH18CA,中興段,126.42,都市：住
RPTOMLOKMHKFFBH38CA,普義段,4.70,都市：住
RPPPMLKKMHKFFBH67CA,忠義段,73.87,都市：工
RPXNMLRKLHKFFCH98CA,石門段,17.18,都市：住
RPTPMLKKMHKFFBH08CA,忠義段,99.12,都市：工
RPRPMLKKMHKFFBH87CA,忠義段,74.50,都市：工
RPPPMLOKMHKFFBH08CA,雙嶺段,96.29,都市：商
RPQNMLRKLHKFFCH28CA,仁善段,98.42,都市：住
RPURMLSKLHKFFCH56CA,南龍段,75.22,都市：住
RPURMLSKLHKFFCH56CA,南龍段,8.30,都市：其他
RPUNMLKLLHKFFCH08CA,五福段,23.42,都市：住
RPUNMLKLLHKFFCH08CA,五福段,75.74,都市：住
RPVOMLTJMHKFFBH98CA,培英段,25.11,都市：住
RPRNMLSKLHKFFCH48CA,銅鑼圈段,76.17,非都市：山坡地保育區 ; 非都市編定：丙種建築用地
RPRNMLSKLHKFFCH48CA,銅鑼圈段,195.00,非都市：山坡地保育區 ; 非都市編定：丙種建築用地
RPRNMLSKLHKFFCH48CA,銅鑼圈段,8.00,非都市：山坡地保育區 ; 非都市編定：丙種建築用地
RPRNMLSKLHKFFCH48CA,銅鑼圈段,8.75,非都市：山坡地保育區 ; 非都市編定：丙種建築用地
RPRNMLSKLHKFFCH48CA,銅鑼圈段,1.08,非都市：山坡地保育區 ; 非都市編定：丙種建築用地
RPRNMLSKLHKFFCH48CA,銅鑼圈段,1.25,非都市：山坡地保育區 ; 非都市編定：丙種建築用地
RPUOMLSKLHKFFDH98CA,大坡段大坡小段,132.00,非都市：特定農業區 ; 非都市編定：甲種建築用地
RPUOMLSKLHKFFDH98CA,大坡段大坡小段,14.31,非都市：特定農業區 ; 非都市編定：甲種建築用地
RPVOMLSKLHKFFCH98CA,三層段阿姆坪小段,7.01,都市：其他
RPWNMLRKLHKFFDH98CA,高上段,3879.83,非都市：特定農業區 ; 非都市編定：農牧用地
RPWNMLQKLHKFFDH88CA,幼獅段,17.89,都市：住
RPVNMLTKLHKFFDH09CA,瑞原段,21.21,非都市：鄉村區 ; 非都市編定：乙種建築用地
RPWOMLSKLHKFFDH56CA,高上段,106.05,非都市：特定農業區 ; 非都市編定：甲種建築用地
RPOOMLRKLHKFFDH28CA,二重溪段,8.44,非都市：山坡地保育區 ; 非都市編定：丙種建築用地
RPWOMLSKLHKFFDH56CA,高上段,12.03,非都市：特定農業區 ; 非都市編定：甲種建築用地
RPWOMLSKLHKFFDH56CA,高上段,.83,非都市：特定農業區 ; 非都市編定：甲種建築用地
RPWOMLSKLHKFFDH56CA,高上段,5.66,非都市：特定農業區 ; 非都市編定：甲種建築用地
RPWOMLSKLHKFFDH56CA,高上段,4.06,非都市：特定農業區 ; 非都市編定：農牧用地
RPOOMLRKLHKFFDH28CA,二重溪段,8.44,非都市：山坡地保育區 ; 非都市編定：丙種建築用地
RPQNMLRKLHKFFDH38CA,大金山下段大金山下小段,19.61,都市：住
RPRNMLRKLHKFFDH48CA,草湳坡段埔心小段,14.07,都市：住
RPRNMLRKLHKFFDH48CA,草湳坡段埔心小段,105.00,都市：住
RPSNMLTKLHKFFDH78CA,幼獅段,7.90,都市：住
RPROMLTKLHKFFDH78CA,高上段,85.89,非都市：特定農業區 ; 非都市編定：甲種建築用地
RPROMLTKLHKFFDH78CA,高上段,12.03,非都市：特定農業區 ; 非都市編定：甲種建築用地
RPROMLTKLHKFFDH78CA,高上段,.83,非都市：特定農業區 ; 非都市編定：甲種建築用地
RPROMLTKLHKFFDH78CA,高上段,5.66,非都市：特定農業區 ; 非都市編定：甲種建築用地
RPROMLTKLHKFFDH78CA,高上段,4.06,非都市：特定農業區 ; 非都市編定：農牧用地
RPQOMLRJMHKFFDH48CA,草湳坡段埔心小段,89.00,都市：住
RPVOMLTKLHKFFDH56CA,高上段,78.65,非都市：特定農業區 ; 非都市編定：甲種建築用地
RPVOMLTKLHKFFDH56CA,高上段,12.03,非都市：特定農業區 ; 非都市編定：甲種建築用地
RPVOMLTKLHKFFDH56CA,高上段,.83,非都市：特定農業區 ; 非都市編定：甲種建築用地
RPVOMLTKLHKFFDH56CA,高上段,5.66,非都市：特定農業區 ; 非都市編定：甲種建築用地
RPVOMLTKLHKFFDH56CA,高上段,4.06,非都市：特定農業區 ; 非都市編定：農牧用地
RPPPMLLMLHKFFDH08CA,高上段,78.65,非都市：特定農業區 ; 非都市編定：甲種建築用地
RPPPMLLMLHKFFDH08CA,高上段,12.03,非都市：特定農業區 ; 非都市編定：甲種建築用地
RPPPMLLMLHKFFDH08CA,高上段,.83,非都市：特定農業區 ; 非都市編定：甲種建築用地
RPPPMLLMLHKFFDH08CA,高上段,5.66,非都市：特定農業區 ; 非都市編定：甲種建築用地
RPPPMLLMLHKFFDH08CA,高上段,4.06,非都市：特定農業區 ; 非都市編定：農牧用地
RPSNMLTLLHKFFDH88CA,番婆段,2843.00,非都市：特定農業區 ; 非都市編定：農牧用地
RPVNMLLMLHKFFCH38CA,埔頂段,21.88,都市：住
RPTNMLKMLHKFFCH08CA,烏樹林段,29.26,非都市：鄉村區 ; 非都市編定：乙種建築用地
RPSNMLKMLHKFFCH97CA,烏樹林段,14.33,非都市：鄉村區 ; 非都市編定：乙種建築用地
RPSNMLKMLHKFFCH97CA,烏樹林段,14.33,非都市：鄉村區 ; 非都市編定：乙種建築用地
RPVNMLSJMHKFFDH98CA,草湳坡段埔心小段,3.71,都市：住
RPVNMLSJMHKFFDH98CA,草湳坡段埔心小段,96.65,都市：住
RPUNMLSJMHKFFDH88CA,草湳坡段埔心小段,3.70,都市：住
RPUNMLSJMHKFFDH88CA,草湳坡段埔心小段,96.44,都市：住
RPTNMLSJMHKFFDH78CA,草湳坡段埔心小段,3.79,都市：住
RPTNMLSJMHKFFDH78CA,草湳坡段埔心小段,98.79,都市：住
RPSNMLSJMHKFFDH68CA,草湳坡段埔心小段,87.15,都市：住
RPQNMLTJMHKFFCH48CA,三洽水段,213.00,非都市： ; 非都市編定：
RPPNMLTJMHKFFCH38CA,三洽水段,165.00,非都市： ; 非都市編定：
RPQOMLKMLHKFFCH87CA,三層段八結小段,1550.00,非都市：山坡地保育區 ; 非都市編定：林業用地
RPRNMLSJMHKFFDH58CA,草湳坡段埔心小段,43.62,都市：住
RPRNMLSJMHKFFDH58CA,草湳坡段埔心小段,43.62,都市：住
RPRNMLLJMHKFFDH87CA,和平段,416.67,非都市：特定農業區 ; 非都市編定：農牧用地
RPXOMLQKLHKFFBH88CA,榮南段,720.71,都市：住
RPOPMLQKLHKFFBH08CA,榮南段,1246.30,都市：住
RPPPMLQKLHKFFBH18CA,榮南段,610.67,都市：住
RPPPMLQKLHKFFBH18CA,榮南段,96.17,都市：住
RPTNMLRLLHKFFDH78CA,下田心子段員笨小段,122.00,非都市： ; 非都市編定：
RPPQMLRKLHKFFBH38CA,仁祥段,26.50,都市：住
RPRNMLSKLHKFFBH38CA,觀新段,119.56,非都市：一般農業區 ; 非都市編定：甲種建築用地
RPRNMLSKLHKFFBH38CA,觀新段,24.47,非都市：一般農業區 ; 非都市編定：農牧用地
RPOOMLKLLHKFFBH47CA,永興段,54.26,都市：住
RPTOMLQKLHKFFBH48CA,新街段,11.27,都市：商
RPPNMLSKLHKFFBH18CA,石頭段,78.00,都市：住
RPPOMLQLLHKFFBH18CA,遠東段,6.28,都市：住
RPSOMLTKLHKFFBH68CA,廣興段,57.90,都市：工
RPSOMLTKLHKFFBH68CA,廣興段,18.09,都市：工
RPSOMLTKLHKFFBH68CA,廣興段,41.94,都市：工
RPVNMLTKLHKFFBH88CA,草新段,59.26,都市：其他
RPWNMLTKLHKFFBH98CA,草新段,35.34,都市：其他
RPWNMLTKLHKFFBH98CA,草新段,43.92,都市：其他
RPXNMLTKLHKFFBH09CA,草新段,57.20,都市：其他
RPRRMLRKLHKFFBH68CA,新興段,75.19,都市：農
RPRRMLRKLHKFFBH68CA,新興段,75.48,都市：農
RPUOMLTKLHKFFBH88CA,成功段,38.54,都市：住
RPQNMLKLLHKFFBH57CA,中寮段,8.45,都市：商
RPPPMLKMLHKFFBH77CA,三座屋段三座屋小段,14.20,都市：住
RPPPMLKMLHKFFBH77CA,三座屋段舊社小段,9.50,都市：住
RPRPMLKMLHKFFBH97CA,三座屋段三座屋小段,8.91,都市：住
RPRPMLKMLHKFFBH97CA,三座屋段舊社小段,5.96,都市：住
RPQPMLKMLHKFFBH87CA,三座屋段三座屋小段,8.98,都市：住
RPQPMLKMLHKFFBH87CA,三座屋段舊社小段,6.00,都市：住
RPSPMLKMLHKFFBH08CA,三座屋段三座屋小段,8.91,都市：住
RPSPMLKMLHKFFBH08CA,三座屋段舊社小段,5.96,都市：住
RPVPMLKMLHKFFBH38CA,三座屋段三座屋小段,8.98,都市：住
RPVPMLKMLHKFFBH38CA,三座屋段舊社小段,6.00,都市：住
RPTPMLKMLHKFFBH18CA,三座屋段三座屋小段,8.91,都市：住
RPTPMLKMLHKFFBH18CA,三座屋段舊社小段,5.96,都市：住
RPVQMLKMLHKFFBH48CA,三座屋段三座屋小段,8.98,都市：住
RPVQMLKMLHKFFBH48CA,三座屋段舊社小段,6.00,都市：住
RPWQMLKMLHKFFBH58CA,三座屋段三座屋小段,8.98,都市：住
RPWQMLKMLHKFFBH58CA,三座屋段舊社小段,6.00,都市：住
RPXQMLKMLHKFFBH68CA,三座屋段三座屋小段,9.04,都市：住
RPXQMLKMLHKFFBH68CA,三座屋段舊社小段,6.05,都市：住
RPPRMLKMLHKFFBH97CA,三座屋段三座屋小段,9.18,都市：住
RPPRMLKMLHKFFBH97CA,三座屋段舊社小段,6.14,都市：住
RPWOMLKMLHKFFBH38CA,三座屋段三座屋小段,14.20,都市：住
RPWOMLKMLHKFFBH38CA,三座屋段舊社小段,9.50,都市：住
RPXOMLKMLHKFFBH48CA,三座屋段三座屋小段,14.20,都市：住
RPXOMLKMLHKFFBH48CA,三座屋段舊社小段,9.50,都市：住
RPVOMLKMLHKFFBH28CA,三座屋段三座屋小段,14.20,都市：住
RPVOMLKMLHKFFBH28CA,三座屋段舊社小段,9.50,都市：住
RPROMLKMLHKFFBH87CA,三座屋段三座屋小段,10.85,都市：住
RPROMLKMLHKFFBH87CA,三座屋段舊社小段,7.26,都市：住
RPTNMLKMLHKFFBH97CA,三座屋段三座屋小段,12.46,都市：住
RPTNMLKMLHKFFBH97CA,三座屋段舊社小段,8.33,都市：住
RPSNMLKMLHKFFBH87CA,三座屋段三座屋小段,12.46,都市：住
RPSNMLKMLHKFFBH87CA,三座屋段舊社小段,8.33,都市：住
RPUNMLKMLHKFFBH08CA,三座屋段三座屋小段,12.46,都市：住
RPUNMLKMLHKFFBH08CA,三座屋段舊社小段,8.33,都市：住
RPRNMLKMLHKFFBH77CA,三座屋段三座屋小段,6.63,都市：住
RPRNMLKMLHKFFBH77CA,三座屋段舊社小段,4.44,都市：住
RPQOMLKMLHKFFBH77CA,三座屋段三座屋小段,12.46,都市：住
RPQOMLKMLHKFFBH77CA,三座屋段舊社小段,8.33,都市：住
RPUOMLKMLHKFFBH18CA,三座屋段三座屋小段,14.20,都市：住
RPUOMLKMLHKFFBH18CA,三座屋段舊社小段,9.50,都市：住
RPTOMLKMLHKFFBH08CA,三座屋段三座屋小段,11.39,都市：住
RPTOMLKMLHKFFBH08CA,三座屋段舊社小段,7.62,都市：住
RPXNMLKMLHKFFBH38CA,三座屋段三座屋小段,12.46,都市：住
RPXNMLKMLHKFFBH38CA,三座屋段舊社小段,8.33,都市：住
RPVNMLKMLHKFFBH18CA,三座屋段三座屋小段,12.46,都市：住
RPVNMLKMLHKFFBH18CA,三座屋段舊社小段,8.33,都市：住
RPSRMLKMLHKFFBH28CA,三座屋段三座屋小段,14.07,都市：住
RPSRMLKMLHKFFBH28CA,三座屋段舊社小段,9.41,都市：住
RPSNMLNJMHKFFBH97CA,中寮段,10.34,都市：住
RPXOMLMJMHKFFBH48CA,榮民段,72.35,都市：住
RPWPMLLMLHKFFBH58CA,三座屋段三座屋小段,14.14,都市：住
RPWPMLLMLHKFFBH58CA,三座屋段舊社小段,9.45,都市：住
RPOQMLLMLHKFFBH87CA,三座屋段三座屋小段,14.14,都市：住
RPOQMLLMLHKFFBH87CA,三座屋段舊社小段,9.45,都市：住
RPTRMLKMLHKFFBH38CA,三座屋段三座屋小段,8.91,都市：住
RPTRMLKMLHKFFBH38CA,三座屋段舊社小段,5.96,都市：住
RPURMLKMLHKFFBH48CA,三座屋段三座屋小段,8.91,都市：住
RPURMLKMLHKFFBH48CA,三座屋段舊社小段,5.96,都市：住
RPORMLMJMHKFFBH87CA,三座屋段三座屋小段,12.33,都市：住
RPORMLMJMHKFFBH87CA,三座屋段舊社小段,8.24,都市：住
RPUQMLMJMHKFFBH38CA,三座屋段三座屋小段,12.33,都市：住
RPUQMLMJMHKFFBH38CA,三座屋段舊社小段,8.24,都市：住
RPPRMLMJMHKFFBH97CA,三座屋段三座屋小段,12.33,都市：住
RPPRMLMJMHKFFBH97CA,三座屋段舊社小段,8.24,都市：住
RPTQMLMJMHKFFBH28CA,三座屋段三座屋小段,14.14,都市：住
RPTQMLMJMHKFFBH28CA,三座屋段舊社小段,9.45,都市：住
RPQRMLMJMHKFFBH08CA,三座屋段三座屋小段,12.33,都市：住
RPQRMLMJMHKFFBH08CA,三座屋段舊社小段,8.24,都市：住
RPUQMLQKLHKFFAH68CA,小檜溪段,169.50,都市：其他
RPVRMLKMLHKFFBH58CA,三座屋段三座屋小段,8.91,都市：住
RPVRMLKMLHKFFBH58CA,三座屋段舊社小段,5.96,都市：住
RPVSMLKMLHKFFBH68CA,三座屋段三座屋小段,14.14,都市：住
RPVSMLKMLHKFFBH68CA,三座屋段舊社小段,9.45,都市：住
RPPSMLKMLHKFFBH08CA,三座屋段三座屋小段,9.18,都市：住
RPPSMLKMLHKFFBH08CA,三座屋段舊社小段,6.14,都市：住
RPWRMLKMLHKFFBH68CA,三座屋段三座屋小段,8.98,都市：住
RPWRMLKMLHKFFBH68CA,三座屋段舊社小段,6.00,都市：住
RPXRMLKMLHKFFBH78CA,三座屋段三座屋小段,8.98,都市：住
RPXRMLKMLHKFFBH78CA,三座屋段舊社小段,6.00,都市：住
RPOTMLKMLHKFFBH08CA,三座屋段三座屋小段,14.14,都市：住
RPOTMLKMLHKFFBH08CA,三座屋段舊社小段,9.45,都市：住
RPPNMLRKLHKFFAH97CA,幸褔段,21.07,非都市：鄉村區 ; 非都市編定：乙種建築用地
RPQSMLKMLHKFFBH18CA,三座屋段三座屋小段,8.58,都市：住
RPQSMLKMLHKFFBH18CA,三座屋段舊社小段,5.73,都市：住
RPRSMLKMLHKFFBH28CA,三座屋段三座屋小段,14.14,都市：住
RPRSMLKMLHKFFBH28CA,三座屋段舊社小段,9.45,都市：住
RPOSMLKMLHKFFBH97CA,三座屋段三座屋小段,8.98,都市：住
RPOSMLKMLHKFFBH97CA,三座屋段舊社小段,6.00,都市：住
RPSNMLRKLHKFFAH28CA,山福段,20.75,都市：住
RPWOMLSKLHKFFAH88CA,海萍段,57.25,非都市：山坡地保育區 ; 非都市編定：農牧用地
RPWOMLSKLHKFFAH88CA,海萍段,57.25,非都市：山坡地保育區 ; 非都市編定：農牧用地
RPWOMLSKLHKFFAH88CA,海萍段,94.96,非都市：山坡地保育區 ; 非都市編定：暫未編定
RPWOMLSKLHKFFAH88CA,海萍段,94.96,非都市：山坡地保育區 ; 非都市編定：暫未編定
RPSOMLRKLHKFFAH38CA,三聖段,218.20,都市：其他
RPTPMLRKLHKFFAH58CA,國際段,409.94,都市：農
RPWOMLRKLHKFFAH78CA,三元段,62.68,都市：住
RPWOMLRKLHKFFAH78CA,三元段,9.68,都市：住
RPWOMLRKLHKFFAH78CA,三元段,24.87,都市：住
RPWOMLRKLHKFFAH78CA,三元段,15.38,都市：住
RPWOMLRKLHKFFAH78CA,三元段,20.45,都市：住
RPWOMLRKLHKFFAH78CA,三元段,41.47,都市：住
RPVOMLSKLHKFFAH78CA,富國段,15.12,都市：住
RPUOMLRKLHKFFAH58CA,兔子坑段大湖頂小段,44.00,非都市：山坡地保育區 ; 非都市編定：丙種建築用地
RPXOMLRKLHKFFAH88CA,兔子坑段大湖頂小段,14.06,非都市：山坡地保育區 ; 非都市編定：暫未編定
RPXOMLRKLHKFFAH88CA,兔子坑段大湖頂小段,5.00,非都市：山坡地保育區 ; 非都市編定：暫未編定
RPXOMLRKLHKFFAH88CA,兔子坑段大湖頂小段,78.24,非都市：山坡地保育區 ; 非都市編定：農牧用地
RPVPMLRKLHKFFAH78CA,兔子坑段大湖頂小段,45.67,非都市：山坡地保育區 ; 非都市編定：丙種建築用地
RPXNMLTKLHKFFAH98CA,慈文段,22.37,都市：住
RPRNMLSKLHKFFAH28CA,同安段,13.58,都市：住
RPUQMLNLLHKFFAH48CA,興華段,179.00,都市：其他
RPVQMLNLLHKFFAH58CA,興華段,179.00,都市：其他
RPORMLLJMHKFFAH67CA,延壽段,8.32,都市：住
RPQPMLNLLHKFFAH97CA,龍祥段,7.92,都市：住
RPQPMLNLLHKFFAH97CA,龍祥段,7.40,都市：住
RPPOMLOLLHKFFAH87CA,大有段,10.21,都市：住
RPXPMLPLLHKFFAH88CA,寶山段,37.44,都市：住
RPOOMLRKLHKFFCH28DA,田心子段下田心子小段,567.00,非都市：山坡地保育區 ; 非都市編定：暫未編定
RPORMLQKMHKFFAH28CA,埔子段埔子小段,14.99,都市：住
RPQNMLRKLHKFFFH78EA,新霄裡段,71.95,非都市：特定農業區 ; 非都市編定：甲種建築用地
RPQNMLRKLHKFFFH78EA,新霄裡段,98.26,非都市：特定農業區 ; 非都市編定：甲種建築用地
RPUOMLRKLHKFFFH66EA,大竹段,41.91,非都市：特定農業區 ; 非都市編定：交通用地
RPUOMLRKLHKFFFH66EA,大竹段,22.88,非都市：特定農業區 ; 非都市編定：甲種建築用地
RPUOMLRKLHKFFFH66EA,大竹段,6.76,非都市：特定農業區 ; 非都市編定：甲種建築用地
RPQNMLTKLHKFFDH78EA,大金山下段大金山下小段,19.61,都市：住
RPUNMLLMLHKFFAH08CA,龍安段,18.33,都市：住
RPXQMLKLLHKFFAH48CA,龍祥段,16.52,都市：住
RPPRMLOLLHKFFAH18CA,雲林段,12.82,都市：住
RPPRMLOKMHKFFAH18CA,三元段,30.27,都市：住
RPQNMLOKMHKFFAH87CA,國強段,5.09,都市：住
RPQNMLOKMHKFFAH87CA,江南段,9.48,都市：住
RPRNMLTKLHKFFDH88EA,大金山下段大金山下小段,19.61,都市：住
RPSOMLRKMHKFFFH56EA,豐田段,35.00,都市：住
RPQNMLQJMHKFFAH97CA,國強段,22.59,都市：住
RPVNMLRKLHKFFCH98EA,南興段南興小段,23.06,非都市：特定農業區 ; 非都市編定：農牧用地
RPVNMLRKLHKFFCH98EA,南興段南興小段,119.59,非都市：一般農業區 ; 非都市編定：農牧用地
RPVNMLRKLHKFFCH98EA,南興段南興小段,543.75,非都市：一般農業區 ; 非都市編定：農牧用地
RPWNMLTKLHKFFBH56EA,大堀段,202.00,非都市：特定農業區 ; 非都市編定：水利用地
RPWNMLTKLHKFFBH56EA,大堀段,37.00,非都市：特定農業區 ; 非都市編定：水利用地
RPRNMLRKLHKFFBH48EA,中工段,11.62,非都市：工業區 ; 非都市編定：丁種建築用地
RPTNMLOJOHKFFCH68EA,龍祥段,94.25,非都市：鄉村區 ; 非都市編定：乙種建築用地
RPROMLRJMHKFFGH88CA,西社段,55.01,都市：住
RPOPMLNLMHKFFAH87CA,慈文段,10.05,都市：住
RPQQMLPLLHKFFAH38DA,福元段,24.81,都市：住
RPXNMLQLLHKFFBH09EA,石頭段,97.75,都市：住
RPWOMLRJMHKFFCH56EA,和平段,165.00,都市：商
RPWOMLRJMHKFFCH56EA,和平段,87.00,都市：商
RPPOMLSKLHKFFBH38DA,中原段,5.71,都市：住
RPROMLNLLHKFFGH58CA,忠貞段,108.11,都市：住
RPPPMLTKLHKFFFH88CA,豐田段,78.97,都市：住
RPXOMLTKLHKFFFH96CA,豐田段,78.97,都市：住
RPOPMLTKLHKFFFH78CA,豐田段,82.56,都市：住
RPRNMLOJMHKFFGH48CA,新富段,13.70,都市：住
RPVNMLQLLHKFFGH56CA,鎮安段,623.42,都市：農
RPPNMLQLLHKFFGH58CA,東北段,3.42,都市：住
RPPNMLQLLHKFFGH58CA,東北段,3.42,都市：住
RPRPMLTKLHKFFFH09CA,豐田段,78.97,都市：住
RPPQMLTKLHKFFFH98CA,豐田段,78.07,都市：住
RPRQMLTKLHKFFFH56CA,豐田段,78.97,都市：住
RPVNMLRLLHKFFGH66CA,湧星段,13.49,都市：住
RPVNMLRLLHKFFGH66CA,湧星段,110.99,都市：住
RPTPMLTKLHKFFFH66CA,豐田段,78.07,都市：住
RPWPMLTKLHKFFFH96CA,豐田段,78.07,都市：住
RPUQMLTKLHKFFFH86CA,豐田段,78.97,都市：住
RPUNMLTKLHKFFGH66CA,宋屋段高山下小段,63.22,都市：住
RPXQMLTKLHKFFFH17CA,豐田段,78.97,都市：住
RPXRMLTKLHKFFFH27CA,豐田段,78.97,都市：住
RPRRMLTKLHKFFFH66CA,豐田段,78.97,都市：住
RPVPMLRKLHKFFGH76CA,新北段,32.42,非都市：鄉村區 ; 非都市編定：乙種建築用地
RPURMLTKLHKFFFH96CA,豐田段,78.97,都市：住
RPQUMLTKLHKFFFH86CA,豐田段,78.97,都市：住
RPQSMLTKLHKFFFH66CA,豐田段,78.97,都市：住
RPUSMLTKLHKFFFH07CA,豐田段,78.97,都市：住
RPOUMLTKLHKFFFH66CA,豐田段,78.97,都市：住
RPVUMLTKLHKFFFH37CA,豐田段,82.56,都市：住
RPRVMLTKLHKFFFH07CA,豐田段,46.66,都市：住
RPOWMLTKLHKFFFH86CA,豐田段,46.66,都市：住
RPQWMLTKLHKFFFH07CA,豐田段,46.66,都市：住
RPXWMLTKLHKFFFH77CA,豐田段,35.90,都市：住
RPQNNLTKLHKFFFH88CA,豐田段,35.90,都市：住
RPUNNLTKLHKFFFH66CA,豐田段,35.00,都市：住
RPWONLTKLHKFFFH96CA,豐田段,35.00,都市：住
RPUONLTKLHKFFFH76CA,豐田段,35.00,都市：住
RPRPNLTKLHKFFFH56CA,豐田段,35.00,都市：住
RPVPNLTKLHKFFFH96CA,豐田段,40.38,都市：住
RPPQNLTKLHKFFFH09CA,豐田段,35.90,都市：住
RPPPNLTKLHKFFFH98CA,豐田段,35.00,都市：住
RPUNMLPLLHKFFFH88CA,高城段,30.86,都市：其他
RPSNMLTJMHKFFFH98CA,廣福段,22.03,都市：住
RPWNMLRKLHKFFEH09CA,坑子口段海湖小段,56.00,非都市：一般農業區 ; 非都市編定：甲種建築用地
RPVOMLNLLHKFFFH88CA,興豐段,6.19,都市：住
RPVOMLNLLHKFFFH88CA,興豐段,13.46,都市：住
RPPNMLRJMHKFFFH48CA,營盤段,32.42,非都市：特定農業區 ; 非都市編定：甲種建築用地
RPPOMLRJMHKFFEH48CA,六福段,3.31,都市：住
RPUNMLRLLHKFFFH09CA,新興段,81.66,非都市：特定農業區 ; 非都市編定：甲種建築用地
RPPOMLTKLHKFFEH68CA,客運一段,.04,都市：住
RPOOMLSKLHKFFEH48CA,南新段,4.82,都市：住
RPRNMLKKMHKFFFH08CA,興豐段,147.81,都市：住
RPVNMLOLLHKFFEH78CA,青山段,39.34,都市：住
RPUNMLOLLHKFFEH68CA,青山段,106.29,都市：住
RPSNMLOLLHKFFEH48CA,青山段,29.01,都市：住
RPSNMLOLLHKFFEH48CA,青山段,31.36,都市：住
RPVNMLTJMHKFFEH56CA,南崁廟口段羊稠坑小段,56.56,都市：其他
RPWNMLOLLHKFFEH88CA,青山段,39.33,都市：住
RPTNMLOLLHKFFEH58CA,青山段,106.60,都市：住
RPPNMLNLLHKFFEH08CA,南青段,127.28,都市：農
RPOOMLOLLHKFFEH18CA,六福段,6.13,都市：其他
RPWNMLKKMHKFFEH48CA,文中段,20.44,都市：工
RPOOMLTKLHKFFEH58CA,羊稠段,60.29,都市：住
RPUNMLKMLHKFFEH38CA,河底段,7.23,都市：住
RPSOMLSKLHKFFEH88CA,羊稠段,51.08,都市：住
RPQOMLSKLHKFFEH68CA,六福段,14.52,都市：住
RPQOMLSKLHKFFEH68CA,六福段,.71,都市：住
RPQNMLTLLHKFFEH78CA,內海墘段,12.00,非都市：一般農業區 ; 非都市編定：農牧用地
RPTNMLSKLHKFFEH88CA,橫山段尖山小段,99.00,非都市：特定農業區 ; 非都市編定：甲種建築用地
RPTNMLSKLHKFFEH88CA,橫山段尖山小段,14.00,非都市：特定農業區 ; 非都市編定：甲種建築用地
RPTNMLSKLHKFFEH88CA,橫山段尖山小段,11.39,非都市：特定農業區 ; 非都市編定：甲種建築用地
RPTNMLSKLHKFFEH88CA,橫山段尖山小段,2.34,非都市：特定農業區 ; 非都市編定：甲種建築用地
RPUOMLSKLHKFFEH09CA,五福段,15.53,都市：住
RPUOMLSKLHKFFEH09CA,五福段,.01,都市：其他
RPTPMLMJMHKFFEH48CA,錦興段,16.98,都市：住
RPPPMLMJMHKFFEH08CA,橫山段尖山小段,34.92,非都市：特定農業區 ; 非都市編定：甲種建築用地
RPQNMLSKLHKFFEH58CA,竹圍段拔子林小段,50.00,都市：住
RPWOMLMJMHKFFEH68CA,錦明段,19.83,都市：住
RPSOMLMJMHKFFEH28CA,南青段,115.35,都市：農
RPSNMLPLLHKFFFH68CA,榮興段,34.49,非都市：特定農業區 ; 非都市編定：農牧用地
RPSNMLPLLHKFFFH68CA,榮興段,628.79,非都市：特定農業區 ; 非都市編定：農牧用地
RPSNMLPLLHKFFFH68CA,榮興段,78.17,非都市：特定農業區 ; 非都市編定：農牧用地
RPSNMLPLLHKFFFH68CA,榮興段,1625.24,非都市：特定農業區 ; 非都市編定：農牧用地
RPSNMLPLLHKFFFH68CA,榮興段,505.81,非都市：特定農業區 ; 非都市編定：農牧用地
RPSNMLPLLHKFFFH68CA,榮興段,1670.38,非都市：特定農業區 ; 非都市編定：農牧用地
RPXNMLQLLHKFFGH76CA,鎮安段,392.51,都市：農
RPXNMLQLLHKFFGH76CA,鎮安段,714.77,都市：農
RPXNMLQLLHKFFGH76CA,鎮安段,369.25,都市：農
RPPOMLRKLHKFFEH48CA,埔心段埔心小段,72.20,非都市：特定農業區 ; 非都市編定：甲種建築用地
RPOOMLQLLHKFFGH58CA,鎮安段,565.63,都市：農
RPPNMLMLLHKFFFH08CA,連城段,26.59,非都市：特定農業區 ; 非都市編定：甲種建築用地
RPPNMLTJMHKFFFH68CA,大忠段,13.51,都市：住
RPTNMLSKLHKFFGH09CA,廣德段,15.80,都市：住
RPQNMLNJMHKFFGH28CA,平鎮段,19.27,都市：住
RPQOMLLJMHKFFFH08CA,中華段,46.30,非都市：特定農業區 ; 非都市編定：特定目的事業用地
RPQNMLKLLHKFFGH08CA,東北段,83.23,都市：住
RPUNMLSKLHKFFAH68DA,埔子段埔子小段,13.00,都市：其他
RPTNMLKLLHKFFGH38CA,平鎮段,11.32,都市：住
RPUNMLQLLHKFFFH98CA,興豐段,25.22,都市：住
RPPNMLKLLHKFFBH67EA,啟文段,394.74,非都市：特定農業區 ; 非都市編定：農牧用地
RPPNMLKLLHKFFBH67EA,啟文段,305.63,非都市：特定農業區 ; 非都市編定：農牧用地
RPXNMLKLLHKFFAH28DA,同安段,35.36,都市：住
RPXNMLKLLHKFFAH28DA,同安段,.65,都市：住
RPXNMLKLLHKFFAH28DA,同安段,1.35,都市：住
RPUOMLOKMHKFFAH48DA,忠義段,31.34,都市：住
RPUOMLOKMHKFFAH48DA,忠義段,.55,都市：住
RPQRMLSKLHKFFBH78DA,山上段,31.78,非都市：特定農業區 ; 非都市編定：甲種建築用地
RPQRMLSKLHKFFBH78DA,山上段,61.52,非都市：特定農業區 ; 非都市編定：甲種建築用地
RPQRMLSKLHKFFBH78DA,山上段,25.36,非都市：特定農業區 ; 非都市編定：農牧用地
RPVNMLSKLHKFFAH88EA,三元段,7.78,都市：其他
RPVNMLSKLHKFFAH88EA,三元段,29.86,都市：其他
RPVNMLSKLHKFFAH88EA,三元段,12.99,都市：其他
RPWNMLSJMHKFFGH76CA,新勢段,19.08,都市：商
RPWNMLSJMHKFFGH76CA,新勢段,1.27,都市：商
RPPNMLTKLHKFFGH78CA,正義段,48.22,非都市：鄉村區 ; 非都市編定：乙種建築用地
RPXOMLOKMHKFFBH88DA,中壢埔頂段,3.31,都市：住
RPPNMLLLLHKFFBH67DA,中壢埔頂段,5.77,都市：住
RPSNMLMJMHKFFDH18DA,新榮段,60.88,都市：住
RPVPMLPLLHKFFAH68CA,中埔段,.82,都市：住
RPORMLOKMHKFFAH08CA,富國段,18.92,都市：住
RPRNMLOLLHKFFAH97CA,國聖段,5.50,都市：其他
RPRNMLOLLHKFFAH97CA,國聖段,.76,都市：其他
RPRNMLOLLHKFFAH97CA,國聖段,31.20,都市：其他
RPRNMLOLLHKFFAH97CA,國聖段,17.53,都市：其他
RPRNMLOLLHKFFAH97CA,國聖段,36.12,都市：其他
RPRNMLOLLHKFFAH97CA,國聖段,9.79,都市：其他
RPRNMLOLLHKFFAH97CA,國聖段,9.09,都市：其他
RPRNMLOLLHKFFAH97CA,國聖段,4.35,都市：其他
RPRNMLOLLHKFFAH97CA,國聖段,5.12,都市：其他
RPRNMLOLLHKFFAH97CA,國聖段,9.50,都市：其他
RPRNMLOLLHKFFAH97CA,國聖段,29.45,都市：其他
RPUOMLQLLHKFFAH58CA,新埔段,19.65,都市：住
RPOOMLQLLHKFFAH97CA,新埔段,34.06,都市：住
RPPNMLOKMHKFFAH77CA,龍祥段,12.71,都市：住
RPQOMLOLLHKFFAH97CA,桃圳段,3.65,都市：其他
RPQOMLOLLHKFFAH97CA,桃圳段,2.86,都市：其他
RPVPMLLMLHKFFAH38CA,興華段,333.00,都市：住
RPWPMLLMLHKFFAH48CA,興華段,150.00,都市：住
RPVQMLLMLHKFFBH58CA,大堀段,632.00,非都市：特定農業區 ; 非都市編定：農牧用地
RPPOMLSKLHKFFAH18CA,忠義段,.16,都市：住
RPPOMLSKLHKFFAH18CA,忠義段,.00,都市：住
RPRNMLKLLHKFFAH57CA,桃鶯段,28.73,都市：住
RPXOMLSKLHKFFAH98CA,新埔段,16.26,都市：住
RPOOMLSKLHKFFAH08CA,雙龍段,37.92,都市：其他
RPOOMLSKLHKFFAH08CA,雙龍段,243.16,都市：工
RPTNMLNKMHKFFFH68DA,大庄段,29.07,非都市：鄉村區 ; 非都市編定：乙種建築用地
RPPPMLMJMHKFFBH77CA,自立段,21.63,都市：住
RPSNMLRKMHKFFAH38CA,和平段,28.08,都市：住
RPTPMLRLLHKFFBH78CA,青溪段,33.98,都市：住
RPQNMLRKMHKFFAH18CA,和平段,39.05,都市：住
RPUPMLRLLHKFFBH88CA,青溪段,33.98,都市：住
RPVRMLLMLHKFFBH68CA,中北段,27.59,都市：住
RPURMLLMLHKFFBH58CA,中原段,8.03,都市：住
RPURMLLMLHKFFBH58CA,中原段,23.23,都市：住
RPSQMLLLMHKFFAH38EA,樂善段,30.46,都市：住
RPVOMLPLLHKFFBH68CA,東寮段,19.33,都市：商
RPQNMLQLLHKFFBH18CA,興南段興南小段,4.45,都市：住
RPWOMLPLLHKFFBH78CA,東寮段,16.89,都市：商
RPXOMLPLLHKFFBH88CA,東寮段,19.16,都市：商
RPROMLRJMHKFFBH38CA,青溪段,42.58,都市：住
RPRPMLPLLHKFFBH38CA,東寮段,22.40,都市：商
RPOPMLPLLHKFFBH08CA,東寮段,19.83,都市：商
RPSPMLTJMHKFFAH68CA,富國段,99.37,都市：農
RPSPMLTJMHKFFAH68CA,富國段,.06,都市：農
RPUNMLTKLHKFFBH78CA,保障段,1267.03,非都市：一般農業區 ; 非都市編定：農牧用地
RPUNMLTKLHKFFBH78CA,保障段,1060.05,非都市：一般農業區 ; 非都市編定：農牧用地
RPVOMLTKLHKFFBH98CA,榮民段,1.00,都市：住
RPVOMLTKLHKFFBH98CA,榮民段,183.00,都市：住
RPROMLSKLHKFFBH48CA,山上段,600.00,非都市：特定農業區 ; 非都市編定：農牧用地
RPROMLSKLHKFFBH48CA,山上段,754.00,非都市：特定農業區 ; 非都市編定：農牧用地
RPVPMLRLLHKFFBH98CA,青溪段,41.83,都市：住
RPWPMLRLLHKFFBH09CA,青溪段,41.35,都市：住
RPPRMLOLLHKFFBH28CA,三座屋段三座屋小段,97.00,都市：住
RPVQMLRKLHKFFBH98CA,中壢埔頂段,5.09,都市：住
RPVOMLRKLHKFFBH78CA,三座屋段舊社小段,25.25,都市：住
RPVOMLRKLHKFFBH78CA,三座屋段舊社小段,4.62,都市：其他
RPRNMLKLLHKFFBH67CA,後興段,13.80,都市：住
RPVPMLSKLHKFFBH98CA,仁美段,17.64,都市：住
RPQNMLPLLHKFFBH08CA,新街段,78.00,都市：住
RPQNMLPLLHKFFBH08CA,新街段,232.00,都市：住
RPXOMLRKLHKFFBH98CA,中壢埔頂段,17.60,都市：住
RPSOMLRKLHKFFDH68CA,大坡段大坡小段,2000.00,非都市：特定農業區 ; 非都市編定：農牧用地
RPSOMLRKLHKFFDH68CA,大坡段大坡小段,2000.00,非都市：特定農業區 ; 非都市編定：農牧用地
RPSPMLLJMHKFFCH08CA,仁善段,119.37,都市：住
RPRPMLSKLHKFFDH78CA,楊梅段,104.00,都市：商
RPRNMLNLLHKFFDH18CA,幼獅段,34.90,都市：住
RPQNMLNLLHKFFDH08CA,中正段,20.42,都市：住
RPQNMLNLLHKFFDH08CA,中正段,59.81,都市：住
RPQNMLNLLHKFFDH08CA,中正段,6.06,都市：住
RPQNMLNLLHKFFDH08CA,中正段,6.60,都市：住
RPSPMLSKLHKFFDH88CA,楊湖段,19.94,非都市：特定農業區 ; 非都市編定：甲種建築用地
RPSPMLSKLHKFFDH88CA,楊湖段,74.00,非都市：特定農業區 ; 非都市編定：甲種建築用地
RPSPMLSKLHKFFDH88CA,楊湖段,10.00,非都市：特定農業區 ; 非都市編定：水利用地
RPSPMLTKLHKFFDH98CA,崁頭厝段崁頭厝小段,12.50,非都市：一般農業區 ; 非都市編定：農牧用地
RPSPMLTKLHKFFDH98CA,崁頭厝段崁頭厝小段,1.08,非都市：一般農業區 ; 非都市編定：農牧用地
RPSPMLTKLHKFFDH98CA,崁頭厝段崁頭厝小段,8.47,非都市：一般農業區 ; 非都市編定：農牧用地
RPSPMLTKLHKFFDH98CA,崁頭厝段崁頭厝小段,25.00,非都市：一般農業區 ; 非都市編定：農牧用地
RPSPMLTKLHKFFDH98CA,崁頭厝段崁頭厝小段,20.83,非都市：一般農業區 ; 非都市編定：農牧用地
RPSPMLTKLHKFFDH98CA,崁頭厝段崁頭厝小段,33.44,非都市：一般農業區 ; 非都市編定：農牧用地
RPOOMLNLLHKFFDH97CA,二重溪段,4.26,非都市：山坡地保育區 ; 非都市編定：丙種建築用地
RPRPMLSKLHKFFCH68CA,南龍段,40.48,都市：住
RPRPMLSKLHKFFCH68CA,南龍段,.39,都市：住
RPXNMLPLLHKFFDH98CA,新生段,113.00,都市：農
RPTNMLQKMHKFFDH68CA,梅獅段,20.25,都市：住
RPSPMLSKLHKFFCH78CA,南龍段,37.68,都市：住
RPSPMLSKLHKFFCH78CA,南龍段,.36,都市：住
RPXOMLKLLHKFFDH58CA,新生段,112.00,都市：農
RPWOMLKLLHKFFDH48CA,啟明段,43.06,非都市：特定農業區 ; 非都市編定：甲種建築用地
RPPNMLKLLHKFFDH67CA,大金山下段大金山下小段,29.48,都市：住
RPQNMLKLLHKFFDH77CA,頭重溪段,23.02,都市：住
RPTPMLSKLHKFFCH88CA,南龍段,27.61,都市：住
RPTPMLSKLHKFFCH88CA,南龍段,.26,都市：住
RPTOMLKLLHKFFDH18CA,頭重溪段,66.00,都市：住
RPVPMLSKLHKFFCH09CA,南龍段,27.61,都市：住
RPVPMLSKLHKFFCH09CA,南龍段,.26,都市：住
RPWPMLSKLHKFFCH56CA,南龍段,21.62,都市：住
RPWPMLSKLHKFFCH56CA,南龍段,.21,都市：住
RPXPMLSKLHKFFCH66CA,南龍段,30.60,都市：住
RPXPMLSKLHKFFCH66CA,南龍段,.29,都市：住
RPPQMLSKLHKFFCH58CA,南龍段,27.87,都市：住
RPPQMLSKLHKFFCH58CA,南龍段,.27,都市：住
RPQQMLSKLHKFFCH68CA,南龍段,27.68,都市：住
RPOQMLSKLHKFFCH48CA,南龍段,27.87,都市：住
RPQQMLSKLHKFFCH68CA,南龍段,.26,都市：住
RPOQMLSKLHKFFCH48CA,南龍段,.27,都市：住
RPRQMLSKLHKFFCH78CA,南龍段,19.05,都市：住
RPRQMLSKLHKFFCH78CA,南龍段,.18,都市：住
RPTQMLSKLHKFFCH98CA,南龍段,12.57,都市：住
RPTQMLSKLHKFFCH98CA,南龍段,.12,都市：住
RPPPMLSKLHKFFCH48CA,南龍段,40.67,都市：住
RPPPMLSKLHKFFCH48CA,南龍段,.39,都市：住
RPSQMLSKLHKFFCH88CA,南龍段,15.41,都市：住
RPSQMLSKLHKFFCH88CA,南龍段,.15,都市：住
RPRRMLSKLHKFFCH88CA,凌雲段,129.01,都市：農
RPPNMLMLLHKFFCH77CA,埔頂段,42.86,都市：住
RPPRMLSKLHKFFCH68CA,龍祥段,92.94,非都市：鄉村區 ; 非都市編定：乙種建築用地
RPUNMLTKLHKFFCH88CA,八張犁段,77.00,非都市：鄉村區 ; 非都市編定：乙種建築用地
RPVPMLOKMHKFFBH68CA,青平段,19.90,都市：商
RPVPMLNLLHKFFCH68CA,田心子段下田心子小段,27.20,都市：住
RPSPMLSJMHKFFBH68CA,環東段,11.23,都市：住
RPRQMLSJMHKFFBH68CA,振興段,128.09,都市：住
RPQNMLQLLHKFFCH28CA,仁武段,48.41,都市：住
RPQNMLQLLHKFFCH28CA,埔頂段,.52,都市：其他
RPQNMLQLLHKFFCH28CA,埔頂段,.11,都市：其他
RPQNMLQLLHKFFCH28CA,埔頂段,.31,都市：其他
RPQNMLQLLHKFFCH28CA,埔頂段,.12,都市：其他
RPRNMLQLLHKFFCH38CA,仁武段,29.76,都市：住
RPRNMLQLLHKFFCH38CA,埔頂段,.32,都市：其他
RPRNMLQLLHKFFCH38CA,埔頂段,.07,都市：其他
RPRNMLQLLHKFFCH38CA,埔頂段,.19,都市：其他
RPRNMLQLLHKFFCH38CA,埔頂段,.07,都市：其他
RPTNMLQLLHKFFCH58CA,仁武段,48.04,都市：住
RPTNMLQLLHKFFCH58CA,埔頂段,.52,都市：其他
RPTNMLQLLHKFFCH58CA,埔頂段,.11,都市：其他
RPTNMLQLLHKFFCH58CA,埔頂段,.30,都市：其他
RPTNMLQLLHKFFCH58CA,埔頂段,.12,都市：其他
RPSNMLQLLHKFFCH48CA,仁武段,48.04,都市：住
RPSNMLQLLHKFFCH48CA,埔頂段,.52,都市：其他
RPSNMLQLLHKFFCH48CA,埔頂段,.11,都市：其他
RPSNMLQLLHKFFCH48CA,埔頂段,.30,都市：其他
RPSNMLQLLHKFFCH48CA,埔頂段,.12,都市：其他
RPWNMLTKLHKFFDH56CA,四湖段,28.25,非都市：特定農業區 ; 非都市編定：交通用地
RPWNMLTKLHKFFDH56CA,四湖段,33.18,非都市：特定農業區 ; 非都市編定：甲種建築用地
RPWNMLTKLHKFFDH56CA,四湖段,118.00,非都市：特定農業區 ; 非都市編定：甲種建築用地
RPXNMLTKLHKFFDH66CA,中興段,33.00,都市：住
RPQOMLTKLHKFFDH68CA,草湳坡段埔心小段,68.00,都市：住
RPUNMLTKLHKFFDH98CA,幼獅段,76.74,都市：住
RPQNMLOLLHKFFDH18CA,草湳坡段埔心小段,71.00,都市：住
RPSNMLKLLHKFFDH97CA,下田心子段赤牛欄小段,125.45,非都市：特定農業區 ; 非都市編定：甲種建築用地
RPTNMLKLLHKFFDH08CA,下田心子段赤牛欄小段,125.45,非都市：特定農業區 ; 非都市編定：甲種建築用地
RPWNMLKLLHKFFDH38CA,下田心子段赤牛欄小段,135.66,非都市：特定農業區 ; 非都市編定：甲種建築用地
RPVNMLKLLHKFFDH28CA,下田心子段赤牛欄小段,135.66,非都市：特定農業區 ; 非都市編定：甲種建築用地
RPUNMLKLLHKFFDH18CA,下田心子段赤牛欄小段,125.45,非都市：特定農業區 ; 非都市編定：甲種建築用地
RPXNMLKLLHKFFDH48CA,下田心子段赤牛欄小段,125.45,非都市：特定農業區 ; 非都市編定：甲種建築用地
RPQOMLKLLHKFFDH87CA,下田心子段赤牛欄小段,155.48,非都市：特定農業區 ; 非都市編定：甲種建築用地
RPOOMLKLLHKFFDH67CA,下田心子段赤牛欄小段,125.45,非都市：特定農業區 ; 非都市編定：甲種建築用地
RPROMLKLLHKFFDH97CA,下田心子段赤牛欄小段,154.16,非都市：特定農業區 ; 非都市編定：甲種建築用地
RPPOMLKLLHKFFDH77CA,下田心子段赤牛欄小段,128.14,非都市：特定農業區 ; 非都市編定：甲種建築用地
RPROMLNLLHKFFDH28CA,民豐段,23.06,非都市：特定農業區 ; 非都市編定：農牧用地
RPROMLNLLHKFFDH28CA,民豐段,48.69,非都市：特定農業區 ; 非都市編定：農牧用地
RPROMLNLLHKFFDH28CA,民豐段,26.03,非都市：特定農業區 ; 非都市編定：農牧用地
RPROMLNLLHKFFDH28CA,民豐段,.82,非都市：特定農業區 ; 非都市編定：農牧用地
RPROMLNLLHKFFDH28CA,民豐段,.34,非都市：特定農業區 ; 非都市編定：水利用地
RPROMLNLLHKFFDH28CA,民豐段,4.97,非都市：特定農業區 ; 非都市編定：農牧用地
RPROMLNLLHKFFDH28CA,民豐段,156.51,非都市：特定農業區 ; 非都市編定：農牧用地
RPROMLNLLHKFFDH28CA,民豐段,3.34,非都市：特定農業區 ; 非都市編定：農牧用地
RPROMLNLLHKFFDH28CA,民豐段,8.49,非都市：特定農業區 ; 非都市編定：農牧用地
RPROMLNLLHKFFDH28CA,民豐段,73.30,非都市：特定農業區 ; 非都市編定：水利用地
RPROMLNLLHKFFDH28CA,民豐段,45.58,非都市：特定農業區 ; 非都市編定：農牧用地
RPROMLNLLHKFFDH28CA,民豐段,12.06,非都市：特定農業區 ; 非都市編定：農牧用地
RPROMLNLLHKFFDH28CA,民豐段,61.58,非都市：特定農業區 ; 非都市編定：農牧用地
RPROMLNLLHKFFDH28CA,民豐段,36.22,非都市：特定農業區 ; 非都市編定：甲種建築用地
RPROMLNLLHKFFDH28CA,民豐段,3.62,非都市：特定農業區 ; 非都市編定：農牧用地
RPROMLNLLHKFFDH28CA,民豐段,35.58,非都市：特定農業區 ; 非都市編定：農牧用地
RPROMLNLLHKFFDH28CA,民豐段,2.90,非都市：特定農業區 ; 非都市編定：水利用地
RPROMLNLLHKFFDH28CA,民豐段,4.96,非都市：特定農業區 ; 非都市編定：水利用地
RPROMLNLLHKFFDH28CA,民豐段,54.26,非都市：特定農業區 ; 非都市編定：農牧用地
RPUOMLKLLHKFFDH28CA,草湳坡段埔心小段,26.49,都市：住
RPQOMLNLLHKFFDH18CA,大金山下段大金山下小段,19.50,都市：住
RPSPMLKMLHKFFCH18CA,銅鑼圈段,2.96,非都市：山坡地保育區 ; 非都市編定：丙種建築用地
RPSPMLKMLHKFFCH18CA,銅鑼圈段,6.35,非都市：山坡地保育區 ; 非都市編定：丙種建築用地
RPSPMLKMLHKFFCH18CA,銅鑼圈段,105.00,非都市：山坡地保育區 ; 非都市編定：丙種建築用地
RPSPMLKMLHKFFCH18CA,銅鑼圈段,5.03,非都市：山坡地保育區 ; 非都市編定：丙種建築用地
RPOPMLKMLHKFFCH77CA,銅鑼圈段,75.52,非都市：山坡地保育區 ; 非都市編定：丙種建築用地
RPOPMLKMLHKFFCH77CA,銅鑼圈段,119.00,非都市：山坡地保育區 ; 非都市編定：丙種建築用地
RPQOMLSKLHKFFBH38CA,中北段,4.48,都市：住
RPSOMLLJMHKFFDH08CA,新屋段後湖小段,327.58,非都市：特定農業區 ; 非都市編定：甲種建築用地
RPUNMLKMLHKFFCH18CA,烏樹林段,20.12,非都市：鄉村區 ; 非都市編定：乙種建築用地
RPROMLTKLHKFFBH58CA,普義段,7.43,都市：住
RPTOMLTJMHKFFCH88CA,角板段,560.00,非都市：一般農業區 ; 非都市編定：農牧用地
RPWPMLPLLHKFFBH88CA,興南段興南小段,12.17,都市：住
RPXOMLKLMHKFFBH48CA,三民段,248.00,都市：住
RPOPMLKLMHKFFBH67CA,三民段,248.00,都市：住
RPQPMLMJMHKFFBH87CA,仁愛段,22.09,都市：住
RPVOMLKLMHKFFBH28CA,興南段興南小段,3.58,都市：商
RPRPMLMJMHKFFBH97CA,中寮段,9.77,都市：住
RPSOMLQLLHKFFBH48CA,三座屋段舊社小段,12.55,都市：住
RPPPMLRLLHKFFBH38CA,中寮段,.78,都市：住
RPPPMLRLLHKFFBH38CA,中寮段,.73,都市：住
RPPPMLRLLHKFFBH38CA,中寮段,3.33,都市：住
RPPPMLRLLHKFFBH38CA,中寮段,8.22,都市：住
RPPPMLRLLHKFFBH38CA,中寮段,56.26,都市：住
RPQNMLTLLHKFFBH48CA,草新段,11.91,都市：住
RPQNMLTLLHKFFBH48CA,草新段,64.16,都市：住
RPUPMLMJMHKFFBH28CA,忠孝段,16.50,都市：住
RPROMLLJMHKFFBH77CA,保障段,4778.95,非都市：一般農業區 ; 非都市編定：農牧用地
RPROMLLJMHKFFBH77CA,保障段,1994.58,非都市：一般農業區 ; 非都市編定：農牧用地
RPTOMLLJMHKFFBH97CA,保障段,1973.18,非都市：一般農業區 ; 非都市編定：農牧用地
RPVPMLQLLHKFFBH88CA,三座屋段橫圳頂小段,103.00,非都市：特定農業區 ; 非都市編定：甲種建築用地
RPRNMLTLLHKFFBH58CA,草新段,32.99,都市：住
RPRNMLTLLHKFFBH58CA,草新段,46.49,都市：住
RPWPMLPKMHKFFDH09CA,頭重溪段,19.59,都市：住
RPPPMLLJMHKFFBH67CA,自立段,31.85,都市：住
RPXOMLKLLHKFFAH28CA,龍祥段,12.61,都市：住
RPTOMLTKLHKFFAH68CA,文化段,14.06,都市：商
RPSOMLTKLHKFFAH58CA,中埔段,14.18,都市：住
RPUNMLNJMHKFFBH18CA,復興段,16.08,都市：住
RPPRMLLMLHKFFAH97CA,新埔段,14.77,都市：住
RPOQMLKLLHKFFAH57CA,中路五段,943.08,都市：農
RPOQMLKLLHKFFAH57CA,中路五段,1250.16,都市：農
RPOQMLKLLHKFFAH57CA,中路五段,530.56,都市：農
RPRPMLTKLHKFFAH58CA,大同段,72.15,都市：住
RPPOMLRLLHKFFBH28CA,忠孝段,23.30,都市：住
RPXSMLLJMHKFFAH68CA,富國段,287.50,都市：農
RPSQMLKLLHKFFAH97CA,龍山段,53.23,都市：住
RPPNMLPLLHKFFAH87CA,富國段,.10,都市：住
RPPNMLPLLHKFFAH87CA,富國段,22.00,都市：住
RPTOMLTJMHKFFAH68CA,西門段,94.00,都市：其他
RPVQMLOLLHKFFAH68CA,同安段,14.35,都市：住
RPUQMLOLLHKFFAH58CA,興華段,28.12,都市：住
RPSNMLNLLHKFFAH97CA,皮寮段,827.13,都市：農
RPRPMLLMLHKFFAH97CA,新路段,5.75,都市：住
RPRPMLLMLHKFFAH97CA,新路段,26.00,都市：住
RPXOMLNLLHKFFAH58CA,大樹林段,9.02,都市：住
RPXOMLNLLHKFFAH58CA,大樹林段,10.74,都市：住
RPXOMLNLLHKFFAH58CA,大樹林段,1.24,都市：住
RPTNMLPLLHKFFAH28CA,國聖段,19.33,都市：住
RPOPMLKMLHKFFAH57CA,寶山段,47.73,都市：住
RPRNMLTKLHKFFAH58EA,龍鳳段,25.02,都市：住
RPRNMLTKLHKFFAH58EA,龍鳳段,.24,都市：其他
RPRNMLTKLHKFFAH58EA,龍鳳段,.06,都市：其他
RPSQMLPKMHKFFAH48CA,桃圳段,125.36,都市：住
RPTOMLRLLHKFFAH58CA,埔子段埔子小段,.90,都市：住
RPTOMLRLLHKFFAH58CA,埔子段埔子小段,15.10,都市：住
RPTOMLRLLHKFFAH58CA,埔子段埔子小段,.20,都市：住
RPPOMLRLLHKFFAH18CA,半嶺段,11.42,都市：商
RPPQMLRLLHKFFAH38CA,國聖段,7.93,都市：住
RPXNMLRLLHKFFAH88CA,半嶺段,18.73,都市：商
RPSOMLRLLHKFFAH48CA,半嶺段,10.35,都市：商
RPQQMLOKMHKFFAH18CA,埔子段埔子小段,.23,都市：住
RPQQMLOKMHKFFAH18CA,埔子段埔子小段,.02,都市：住
RPQQMLOKMHKFFAH18CA,埔子段埔子小段,14.84,都市：住
RPQQMLOKMHKFFAH18CA,埔子段埔子小段,.23,都市：住
RPQQMLOKMHKFFAH18CA,埔子段埔子小段,1.26,都市：住
RPQQMLOKMHKFFAH18CA,埔子段埔子小段,2.82,都市：住
RPSOMLQKMHKFFAH38CA,慈文段,29.62,都市：住
RPQPMLKLLHKFFAH87EA,迴龍段,42.68,都市：住
RPQPMLKLLHKFFAH87EA,迴龍段,5.61,都市：其他
RPQRMLOLQHLFFAH09EA,龍安段,17.06,都市：住
RPSNMLSKLHKFFFH98DA,永福段,21.78,都市：住
RPSOMLNLLHKFFGH78DA,環南段,25.74,都市：住
RPVNMLNLLHKFFFH88DA,同福段,19.11,都市：商
RPUNMLOLLHKFFAH48EA,小檜溪段,21.25,都市：住
RPUNMLOLLHKFFAH48EA,小檜溪段,26.00,都市：住
RPUQMLSKLHKFFCH56DA,仁善段,107.08,都市：住
RPRNMLOLLHKFFFH58DA,同福段,97.06,都市：住
RPRNMLOLLHKFFFH58DA,大忠段,.66,都市：住
RPUOMLNLLHKFFAH48EA,埔子段北門埔子小段,29.37,都市：商
RPXPMLOLLHKFFBH09EA,自立段,13.03,都市：住
RPWNMLKKMHKFFEH68EA,開南段,9.43,非都市：特定農業區 ; 非都市編定：甲種建築用地
RPWNMLKKMHKFFEH68EA,開南段,.49,非都市：特定農業區 ; 非都市編定：甲種建築用地
RPPNMLTKLHKFFCH58EA,仁善段,214.75,都市：住
RPTNMLMJMHKFFFH48DA,同福段,28.39,都市：住
RPTNMLTKLHKFFCH98EA,松樹段,302.68,都市：工
RPTNMLTKLHKFFCH98EA,松樹段,20.47,都市：其他
RPVQMLSKLHKFFCH66DA,埔頂段,38.86,都市：住
RPRNMLTKLHKFFGH56EA,北興段,330.58,非都市：特定農業區 ; 非都市編定：農牧用地
RPTQMLNLLHKFFAH48DA,中路段,28.81,都市：住
RPVOMLRLLHKFFAH88DA,中山段,21.96,都市：住
RPRNMLLMLHKFFGH58EA,新富段,27.77,都市：住
RPWOMLOKMHKFFAH68DA,忠義段,22.07,都市：住
RPWOMLOKMHKFFAH68DA,忠義段,.39,都市：住
RPOPMLOKMHKFFAH97DA,忠義段,22.72,都市：住
RPOPMLOKMHKFFAH97DA,忠義段,.40,都市：住
RPRQMLPLLHKFFAH48DA,中埔段,13.54,都市：住
RPOOMLNKMHKFFAH77DA,迴龍段,13.55,都市：住
RPXNMLMLOHKFFGH86EA,忠貞段,94.55,都市：住
RPQNMLOLLHKFFGH48CA,東陵段,73.89,非都市：特定農業區 ; 非都市編定：甲種建築用地
RPVNMLTKLHKFFGH76CA,平德段,699.81,非都市：鄉村區 ; 非都市編定：乙種建築用地
RPTNMLMJMHKFFGH48CA,正義段,18.60,非都市：特定農業區 ; 非都市編定：農牧用地
RPVOMLLJMHKFFGH68CA,湧安段,100.72,都市：住
RPPNMLRLLHKFFFH58CA,興豐段,7.03,都市：住
RPPNMLRLLHKFFFH58CA,興豐段,15.28,都市：商
RPXOMLLJMHKFFGH88CA,湧豐段,62.50,都市：住
RPWOMLLJMHKFFGH78CA,北興段,70.77,都市：住
RPVOMLSKLHKFFEH56CA,內興段,1582.78,非都市：河川區 ; 非都市編定：水利用地
RPVOMLSKLHKFFEH56CA,內興段,1153.08,都市：農
RPVOMLSKLHKFFEH56CA,內興段,1378.70,非都市：河川區 ; 非都市編定：水利用地
RPVOMLSKLHKFFEH56CA,內興段,.19,非都市：河川區 ; 非都市編定：水利用地
RPVOMLSKLHKFFEH56CA,內興段,93.51,非都市：河川區 ; 非都市編定：水利用地
RPVOMLSKLHKFFEH56CA,內興段,106.87,都市：農
RPVOMLSKLHKFFEH56CA,內興段,84.00,非都市：河川區 ; 非都市編定：水利用地
RPVOMLSKLHKFFEH56CA,內興段,397.58,都市：農
RPXNMLPLLHKFFFH56CA,茄明段,17.01,都市：住
RPRNMLRLLHKFFFH78CA,豐田段,25.97,都市：住
RPWOMLSKLHKFFEH66CA,埔心段海豐坡小段,333.33,非都市：特定農業區 ; 非都市編定：農牧用地
RPWOMLSKLHKFFEH66CA,埔心段海豐坡小段,640.00,非都市：特定農業區 ; 非都市編定：農牧用地
RPWOMLSKLHKFFEH66CA,埔心段海豐坡小段,283.33,非都市：特定農業區 ; 非都市編定：農牧用地
RPWOMLSKLHKFFEH66CA,橫山段橫山小段,157.79,非都市：特定農業區 ; 非都市編定：農牧用地
RPXNMLTKLHKFFEH76CA,南新段,9.65,都市：住
RPXOMLOKMHKFFCH09EA,仁和段,36.93,非都市：特定農業區 ; 非都市編定：甲種建築用地
RPUNMLTKLHKFFEH09CA,錦興段,22.22,都市：住
RPPOMLPLLHKFFEH38CA,五福段,20.15,都市：住
RPPOMLPLLHKFFEH38CA,五福段,.02,都市：其他
RPWNMLPLLHKFFEH98CA,大新段,76.93,都市：住
RPRNMLPKMHKFFGH68CA,廣北段,9.71,都市：商
RPROMLTKLHKFFEH88CA,大竹圍段,67.10,非都市： ; 非都市編定：
RPRNMLKLLHKFFEH97CA,大竹圍段,344.00,非都市：特定農業區 ; 非都市編定：農牧用地
RPUOMLOKMHKFFGH98CA,廣北段,9.71,都市：商
RPVOMLOKMHKFFGH09CA,廣北段,5.83,都市：商
RPUNMLOKMHKFFGH88CA,廣德段,9.14,都市：住
RPOOMLQLLHKFFEH38CA,河底段,24.82,都市：住
RPPNMLKLLHKFFEH77CA,河底段,19.19,都市：住
RPSOMLTKLHKFFEH98CA,大竹圍段,33.55,非都市： ; 非都市編定：
RPSOMLTKLHKFFEH98CA,大竹圍段,33.55,非都市： ; 非都市編定：
RPTOMLTKLHKFFEH09CA,錦興段,22.73,都市：住
RPRNMLNLLHKFFEH28CA,新庄子段,105.53,非都市：特定農業區 ; 非都市編定：甲種建築用地
RPQOMLLMLHKFFFH28CA,福興段,39.10,都市：住
RPROMLLMLHKFFFH38CA,福興段,31.61,都市：住
RPXOMLKMLHKFFFH88CA,新興段,71.84,非都市：特定農業區 ; 非都市編定：甲種建築用地
RPPNMLOLLHKFFEH18CA,南華段,8.39,都市：住
RPUNMLRLLHKFFEH98CA,大新段,19.52,都市：商
RPPOMLKKMHKFFEH87CA,青峰段,26.89,都市：住
RPPOMLKKMHKFFEH87CA,青峰段,.12,都市：住
RPXNMLKLLHKFFFH68CA,大華段,26.08,都市：住
RPPNMLNJMHKFFEH97CA,六福段,11.33,都市：住
RPTOMLLJMHKFFGH48CA,興湧段,145.88,都市：農
RPTNMLLJMHKFFFH28CA,福興段,41.50,都市：住
RPSOMLLJMHKFFGH38CA,興湧段,2042.32,都市：農
RPXNMLMJMHKFFFH78CA,福興段,15.25,都市：商
RPSSMLTKLHKFFFH86CA,明智段,46.05,都市：住
RPSSMLTKLHKFFFH86CA,明智段,2.86,都市：住
RPWNMLMJMHKFFFH68CA,福興段,20.44,都市：商
RPSNMLNLLHKFFFH48CA,中華段,15.63,非都市：特定農業區 ; 非都市編定：甲種建築用地
RPSNMLNLLHKFFFH48CA,中華段,15.63,非都市：特定農業區 ; 非都市編定：甲種建築用地
RPSNMLNLLHKFFFH48CA,中華段,51.43,非都市：特定農業區 ; 非都市編定：甲種建築用地
RPSNMLNLLHKFFFH48CA,中華段,51.43,非都市：特定農業區 ; 非都市編定：甲種建築用地
RPTNMLNLLHKFFGH68CA,興湧段,13.82,都市：商
RPTNMLNLLHKFFGH68CA,興湧段,4.35,都市：其他
RPXNMLLMLHKFFGH98CA,金星段,22.92,都市：住
RPUNMLLMLHKFFGH68CA,金星段,23.45,都市：住
RPPNMLOJMHKFFGH28CA,平鎮段,15.17,都市：商
RPUNMLNLLHKFFGH78CA,廣東段,9.57,都市：住
RPWNMLLMLHKFFGH88CA,金星段,23.45,都市：住
RPOQMLOLLHKFFGH58CA,復旦段,28.04,都市：住
RPRNMLNLLHKFFGH48CA,廣平段,36.09,都市：住
RPVNMLKLLHKFFGH58CA,廣南段,9.91,都市：商
RPSNMLKMLHKFFGH38CA,金星段,24.52,都市：住
RPPNMLKMLHKFFGH08CA,金星段,28.25,都市：住
RPTNMLKMLHKFFGH48CA,金星段,24.52,都市：住
RPRNMLKLLHKFFGH18CA,環南段,16.39,都市：住
RPPQMLPLLHKFFAH28DA,同安段,20.92,都市：住
RPUNMLOLLHKFFAH38DA,桃鶯段,54.27,都市：住
RPUNMLOLLHKFFAH38DA,桃鶯段,11.80,都市：商
RPUNMLOLLHKFFDH78EA,永福段,401.58,都市：其他
RPTNMLSJMHKFFGH09CA,金鍊段,67.58,都市：住
RPQNMLKLLHKFFEH08EA,大竹圍段,137.00,非都市： ; 非都市編定：
RPQOMLTKLHKFFEH88DA,長安段,302.17,都市：工
RPXNMLPLLHKFFBH88DA,普仁段,6.14,都市：商
RPQOMLOLLHKFFBH18DA,新街段,21.23,都市：住
RPTNMLOLLHKFFAH38EA,山福段,19.39,都市：住
RPQNMLRLLHKFFEH68DA,河底段,19.86,都市：住
RPQOMLPKMHKFFGH68CA,南勢段,.22,都市：住
RPQOMLPKMHKFFGH68CA,南勢段,.22,都市：住
RPQOMLPKMHKFFGH68CA,南勢段,41.08,都市：住
RPQOMLPKMHKFFGH68CA,南勢段,.18,都市：住
RPQOMLPKMHKFFGH68CA,南勢段,.18,都市：住
RPQOMLPKMHKFFGH68CA,南勢段,41.08,都市：住
RPTNMLKLLHKFFAH97EA,大樹林段,23.39,都市：住
RPPNMLNKMHKFFEH28EA,五福段,15.05,都市：住
RPTNMLLMLHKFFAH97CA,慈文段,21.16,都市：住
RPROMLKLLHKFFGH38DA,廣豐段,10.23,都市：其他
RPVPMLRLLHKFFAH88CA,江南段,11.86,都市：住
RPUPMLPKMHKFFAH58CA,春日段,36.37,都市：住
RPWOMLNLLHKFFAH48CA,和平段,16.08,都市：住
RPTOMLPLLHKFFAH38CA,桃園段公館頭小段,30.00,都市：商
RPROMLNLLHKFFAH97CA,雙龍段,217.83,都市：工
RPROMLNLLHKFFAH97CA,雙龍段,218.06,都市：工
RPPRMLNLLHKFFBH28DA,忠福段,97.00,都市：住
RPOQMLPLLHKFFAH08CA,富國段,10.99,都市：住
RPUQMLKLLHKFFAH18CA,大同段,10.75,都市：住
RPVNMLNKMHKFFAH28CA,大有段,32.98,都市：住
RPPNMLMJMHKFFAH47CA,春日段,29.42,都市：住
RPXNMLNKMHKFFAH48CA,大有段,33.46,都市：住
RPRPMLMLMHKFFAH28EA,興華段,53.15,都市：住
RPOQMLNLLHKFFBH97CA,中寮段,1.30,都市：住
RPRPMLKLLHKFFAH77CA,中埔段,23.16,都市：住
RPPOMLNLLHKFFAH77CA,寶山段,15.86,都市：住
RPVNMLNLLHKFFAH28CA,福元段,29.79,都市：住
RPUQMLNLLHKFFBH58CA,中寮段,5.03,都市：住
RPQQMLNLLHKFFBH18CA,中寮段,7.34,都市：住
RPPNMLQKMHKFFDH28CA,下田心子段員笨小段,1400.00,非都市：特定農業區 ; 非都市編定：農牧用地
RPPQMLNLLHKFFBH08CA,中寮段,3.75,都市：住
RPRPMLNLLHKFFBH18CA,青平段,20.80,都市：住
RPTPMLNLLHKFFBH38CA,青平段,21.20,都市：住
RPSPMLNLLHKFFBH28CA,青平段,15.20,都市：住
RPSPMLMJMHKFFCH18CA,成功段,3214.64,非都市：一般農業區 ; 非都市編定：甲種建築用地
RPRQMLNLLHKFFBH28CA,中寮段,2.31,都市：住
RPUPMLRJMHKFFDH98CA,東勢段甲頭厝小段,57.22,非都市：特定農業區 ; 非都市編定：甲種建築用地
RPQRMLNLLHKFFBH28CA,啟文段,6066.09,非都市：特定農業區 ; 非都市編定：農牧用地
RPQNMLSJMHKFFDH48CA,石磊子段石磊子小段,573.25,非都市：特定農業區 ; 非都市編定：農牧用地
RPQNMLSJMHKFFDH48CA,石磊子段石磊子小段,538.00,非都市：特定農業區 ; 非都市編定：農牧用地
RPQNMLSJMHKFFDH48CA,石磊子段石磊子小段,578.75,非都市：特定農業區 ; 非都市編定：農牧用地
RPVPMLMJMHKFFCH48CA,烏樹林段,20.12,非都市：鄉村區 ; 非都市編定：乙種建築用地
RPRPMLTKLHKFFDH88CA,十五間段十五間小段,2795.00,非都市：特定農業區 ; 非都市編定：農牧用地
RPSOMLKLLHKFFDH08CA,東勢段甲頭厝小段,457.00,非都市：特定農業區 ; 非都市編定：甲種建築用地
RPSOMLKLLHKFFDH08CA,東勢段甲頭厝小段,77.80,非都市：特定農業區 ; 非都市編定：甲種建築用地
RPTOMLMJMHKFFDH28CA,大金山下段大金山下小段,23.58,都市：住
RPSOMLMJMHKFFDH18CA,大金山下段大金山下小段,23.58,都市：住
RPROMLMJMHKFFDH08CA,大金山下段大金山下小段,16.98,都市：住
RPXOMLMJMHKFFDH68CA,大金山下段大金山下小段,23.58,都市：住
RPVOMLMJMHKFFDH48CA,大金山下段大金山下小段,23.58,都市：住
RPOPMLMJMHKFFDH87CA,大金山下段大金山下小段,23.58,都市：住
RPWOMLMJMHKFFDH58CA,大金山下段大金山下小段,23.58,都市：住
RPQOMLKLLHKFFCH77CA,五福段,77.87,都市：住
RPWNMLQLLHKFFDH98CA,草湳坡段埔心小段,63.98,都市：住
RPQPMLOKMHKFFBH18CA,環東段,23.50,都市：住
RPWPMLKLLHKFFCH48CA,三林段,31.97,非都市：鄉村區 ; 非都市編定：乙種建築用地
RPXPMLKLMHKFFBH58CA,新街段,22.24,都市：住
RPUPMLKLLHKFFCH28CA,三洽水段,108.00,非都市：鄉村區 ; 非都市編定：乙種建築用地
RPSPMLKLLHKFFCH08CA,埔頂段,86.35,都市：住
RPTPMLKLLHKFFCH18CA,大湖段,62.23,都市：住
RPTPMLKLLHKFFCH18CA,大湖段,11.71,都市：住
RPSPMLPKMHKFFBH48CA,石頭段,26.73,都市：住
RPRNMLTKLHKFFCH58CA,仁文段,41.47,都市：住
RPQNMLNLLHKFFCH97CA,龍祥段,92.94,非都市：鄉村區 ; 非都市編定：乙種建築用地
RPSPMLNLLHKFFCH38CA,民豐段,77.10,非都市：鄉村區 ; 非都市編定：乙種建築用地
RPRNMLOLLHKFFCH18CA,南龍段,61.69,非都市：一般農業區 ; 非都市編定：甲種建築用地
RPSNMLOLLHKFFCH28CA,南龍段,68.65,都市：農
RPSNMLOLLHKFFCH28CA,南龍段,123.41,都市：農
RPXQMLNLLHKFFCH98CA,三林段,2538.74,非都市：一般農業區 ; 非都市編定：農牧用地
RPXQMLNLLHKFFCH98CA,三林段,2531.83,非都市：一般農業區 ; 非都市編定：農牧用地
RPPQMLNLLHKFFCH18CA,康莊段,25.69,都市：住
RPSQMLNLLHKFFCH48CA,田心子段下田心子小段,19.40,都市：住
RPORMLPLLHKFFCH38CA,缺子段缺子小段,26.17,非都市：鄉村區 ; 非都市編定：乙種建築用地
RPORMLPLLHKFFCH38CA,缺子段缺子小段,107.00,非都市：鄉村區 ; 非都市編定：乙種建築用地
RPOOMLQLLHKFFDH28CA,高上段,36.70,非都市：特定農業區 ; 非都市編定：水利用地
RPOOMLQLLHKFFDH28CA,高上段,48.35,非都市：特定農業區 ; 非都市編定：水利用地
RPWNMLOLLHKFFDH78CA,富岡段,209.70,非都市：特定農業區 ; 非都市編定：甲種建築用地
RPQQMLSJMHKFFBH58CA,榮南段,18.27,都市：住
RPTNMLOLLHKFFDH48CA,頂湖段,587.59,都市：農
RPOOMLPLLHKFFDH18CA,幼獅段,20.25,都市：住
RPPNMLPLLHKFFDH18CA,長紅段,59.71,非都市：特定農業區 ; 非都市編定：甲種建築用地
RPXNMLQLLHKFFDH09CA,高上段,63.80,非都市：特定農業區 ; 非都市編定：水利用地
RPVOMLKLLHKFFDH38CA,員富段,110.17,都市：住
RPWNMLOLLHKFFCH68CA,田心子段下田心子小段,87.00,都市：住
RPPPMLMJMHKFFDH97CA,頭重溪段,9.88,都市：住
RPPPMLMJMHKFFDH97CA,頭重溪段,9.88,都市：住
RPSNMLQLLHKFFDH58CA,頭重溪段,24.79,都市：住
RPPNMLOLLHKFFDH08CA,雙榮段,89.99,都市：住
RPPOMLNLLHKFFDH08CA,番婆段,2850.00,非都市：特定農業區 ; 非都市編定：農牧用地
RPOOMLTJMHKFFCH38CA,健行段,1251.38,非都市：一般農業區 ; 非都市編定：農牧用地
RPOOMLTJMHKFFCH38CA,健行段,1251.38,非都市：一般農業區 ; 非都市編定：農牧用地
RPPNMLKMLHKFFDH77CA,仁美段,166.07,都市：農
RPVPMLKMLHKFFCH48CA,民有段,16.03,都市：其他
RPVPMLKMLHKFFCH48CA,民有段,6.42,都市：其他
RPQOMLLMLHKFFCH97CA,田心子段下田心子小段,70.00,都市：住
RPTNMLLJMHKFFCH97CA,仁文段,262.27,都市：其他
RPTNMLLJMHKFFCH97CA,仁文段,110.33,都市：其他
RPTNMLLJMHKFFCH97CA,仁文段,235.04,都市：其他
RPTNMLLJMHKFFCH97CA,太武段,78.46,都市：其他
RPTOMLRJMHKFFCH68CA,三層段三層小段,371.00,非都市：風景區 ; 非都市編定：丙種建築用地
RPSNMLRJMHKFFCH48CA,社角段,463.25,非都市：特定農業區 ; 非都市編定：農牧用地
RPSNMLRJMHKFFCH48CA,社角段,231.01,非都市：特定農業區 ; 非都市編定：農牧用地
RPSNMLRJMHKFFCH48CA,社角段,2580.01,非都市：特定農業區 ; 非都市編定：農牧用地
RPTQMLNLLHKFFBH48CA,藍埔段,173.00,非都市：特定農業區 ; 非都市編定：甲種建築用地
RPUOMLNLLHKFFBH38CA,中壢埔頂段,5.41,都市：住
RPPNMLOLLHKFFBH87CA,富強段,3.84,都市：住
RPPQMLPLLHKFFBH28CA,健行段,74.00,都市：住
RPWOMLOLLHKFFBH68CA,三座屋段三座屋小段,1.14,都市：住
RPWOMLOLLHKFFBH68CA,三座屋段舊社小段,5.34,都市：住
RPWQMLNLLHKFFBH78CA,新富段,197.08,都市：住
RPPNMLLKMHKFFCH67CA,基國派段,3330.00,非都市：一般農業區 ; 非都市編定：農牧用地
RPXPMLKMLHKFFBH58CA,工業區段二小段,83.00,非都市：工業區 ; 非都市編定：丁種建築用地
RPXPMLKMLHKFFBH58CA,工業區段二小段,83.00,非都市：工業區 ; 非都市編定：丁種建築用地
RPSNMLPLLHKFFBH28CA,自立段,24.37,都市：住
RPTNMLPLLHKFFBH38CA,自立段,26.49,都市：住
RPPNMLPLLHKFFBH97CA,中寮段,22.14,都市：住
RPUNMLPLLHKFFBH48CA,自立段,18.98,都市：住
RPRNMLPLLHKFFBH18CA,自立段,31.88,都市：住
RPWNMLOKMHKFFCH68CA,石門段,372.35,都市：住
RPSNMLRLLHKFFBH48CA,中壢埔頂段,7.69,都市：住
RPOOMLRLLHKFFBH18CA,榮南段,24.77,都市：住
RPVNMLRLLHKFFBH78CA,興南段興南小段,4.67,都市：商
RPWOMLRLLHKFFBH98CA,忠福段,13.50,都市：住
RPWOMLRLLHKFFBH98CA,忠福段,.63,都市：住
RPWOMLRLLHKFFBH98CA,忠福段,1.69,都市：住
RPWOMLRLLHKFFBH98CA,培英段,14.37,都市：住
RPQOMLQJNHKFFCH38CA,中庄段中庄小段,1582.00,非都市：特定農業區 ; 非都市編定：農牧用地
RPQOMLQJNHKFFCH38CA,中庄段中庄小段,1681.00,非都市：特定農業區 ; 非都市編定：農牧用地
RPWOMLRJMHKFFBH88CA,三座屋段三座屋小段,16.31,都市：住
RPQQMLLJMHKFFBH87CA,中工段,7.00,非都市：工業區 ; 非都市編定：丁種建築用地
RPQQMLLJMHKFFBH87CA,中工段,22.11,非都市：工業區 ; 非都市編定：丁種建築用地
RPQQMLLJMHKFFBH87CA,中工段,.52,非都市：工業區 ; 非都市編定：丁種建築用地
RPQQMLLJMHKFFBH87CA,中工段,89.00,非都市：工業區 ; 非都市編定：丁種建築用地
RPQNMLNJMHKFFBH77CA,中寮段,10.49,都市：住
RPPNMLOJMHKFFBH77CA,遠東段,18.61,都市：住
RPWNMLNLLHKFFAH38CA,陸光段,21.47,都市：住
RPSOMLLMLHKFFBH08CA,雙嶺段,37.09,都市：商
RPSOMLLMLHKFFBH08CA,雙嶺段,146.62,都市：商
RPWRMLLJMHKFFAH48CA,中路三段,28.83,都市：住
RPTNMLRJMHKFFAH38CA,忠義段,28.25,都市：住
RPWSMLLJMHKFFAH58CA,慈文段,17.19,都市：住
RPWSMLLJMHKFFAH58CA,慈文段,.23,都市：住
RPXQMLOLMHKFFBH09CA,忠福段,95.96,都市：住
RPTRMLLJMHKFFAH18CA,楓樹段,66.78,都市：住
RPVNMLMJMHKFFBH18CA,自立段,71.66,都市：住
SPTNMLRJMHKFFAH48CA,忠義段,28.25,都市：住
RPSOMLNLLHKFFAH08CA,龍安段,15.73,都市：住
RPXNMLQLLHKFFAH78CA,和平段,110.00,都市：住
RPXNMLQLLHKFFAH78CA,和平段,465.00,都市：住
RPXNMLQLLHKFFAH78CA,和平段,336.00,都市：住
RPXNMLQLLHKFFAH78CA,和平段,8.00,都市：農
RPUPMLNLLHKFFAH38CA,龍祥段,11.96,都市：商
RPQNMLNLLHKFFAH77CA,中埔段,6.42,都市：住
RPOQMLNLLHKFFAH87CA,大有段,11.23,都市：住
RPPNMLQLLHKFFAH97CA,迴龍段,4.63,都市：商
RPTPMLPLLHKFFAH48CA,大樹林段,3.33,都市：商
RPWNMLRLLHKFFAH78CA,福元段,33.69,都市：住
RPSNMLOKMHKFFAH08CA,慈文段,15.60,都市：住
RPSNMLOKMHKFFAH08CA,慈文段,5.60,都市：住
RPPNMLQLLHKFFFH58DA,茄明段,10.81,都市：住
RPRNMLOLLHKFFDH48EA,社子段,900.00,非都市：特定農業區 ; 非都市編定：農牧用地
RPRNMLOLLHKFFDH48EA,社子段,900.00,非都市：特定農業區 ; 非都市編定：農牧用地
RPQNMLNLLHKFFEH38EA,竹圍段拔子林小段,55.00,都市：住
RPRNMLNLLHKFFCH18DA,田心子段下田心子小段,6286.00,非都市：山坡地保育區 ; 非都市編定：暫未編定
RPSOMLOLLHKFFEH78EA,竹圍段拔子林小段,59.00,都市：住
RPQRMLMLMHKFFAH18CA,忠義段,19.45,都市：住
RPUPMLSJMHKFFDH66EA,國寶段,31.27,都市：其他
RPRNMLRLLHKFFEH78DA,錦中段,28.37,都市：工
RPSQMLKMLHKFFAH08CA,國聖段,25.70,都市：住
RPSOMLKMLHKFFAH87CA,慈文段,14.95,都市：住
RPSOMLKMLHKFFAH87CA,慈文段,.07,都市：商
RPSOMLKMLHKFFAH87CA,慈文段,.42,都市：住
RPWPMLNLLHKFFBH78DA,內壢段,130.00,都市：農
RPXNMLTJMHKFFEH96EA,新福段,27.84,都市：其他
RPXNMLTJMHKFFEH96EA,新福段,37.33,都市：其他
RPXNMLTJMHKFFEH96EA,新福段,12.63,都市：其他
RPXNMLTJMHKFFEH96EA,新福段,2.42,都市：其他
RPXNMLTJMHKFFEH96EA,新福段,14.45,都市：其他
RPXNMLTJMHKFFEH96EA,新福段,2.10,都市：其他
RPXNMLTJMHKFFEH96EA,新福段,13.94,都市：其他
RPXNMLTJMHKFFEH96EA,新福段,4.16,都市：其他
RPXNMLTJMHKFFEH96EA,新福段,2.40,都市：其他
RPXNMLTJMHKFFEH96EA,新福段,5.97,都市：其他
RPXNMLTJMHKFFEH96EA,新福段,.20,都市：其他
RPXNMLTJMHKFFEH96EA,新福段,15.87,都市：其他
RPXNMLTJMHKFFEH96EA,新福段,29.41,都市：其他
RPXNMLTJMHKFFEH96EA,新福段,7.43,都市：其他
RPXNMLTJMHKFFEH96EA,新福段,.65,都市：其他
RPXNMLTJMHKFFEH96EA,新福段,.96,都市：其他
RPPQMLKKMHKFFAH67CA,富國段,16.56,都市：住
RPSNMLNLLHKFFCH38EA,仁文段,76.32,都市：住
RPSNMLNLLHKFFCH38EA,仁文段,11.57,都市：住
RPSPMLPLLHKFFBH58DA,普義段,19.09,都市：住
RPTNMLOLLHKFFGH98EA,六和段,3.57,都市：住
RPPPMLQLLHKFFAH28DA,龍祥段,10.56,都市：住
RPPPMLQLLHKFFAH28DA,龍祥段,9.87,都市：住
RPSNMLNLLHKFFGH58CA,金龍段,10.54,非都市：鄉村區 ; 非都市編定：乙種建築用地
RPSNMLNLLHKFFGH58CA,金龍段,33.56,非都市：鄉村區 ; 非都市編定：乙種建築用地
RPSNMLNLLHKFFGH58CA,金龍段,59.07,非都市：鄉村區 ; 非都市編定：乙種建築用地
RPXNMLSJMHKFFGH86CA,新富段,11.91,都市：其他
RPXNMLSJMHKFFGH86CA,新富段,.04,都市：其他
RPOQMLLLMHKFFBH08EA,富強段,6.79,都市：住
RPOQMLLLMHKFFBH08EA,富強段,5.73,都市：住
RPVPMLKMLHKFFAH38DA,福元段,13.69,都市：住
RPWNMLKLLHKFFGH68CA,雙連段,973.27,都市：農
RPWNMLKLLHKFFGH68CA,雙連段,1295.42,都市：農
RPROMLOLLHKFFGH68CA,東豐段,35.31,都市：住
RPROMLOLLHKFFGH68CA,東豐段,.40,都市：住
RPPOMLOLLHKFFGH48CA,東豐段,31.70,都市：住
RPPOMLOLLHKFFGH48CA,東豐段,.40,都市：住
RPPOMLRKMHKFFGH98EA,新富段,31.25,都市：住
RPPOMLKLLHKFFGH08CA,新富段,9.42,都市：住
RPVOMLKMLHKFFGH78CA,東安段,24.81,都市：住
RPOOMLLMLHKFFGH18CA,金星段,22.92,都市：住
RPVPMLOLLHKFFGH56CA,復旦段,6.21,都市：住
RPQNMLOJMHKFFGH38CA,平鎮段,14.76,都市：商
RPSNMLPLLHKFFGH78CA,鎮興段,624.66,非都市：特定農業區 ; 非都市編定：農牧用地
RPTNMLKLLHKFFFH28CA,大發段,59.72,非都市：特定農業區 ; 非都市編定：甲種建築用地
RPTNMLKLLHKFFFH28CA,大發段,8.47,非都市：特定農業區 ; 非都市編定：甲種建築用地
RPTNMLKLLHKFFFH28CA,大發段,14.63,非都市：特定農業區 ; 非都市編定：甲種建築用地
RPTNMLKLLHKFFFH28CA,大發段,.17,非都市：特定農業區 ; 非都市編定：甲種建築用地
RPTNMLKLLHKFFFH28CA,大發段,.73,非都市：特定農業區 ; 非都市編定：甲種建築用地
RPTNMLKLLHKFFFH28CA,大發段,6.59,非都市：特定農業區 ; 非都市編定：甲種建築用地
RPPNMLMKMHKFFGH18CA,廣仁段,6.99,都市：住
RPPNMLMKMHKFFGH18CA,廣仁段,65.54,都市：住
RPTOMLNLLHKFFFH68CA,茄明段,16.42,都市：住
RPSNMLRKMHKFFGH98CA,復旦段,138.62,都市：住
RPSNMLRKMHKFFGH98CA,復旦段,11.93,都市：農
RPSNMLRKMHKFFGH98CA,復旦段,160.21,都市：農
RPTNMLOLLHKFFFH68CA,明智段,133.79,都市：住
RPQNMLRKMHKFFGH78CA,復旦段,138.62,都市：住
RPQNMLRKMHKFFGH78CA,復旦段,11.93,都市：農
RPQNMLRKMHKFFGH78CA,復旦段,151.87,都市：農
RPUNMLOLLHKFFFH78CA,明智段,133.79,都市：住
RPOOMLMJMHKFFFH97CA,大和段,17.20,都市：住
RPOPMLKMLHKFFFH08CA,興豐段,29.69,非都市：鄉村區 ; 非都市編定：乙種建築用地
RPOPMLKMLHKFFFH08CA,興豐段,.15,非都市：鄉村區 ; 非都市編定：乙種建築用地
RPOPMLKMLHKFFFH08CA,興豐段,1.14,非都市：鄉村區 ; 非都市編定：乙種建築用地
RPVNMLLJMHKFFFH48CA,大智段,24.16,都市：住
RPXNMLLJMHKFFFH68CA,興豐段,29.69,非都市：鄉村區 ; 非都市編定：乙種建築用地
RPXNMLLJMHKFFFH68CA,興豐段,.15,非都市：鄉村區 ; 非都市編定：乙種建築用地
RPXNMLLJMHKFFFH68CA,興豐段,1.14,非都市：鄉村區 ; 非都市編定：乙種建築用地
RPPNMLLJMHKFFFH87CA,力行段,27.07,都市：住
RPWNMLLJMHKFFFH58CA,興豐段,30.47,非都市：鄉村區 ; 非都市編定：乙種建築用地
RPWNMLLJMHKFFFH58CA,興豐段,.15,非都市：鄉村區 ; 非都市編定：乙種建築用地
RPWNMLLJMHKFFFH58CA,興豐段,1.14,非都市：鄉村區 ; 非都市編定：乙種建築用地
RPXNMLKMLHKFFFH78CA,豐田段,78.97,都市：住
RPWNMLKMLHKFFFH68CA,豐田段,78.97,都市：住
RPOOMLKMLHKFFFH97CA,豐田段,78.97,都市：住
RPROMLMJMHKFFEH18CA,大新段,7.48,都市：商
RPROMLMJMHKFFEH18CA,大新段,7.48,都市：商
RPSOMLKMLHKFFFH38CA,豐田段,26.92,都市：住
RPPOMLKMLHKFFFH08CA,豐田段,42.18,都市：住
RPQOMLKMLHKFFFH18CA,豐田段,35.90,都市：住
RPWOMLKMLHKFFFH78CA,興豐段,39.85,非都市：鄉村區 ; 非都市編定：乙種建築用地
RPWOMLKMLHKFFFH78CA,興豐段,.20,非都市：鄉村區 ; 非都市編定：乙種建築用地
RPWOMLKMLHKFFFH78CA,興豐段,1.51,非都市：鄉村區 ; 非都市編定：乙種建築用地
RPROMLKMLHKFFFH28CA,豐田段,35.90,都市：住
RPUOMLKMLHKFFFH58CA,豐田段,35.00,都市：住
RPVOMLKMLHKFFFH68CA,興豐段,39.46,非都市：鄉村區 ; 非都市編定：乙種建築用地
RPVOMLKMLHKFFFH68CA,興豐段,.19,非都市：鄉村區 ; 非都市編定：乙種建築用地
RPVOMLKMLHKFFFH68CA,興豐段,1.49,非都市：鄉村區 ; 非都市編定：乙種建築用地
RPTOMLKMLHKFFFH48CA,豐田段,35.00,都市：住
RPWNMLRLLHKFFEH56CA,長安段,158.96,都市：工
RPUOMLKMLHKFFEH48CA,圳股頭段圳股頭小段,1950.00,非都市：一般農業區 ; 非都市編定：農牧用地
RPVOMLOLLHKFFEH88CA,沙崙段後厝小段,16.23,非都市：一般農業區 ; 非都市編定：甲種建築用地
RPVOMLOLLHKFFEH88CA,沙崙段後厝小段,2.94,非都市：一般農業區 ; 非都市編定：甲種建築用地
RPVOMLOLLHKFFEH88CA,沙崙段後厝小段,9.59,非都市：一般農業區 ; 非都市編定：交通用地
RPVOMLOLLHKFFEH88CA,沙崙段後厝小段,.95,非都市：一般農業區 ; 非都市編定：交通用地
RPVOMLOLLHKFFEH88CA,沙崙段後厝小段,24.08,非都市：一般農業區 ; 非都市編定：交通用地
RPVOMLOLLHKFFEH88CA,沙崙段後厝小段,5.07,非都市：一般農業區 ; 非都市編定：水利用地
RPVOMLOLLHKFFEH88CA,沙崙段後厝小段,1.75,非都市：一般農業區 ; 非都市編定：交通用地
RPVOMLOLLHKFFEH88CA,沙崙段後厝小段,1.58,非都市：一般農業區 ; 非都市編定：交通用地
RPVOMLOLLHKFFEH88CA,沙崙段後厝小段,15.62,非都市：一般農業區 ; 非都市編定：交通用地
RPVOMLOLLHKFFEH88CA,沙崙段後厝小段,1.63,非都市：一般農業區 ; 非都市編定：交通用地
RPVOMLOLLHKFFEH88CA,沙崙段後厝小段,17.19,非都市：特定專用區 ; 非都市編定：特定目的事業用地
RPVOMLOLLHKFFEH88CA,沙崙段後厝小段,1.67,非都市：一般農業區 ; 非都市編定：水利用地
RPTNMLOKMHKFFFH68CA,興仁段,20.20,都市：商
RPXNMLOLLHKFFEH98CA,南崁下段,6.67,都市：農
RPXNMLOLLHKFFEH98CA,南崁下段,13.33,都市：農
RPXNMLOLLHKFFEH98CA,南崁下段,8.17,都市：農
RPXNMLOLLHKFFEH98CA,南崁下段,4.08,都市：農
RPXNMLOLLHKFFEH98CA,南崁下段,12.42,都市：其他
RPXNMLOLLHKFFEH98CA,南崁下段,6.21,都市：其他
RPXNMLOLLHKFFEH98CA,南崁下段,3.75,都市：農
RPXNMLOLLHKFFEH98CA,南崁下段,1.88,都市：農
RPXNMLOLLHKFFEH98CA,南崁下段,1.25,都市：其他
RPXNMLOLLHKFFEH98CA,南崁下段,.62,都市：其他
RPXNMLOLLHKFFEH98CA,南崁下段,128.25,都市：農
RPXNMLOLLHKFFEH98CA,南崁下段,64.12,都市：農
RPXNMLOLLHKFFEH98CA,南崁下段,119.08,都市：農
RPXNMLOLLHKFFEH98CA,南崁下段,59.54,都市：農
RPXNMLOLLHKFFEH98CA,南崁下段,96.75,都市：農
RPXNMLOLLHKFFEH98CA,南崁下段,48.38,都市：農
RPXNMLOLLHKFFEH98CA,南崁下段,22.08,都市：其他
RPXNMLOLLHKFFEH98CA,南崁下段,11.04,都市：其他
RPXNMLOLLHKFFEH98CA,南崁下段,31.33,都市：其他
RPXNMLOLLHKFFEH98CA,南崁下段,15.67,都市：其他
RPXNMLOLLHKFFEH98CA,南崁下段,8.75,都市：其他
RPXNMLOLLHKFFEH98CA,南崁下段,4.38,都市：其他
RPXNMLOLLHKFFEH98CA,南崁下段,13.75,都市：農
RPXNMLOLLHKFFEH98CA,南崁下段,6.88,都市：農
RPRNMLQLLHKFFEH58CA,錦興段,.95,都市：其他
RPUNMLQLLHKFFEH88CA,青峰段,36.73,都市：住
RPSNMLPLLHKFFEH58CA,南崁廟口段羊稠坑小段,24.04,都市：住
RPPNMLKMLHKFFEH87CA,河底段,18.15,都市：住
RPTNMLQLLHKFFEH78CA,河底段,20.22,都市：住
RPUNMLLJMHKFFEH28CA,河底段,23.95,都市：住
RPPOMLQLLHKFFGH68CA,平安段,30.14,都市：農
RPPOMLQLLHKFFGH68CA,平安段,.04,都市：農
RPPOMLQLLHKFFGH68CA,平安段,130.10,都市：農
RPTNMLSJMHKFFFH98CA,茄苳段,15.45,都市：住
RPTNMLSJMHKFFFH98CA,茄苳段,.43,都市：住
RPUNMLPLLHKFFGH98CA,廣東段,15.00,都市：住
RPUNMLPLLHKFFGH98CA,廣東段,82.00,都市：住
RPXPMLOLLHKFFGH76CA,廣仁段,12.13,都市：住
RPRNMLNKMHKFFEH28CA,河底段,.07,都市：住
RPUNMLQLLHKFFGH09CA,鎮安段,12.35,都市：農
RPUNMLQLLHKFFGH09CA,鎮安段,22.49,都市：農
RPTPMLOLLHKFFGH98CA,平東段,31.53,都市：住
RPWNMLNLLHKFFFH88CA,榮興段,65.14,非都市：鄉村區 ; 非都市編定：乙種建築用地
RPSNMLPKMHKFFFH68CA,營盤段,32.56,非都市：特定農業區 ; 非都市編定：甲種建築用地
RPQNMLOKMHKFFEH28CA,南青段,113.67,都市：農
RPXNMLNKMHKFFEH88CA,河底段,19.55,都市：住
RPRNMLPKMHKFFFH58CA,營盤段,32.42,非都市：特定農業區 ; 非都市編定：甲種建築用地
RPSOMLOLLHKFFGH78CA,東豐段,35.31,都市：住
RPSOMLOLLHKFFGH78CA,東豐段,.40,都市：住
RPTOMLNLLHKFFGH78CA,新榮段,21.57,都市：住
RPTOMLQLLHKFFGH09CA,新光段,8.67,都市：工
RPTOMLQLLHKFFGH09CA,新光段,18.49,都市：工
RPXNMLTJMHKFFGH96CA,鎮安段,21.90,非都市：特定農業區 ; 非都市編定：甲種建築用地
RPXNMLTJMHKFFGH96CA,鎮安段,68.95,非都市：特定農業區 ; 非都市編定：甲種建築用地
RPXNMLOLLHKFFGH56CA,東陵段,78.75,非都市：特定農業區 ; 非都市編定：甲種建築用地
RPUOMLRJMHKFFGH56CA,鎮東段,24.85,非都市：鄉村區 ; 非都市編定：乙種建築用地
RPUOMLRJMHKFFGH56CA,鎮東段,46.38,非都市：鄉村區 ; 非都市編定：乙種建築用地
RPTNMLTJMHKFFGH56CA,東豐段,31.25,都市：住
RPTNMLTJMHKFFGH56CA,東豐段,.53,都市：住
RPSNMLTJMHKFFGH09CA,廣仁段,16.35,都市：住
RPSNMLTJMHKFFGH09CA,廣仁段,.97,都市：住
RPSNMLTJMHKFFGH09CA,廣仁段,2.20,都市：住
RPWOMLOKMHKFFGH56CA,三興段,63.17,都市：住
RPQNMLRLLHKFFAH28DA,桃鶯段,28.69,都市：住
RPXOMLKMLHKFFAH48DA,寶山段,14.26,都市：住
RPQNMLOLLHKFFAH97DA,兔子坑段大湖頂小段,343.11,非都市：山坡地保育區 ; 非都市編定：林業用地
RPQNMLOLLHKFFAH97DA,兔子坑段大湖頂小段,219.86,非都市：山坡地保育區 ; 非都市編定：林業用地
RPQNMLOLLHKFFAH97DA,兔子坑段大湖頂小段,30.86,非都市：山坡地保育區 ; 非都市編定：農牧用地
RPQNMLOLLHKFFAH97DA,兔子坑段大湖頂小段,43.38,非都市：山坡地保育區 ; 非都市編定：農牧用地
RPQNMLOLLHKFFAH97DA,兔子坑段大湖頂小段,39.03,非都市：山坡地保育區 ; 非都市編定：林業用地
RPQOMLQLLHKFFAH28DA,興華段,19.37,都市：商
RPQNMLPKMHKFFGH58CA,福林段,8.35,非都市：特定農業區 ; 非都市編定：甲種建築用地
RPQNMLPKMHKFFGH58CA,福林段,3.79,非都市：特定農業區 ; 非都市編定：甲種建築用地
RPQNMLPKMHKFFGH58CA,福林段,82.93,非都市：特定農業區 ; 非都市編定：甲種建築用地
RPWNMLPKMHKFFGH56CA,平南段,62.31,都市：住
RPXPMLNLLHKFFBH88DA,仁愛段,26.00,都市：住
RPPOMLOLLHKFFBH08DA,自立段,29.52,都市：住
RPPNMLPLLHKFFGH68EA,興湧段,18.53,都市：住
RPRRMLOLLHKFFBH58DA,榮民段,89.00,都市：住
RPTOMLOLLHKFFEH88EA,竹圍段拔子林小段,63.00,都市：住
RPSPMLRKMHKFFGH56CA,興湧段,60.39,都市：住
RPOOMLOLLHKFFBH97DA,福德段,76.15,都市：住
RPRNMLKMLHKFFGH38DA,金星段,22.46,都市：住
RPTNMLKLMHKFFGH48CA,德育段,18.12,都市：住
RPPNMLSJNHKFFBH48EA,興南段中壢老小段,3.00,都市：住
RPQNMLSJNHKFFBH58EA,興南段中壢老小段,4.38,都市：住
RPQNMLSJNHKFFBH58EA,興南段中壢老小段,.31,都市：住
RPOOMLPLLHKFFAH08EA,下湖段,99.20,都市：其他
RPUOMLNLLHKFFCH58DA,埔頂段,43.01,都市：住
RPXOMLPKOHKFFBH66EA,三座屋段三座屋小段,1.81,都市：住
RPXOMLPKOHKFFBH66EA,三座屋段舊社小段,8.46,都市：住
RPXNMLKMLHKFFGH98DA,金星段,28.70,都市：住
RPPOMLRLLHKFFCH48DA,仁善段,28.79,都市：住
RPWNMLKMLHKFFGH88DA,金星段,32.79,都市：住
RPVNMLKLMHKFFAH28EA,龍安段,25.04,都市：住
RPQPMLRLLHKFFAH38CA,兔子坑段大湖頂小段,131.35,非都市：山坡地保育區 ; 非都市編定：農牧用地
RPSRMLMLMHKFFAH38CA,龍山段,51.28,都市：住
RPTNMLRLLHKFFAH48CA,桃鶯段,25.08,都市：住
RPPOMLKMLHKFFAH57CA,富國段,13.77,都市：住
RPWQMLLLMHKFFAH58CA,埔子段埔子小段,.22,都市：住
RPWQMLLLMHKFFAH58CA,埔子段埔子小段,.02,都市：住
RPWQMLLLMHKFFAH58CA,埔子段埔子小段,13.91,都市：住
RPWQMLLLMHKFFAH58CA,埔子段埔子小段,.21,都市：住
RPWQMLLLMHKFFAH58CA,埔子段埔子小段,1.18,都市：住
RPWQMLLLMHKFFAH58CA,埔子段埔子小段,2.65,都市：住
RPROMLRLLHKFFAH38CA,慈文段,22.37,都市：住
RPXQMLLLMHKFFAH68CA,埔子段埔子小段,.30,都市：住
RPXQMLLLMHKFFAH68CA,埔子段埔子小段,.03,都市：住
RPXQMLLLMHKFFAH68CA,埔子段埔子小段,19.02,都市：住
RPXQMLLLMHKFFAH68CA,埔子段埔子小段,.29,都市：住
RPXQMLLLMHKFFAH68CA,埔子段埔子小段,1.62,都市：住
RPXQMLLLMHKFFAH68CA,埔子段埔子小段,3.62,都市：住
RPVQMLRLLHKFFAH98CA,慈文段,15.82,都市：住
RPTQMLOLLHKFFAH48CA,大樹林段,.75,都市：商
RPTQMLOLLHKFFAH48CA,大樹林段,4.50,都市：商
RPPNMLPKMHKFFAH87CA,埔子段北門埔子小段,.01,都市：住
RPWOMLPLLHKFFAH68CA,樂善段,49.71,都市：住
RPVOMLOLLHKFFAH48CA,東嶺段,21.47,非都市：山坡地保育區 ; 非都市編定：丙種建築用地
RPVOMLOLLHKFFAH48CA,東嶺段,5.89,非都市：山坡地保育區 ; 非都市編定：丙種建築用地
RPVOMLOLLHKFFAH48CA,東嶺段,2.60,非都市：山坡地保育區 ; 非都市編定：丙種建築用地
RPVOMLOLLHKFFAH48CA,東嶺段,.37,非都市：山坡地保育區 ; 非都市編定：丙種建築用地
RPXNMLOLLHKFFAH58CA,塔寮坑段坑底小段,85.00,非都市：山坡地保育區 ; 非都市編定：丙種建築用地
RPRNMLPLLHKFFAH08CA,同德段,62.19,都市：商
RPXRMLLJMHKFFAH58CA,新埔段,80.72,都市：住
RPPNMLNJMHKFFAH57CA,國聖段,6.56,都市：住
RPSRMLMJMHKFFBH28CA,三座屋段三座屋小段,14.20,都市：住
RPSRMLMJMHKFFBH28CA,三座屋段舊社小段,9.50,都市：住
RPPPMLLJMHKFFAH57CA,龍祥段,24.62,都市：住
RPVRMLMJMHKFFBH58CA,三座屋段三座屋小段,11.93,都市：住
RPVRMLMJMHKFFBH58CA,三座屋段舊社小段,7.97,都市：住
RPURMLMJMHKFFBH48CA,三座屋段三座屋小段,14.20,都市：住
RPURMLMJMHKFFBH48CA,三座屋段舊社小段,9.50,都市：住
RPQRMLLMLHKFFBH18CA,大同段,28.59,都市：住
RPQRMLLMLHKFFBH18CA,大同段,125.46,都市：住
RPPNMLTLLHKFFBH38CA,光明段,65.00,非都市：特定農業區 ; 非都市編定：甲種建築用地
RPTQMLLMLHKFFBH38CA,復興段,15.17,都市：住
RPXOMLRLLHKFFBH09CA,普義段,7.98,都市：住
RPUNMLSJMHKFFBH68CA,雙嶺段,279.00,都市：工
RPUNMLSJMHKFFBH68CA,雙嶺段,69.76,都市：工
RPWNMLLJMHKFFBH18CA,大華段,25.11,都市：住
RPWNMLLJMHKFFBH18CA,大華段,.00,都市：其他
RPSOMLKMLHKFFBH97CA,忠福段,22.71,都市：住
RPOQMLPLLHKFFBH18CA,石頭段,10.21,都市：商
RPOQMLPLLHKFFBH18CA,石頭段,10.21,都市：商
RPXPMLRLLHKFFBH56CA,青溪段,41.35,都市：住
RPVQMLOLLHKFFBH78CA,上大段,77.94,非都市：特定農業區 ; 非都市編定：農牧用地
RPVQMLOLLHKFFBH78CA,上大段,68.33,非都市：特定農業區 ; 非都市編定：農牧用地
RPTOMLPLLHKFFBH48CA,健行段,13.36,都市：其他
RPPQMLRLLHKFFBH48CA,後興段,17.98,都市：住
RPVNMLPLLHKFFBH58CA,內厝段,78.00,非都市：特定農業區 ; 非都市編定：甲種建築用地
RPVNMLPLLHKFFBH58CA,內厝段,74.00,非都市：特定農業區 ; 非都市編定：甲種建築用地
RPXPMLKMLHKFFCH68CA,黃唐段,130.88,非都市：一般農業區 ; 非都市編定：甲種建築用地
RPPNMLRLLHKFFBH18CA,普義段,7.98,都市：住
RPPPMLMLIIKFFAH77EA,新埔段,15.97,都市：住
RPOOMLLJMHKFFCH57CA,九座寮段,13.37,非都市：一般農業區 ; 非都市編定：農牧用地
RPOOMLLJMHKFFCH57CA,九座寮段,2512.00,非都市：特定農業區 ; 非都市編定：農牧用地
RPOOMLLJMHKFFCH57CA,九座寮段,143.35,非都市：特定農業區 ; 非都市編定：農牧用地
RPQQMLOLLHKFFBH28CA,甘泉段,164.40,都市：其他
RPPPMLOLLHKFFBH08CA,仁愛段,33.00,都市：住
RPXOMLOLLHKFFBH78CA,中壢埔頂段,5.79,都市：住
RPRQMLOLLHKFFBH38CA,榮民段,20.40,都市：住
RPTOMLQLLHKFFDH78CA,大牛欄段大牛欄小段,2797.00,非都市：一般農業區 ; 非都市編定：農牧用地
RPUOMLLJMHKFFCH18CA,三洽水段,.62,非都市：山坡地保育區 ; 非都市編定：丙種建築用地
RPUOMLLJMHKFFCH18CA,三洽水段,3.33,非都市：山坡地保育區 ; 非都市編定：丙種建築用地
RPUOMLLJMHKFFCH18CA,三洽水段,39.42,非都市：山坡地保育區 ; 非都市編定：丙種建築用地
RPUOMLLJMHKFFCH18CA,三洽水段,186.00,非都市：山坡地保育區 ; 非都市編定：丙種建築用地
RPWOMLLJMHKFFCH38CA,三洽水段,.62,非都市：山坡地保育區 ; 非都市編定：丙種建築用地
RPWOMLLJMHKFFCH38CA,三洽水段,170.00,非都市：山坡地保育區 ; 非都市編定：丙種建築用地
RPWOMLLJMHKFFCH38CA,三洽水段,3.33,非都市：山坡地保育區 ; 非都市編定：丙種建築用地
RPWOMLLJMHKFFCH38CA,三洽水段,40.60,非都市：山坡地保育區 ; 非都市編定：丙種建築用地
RPSRMLPLLHKFFCH78CA,新烏樹林段,151.70,非都市：特定農業區 ; 非都市編定：甲種建築用地
RPTRMLPLLHKFFCH88CA,新烏樹林段,69.42,非都市：特定農業區 ; 非都市編定：甲種建築用地
RPOPMLLJMHKFFCH67CA,三洽水段,.62,非都市：山坡地保育區 ; 非都市編定：丙種建築用地
RPOPMLLJMHKFFCH67CA,三洽水段,3.33,非都市：山坡地保育區 ; 非都市編定：丙種建築用地
RPOPMLLJMHKFFCH67CA,三洽水段,34.69,非都市：山坡地保育區 ; 非都市編定：丙種建築用地
RPOPMLLJMHKFFCH67CA,三洽水段,147.00,非都市：山坡地保育區 ; 非都市編定：丙種建築用地
RPRNMLPLLHKFFDH38CA,長岡嶺段,46.94,非都市：山坡地保育區 ; 非都市編定：丙種建築用地
RPRNMLOLLHKFFDH28CA,埔頂段埔頂小段,86.00,非都市：特定農業區 ; 非都市編定：甲種建築用地
RPQNMLRJMHKFFDH38CA,長岡嶺段,500.40,非都市：山坡地保育區 ; 非都市編定：農牧用地
RPQNMLRJMHKFFDH38CA,長岡嶺段,92.99,非都市：山坡地保育區 ; 非都市編定：丙種建築用地
RPQNMLRJMHKFFDH38CA,長岡嶺段,824.08,非都市：山坡地保育區 ; 非都市編定：丙種建築用地
RPQNMLRJMHKFFDH38CA,長岡嶺段,853.65,非都市：山坡地保育區 ; 非都市編定：農牧用地
RPVPMLRJMHKFFDH09CA,幼獅段,84.69,都市：住
RPVNMLLJMHKFFDH28CA,草湳坡段埔心小段,57.54,都市：住
RPXNMLSJMHKFFDH56CA,草湳坡段埔心小段,89.27,都市：住
RPRRMLOLMHKFFBH58CA,興南段興南小段,4.58,都市：住
RPPOMLSJMHKFFDH48CA,草湳坡段埔心小段,83.30,都市：住
RPWNMLSJMHKFFDH09CA,草湳坡段埔心小段,44.49,都市：住
RPWNMLSJMHKFFDH09CA,草湳坡段埔心小段,44.49,都市：住
RPQOMLNKMHKFFCH08CA,中庄段中庄小段,2645.00,非都市：特定農業區 ; 非都市編定：農牧用地
RPUNMLQLLHKFFCH68CA,石門段,320.62,都市：住
RPTNMLLJMHKFFDH08CA,二重溪段,16.21,都市：住
RPTNMLLJMHKFFDH08CA,二重溪段,16.21,都市：住
RPTNMLOLLHKFFCH38CA,南興段南興小段,30.50,非都市：一般農業區 ; 非都市編定：甲種建築用地
RPTNMLOLLHKFFCH38CA,南興段南興小段,4.76,非都市：一般農業區 ; 非都市編定：甲種建築用地
RPORMLNLLHKFFCH18CA,南興段廣福小段,68.00,非都市：鄉村區 ; 非都市編定：乙種建築用地
RPXNMLQLLHKFFCH98CA,埔頂段,.52,都市：其他
RPXNMLQLLHKFFCH98CA,埔頂段,.11,都市：其他
RPXNMLQLLHKFFCH98CA,埔頂段,.30,都市：其他
RPXNMLQLLHKFFCH98CA,埔頂段,.12,都市：其他
RPXNMLQLLHKFFCH98CA,仁武段,48.04,都市：住
RPVNMLTJMHKFFBH88CA,新街段,3.36,都市：住
RPPRMLNLLHKFFCH28CA,廣福段,.72,非都市：鄉村區 ; 非都市編定：乙種建築用地
RPPRMLNLLHKFFCH28CA,廣福段,62.59,非都市：鄉村區 ; 非都市編定：乙種建築用地
RPXPMLNLLHKFFCH88CA,碧湖段,380.57,非都市：一般農業區 ; 非都市編定：農牧用地
RPXPMLNLLHKFFCH88CA,碧湖段,131.30,非都市：一般農業區 ; 非都市編定：水利用地
RPPNMLOLLHKFFCH97CA,內柵段下崁小段,10.00,非都市：風景區 ; 非都市編定：農牧用地
RPPNMLOLLHKFFCH97CA,內柵段下崁小段,188.00,非都市：風景區 ; 非都市編定：農牧用地
RPOOMLQLLHKFFCH18CA,埔頂段,.52,都市：其他
RPOOMLQLLHKFFCH18CA,埔頂段,.11,都市：其他
RPOOMLQLLHKFFCH18CA,埔頂段,.30,都市：其他
RPOOMLQLLHKFFCH18CA,埔頂段,.12,都市：其他
RPOOMLQLLHKFFCH18CA,仁武段,48.04,都市：住
RPPPMLPLLHKFFCH28CA,銅鑼圈段,125.08,非都市：山坡地保育區 ; 非都市編定：丙種建築用地
RPVNMLOLLHKFFCH58CA,黃龍段,211.59,都市：農
RPVNMLOLLHKFFCH58CA,黃龍段,26.45,都市：農
RPSOMLQLLHKFFCH58CA,番子寮段,129.53,非都市：一般農業區 ; 非都市編定：農牧用地
RPPQMLKKMHKFFBH77CA,中寮段,11.86,都市：住
SPPOMLQLLHKFFCH38CA,仁武段,48.41,都市：住
SPPOMLQLLHKFFCH38CA,埔頂段,.52,都市：其他
SPPOMLQLLHKFFCH38CA,埔頂段,.11,都市：其他
SPPOMLQLLHKFFCH38CA,埔頂段,.31,都市：其他
SPPOMLQLLHKFFCH38CA,埔頂段,.12,都市：其他
RPROMLQLLHKFFCH48CA,埔頂段,.52,都市：其他
RPROMLQLLHKFFCH48CA,埔頂段,.11,都市：其他
RPROMLQLLHKFFCH48CA,埔頂段,.31,都市：其他
RPROMLQLLHKFFCH48CA,埔頂段,.12,都市：其他
RPROMLQLLHKFFCH48CA,仁武段,48.41,都市：住
RPUOMLQLLHKFFCH78CA,埔頂段,.52,都市：其他
RPUOMLQLLHKFFCH78CA,埔頂段,.11,都市：其他
RPUOMLQLLHKFFCH78CA,埔頂段,.30,都市：其他
RPQOMLQLLHKFFCH38CA,埔頂段,.52,都市：其他
RPUOMLQLLHKFFCH78CA,埔頂段,.12,都市：其他
RPUOMLQLLHKFFCH78CA,仁武段,48.04,都市：住
RPQOMLQLLHKFFCH38CA,埔頂段,.11,都市：其他
RPQOMLQLLHKFFCH38CA,埔頂段,.31,都市：其他
RPQOMLQLLHKFFCH38CA,埔頂段,.12,都市：其他
RPQOMLQLLHKFFCH38CA,仁武段,48.41,都市：住
RPVOMLQLLHKFFCH88CA,埔頂段,.52,都市：其他
RPVOMLQLLHKFFCH88CA,埔頂段,.11,都市：其他
RPVOMLQLLHKFFCH88CA,埔頂段,.31,都市：其他
RPVOMLQLLHKFFCH88CA,埔頂段,.12,都市：其他
RPVOMLQLLHKFFCH88CA,仁武段,48.41,都市：住
RPPOMLQLLHKFFCH28CA,埔頂段,.32,都市：其他
RPPOMLQLLHKFFCH28CA,埔頂段,.07,都市：其他
RPPOMLQLLHKFFCH28CA,埔頂段,.19,都市：其他
RPPOMLQLLHKFFCH28CA,埔頂段,.07,都市：其他
RPPOMLQLLHKFFCH28CA,仁武段,29.76,都市：住
RPTOMLQLLHKFFCH68CA,埔頂段,.52,都市：其他
RPTOMLQLLHKFFCH68CA,埔頂段,.11,都市：其他
RPTOMLQLLHKFFCH68CA,埔頂段,.31,都市：其他
RPTOMLQLLHKFFCH68CA,埔頂段,.12,都市：其他
RPTOMLQLLHKFFCH68CA,仁武段,48.41,都市：住
RPWOMLQLLHKFFCH98CA,埔頂段,.32,都市：其他
RPWOMLQLLHKFFCH98CA,埔頂段,.07,都市：其他
RPWOMLQLLHKFFCH98CA,埔頂段,.19,都市：其他
RPWOMLQLLHKFFCH98CA,埔頂段,.07,都市：其他
RPWOMLQLLHKFFCH98CA,仁武段,29.76,都市：住
RPXOMLQLLHKFFCH09CA,埔頂段,.52,都市：其他
RPXOMLQLLHKFFCH09CA,埔頂段,.11,都市：其他
RPXOMLQLLHKFFCH09CA,埔頂段,.30,都市：其他
RPXOMLQLLHKFFCH09CA,埔頂段,.12,都市：其他
RPXOMLQLLHKFFCH09CA,仁武段,48.04,都市：住
RPOPMLQLLHKFFCH28CA,埔頂段,.69,都市：其他
RPOPMLQLLHKFFCH28CA,埔頂段,.15,都市：其他
RPOPMLQLLHKFFCH28CA,埔頂段,.41,都市：其他
RPOPMLQLLHKFFCH28CA,埔頂段,.16,都市：其他
RPOPMLQLLHKFFCH28CA,仁武段,64.24,都市：住
RPPPMLQLLHKFFCH38CA,埔頂段,.70,都市：其他
RPPPMLQLLHKFFCH38CA,埔頂段,.15,都市：其他
RPPPMLQLLHKFFCH38CA,埔頂段,.41,都市：其他
RPPPMLQLLHKFFCH38CA,埔頂段,.16,都市：其他
RPPPMLQLLHKFFCH38CA,仁武段,64.61,都市：住
RPSPMLQLLHKFFCH68CA,埔頂段,.52,都市：其他
RPSPMLQLLHKFFCH68CA,埔頂段,.11,都市：其他
RPSPMLQLLHKFFCH68CA,埔頂段,.30,都市：其他
RPSPMLQLLHKFFCH68CA,埔頂段,.12,都市：其他
RPSPMLQLLHKFFCH68CA,仁武段,48.04,都市：住
RPQPMLQLLHKFFCH48CA,埔頂段,.52,都市：其他
RPQPMLQLLHKFFCH48CA,埔頂段,.11,都市：其他
RPQPMLQLLHKFFCH48CA,埔頂段,.30,都市：其他
RPQPMLQLLHKFFCH48CA,埔頂段,.12,都市：其他
RPQPMLQLLHKFFCH48CA,仁武段,48.04,都市：住
RPVPMLQLLHKFFCH98CA,埔頂段,.52,都市：其他
RPVPMLQLLHKFFCH98CA,埔頂段,.11,都市：其他
RPVPMLQLLHKFFCH98CA,埔頂段,.30,都市：其他
RPVPMLQLLHKFFCH98CA,埔頂段,.12,都市：其他
RPVPMLQLLHKFFCH98CA,仁武段,48.04,都市：住
RPTPMLQLLHKFFCH78CA,埔頂段,.52,都市：其他
RPTPMLQLLHKFFCH78CA,埔頂段,.11,都市：其他
RPTPMLQLLHKFFCH78CA,埔頂段,.30,都市：其他
RPTPMLQLLHKFFCH78CA,埔頂段,.12,都市：其他
RPTPMLQLLHKFFCH78CA,仁武段,48.04,都市：住
RPUPMLQLLHKFFCH88CA,埔頂段,.52,都市：其他
RPUPMLQLLHKFFCH88CA,埔頂段,.11,都市：其他
RPUPMLQLLHKFFCH88CA,埔頂段,.30,都市：其他
RPUPMLQLLHKFFCH88CA,埔頂段,.12,都市：其他
RPUPMLQLLHKFFCH88CA,仁武段,48.04,都市：住
RPXPMLQLLHKFFCH56CA,埔頂段,.32,都市：其他
RPXPMLQLLHKFFCH56CA,埔頂段,.07,都市：其他
RPXPMLQLLHKFFCH56CA,埔頂段,.19,都市：其他
RPXPMLQLLHKFFCH56CA,埔頂段,.07,都市：其他
RPXPMLQLLHKFFCH56CA,仁武段,29.76,都市：住
RPOQMLQLLHKFFCH38CA,埔頂段,.52,都市：其他
RPOQMLQLLHKFFCH38CA,埔頂段,.11,都市：其他
RPOQMLQLLHKFFCH38CA,埔頂段,.31,都市：其他
RPOQMLQLLHKFFCH38CA,埔頂段,.12,都市：其他
RPOQMLQLLHKFFCH38CA,仁武段,48.41,都市：住
RPQNMLTJMHKFFBH38CA,中壢埔頂段,13.04,都市：其他
RPQRMLPLLHKFFCH58CA,番子寮段,293.67,非都市：一般農業區 ; 非都市編定：農牧用地
RPWPMLOKMHKFFBH78CA,青平段,26.13,都市：商
RPRRMLPLLHKFFCH68CA,南龍段,13.33,都市：住
RPRRMLPLLHKFFCH68CA,南龍段,.13,都市：住
RPOOMLTJMHKFFBH28CA,中觀段,95.03,非都市：特定農業區 ; 非都市編定：甲種建築用地
RPOOMLTJMHKFFBH28CA,中觀段,.15,非都市：特定農業區 ; 非都市編定：特定目的事業用地
RPOOMLTJMHKFFBH28CA,中觀段,.91,非都市：特定農業區 ; 非都市編定：特定目的事業用地
RPOOMLTJMHKFFBH28CA,中觀段,1.28,非都市：特定農業區 ; 非都市編定：甲種建築用地
RPPNMLPLLHKFFCH08CA,埔頂段,86.35,都市：住
RPUNMLQLLHKFFDH78CA,二重溪段,1.57,都市：其他
RPUNMLQLLHKFFDH78CA,二重溪段,222.43,都市：其他
RPPNMLSJMHKFFDH38CA,幼獅段,12.52,都市：住
RPROMLLMLHKFFCH08CA,銅鑼圈段,254.00,非都市：山坡地保育區 ; 非都市編定：丙種建築用地
RPROMLLMLHKFFCH08CA,銅鑼圈段,76.17,非都市：山坡地保育區 ; 非都市編定：丙種建築用地
RPROMLLMLHKFFCH08CA,銅鑼圈段,8.00,非都市：山坡地保育區 ; 非都市編定：丙種建築用地
RPROMLLMLHKFFCH08CA,銅鑼圈段,8.75,非都市：山坡地保育區 ; 非都市編定：丙種建築用地
RPROMLLMLHKFFCH08CA,銅鑼圈段,1.08,非都市：山坡地保育區 ; 非都市編定：丙種建築用地
RPROMLLMLHKFFCH08CA,銅鑼圈段,1.25,非都市：山坡地保育區 ; 非都市編定：丙種建築用地
RPQOMLTJMHKFFCH58CA,拉號段,28.61,非都市：一般農業區 ; 非都市編定：農牧用地
RPQPMLKLMHKFFBH87CA,石頭段,5.41,都市：商
RPVOMLLLMHKFFBH38CA,忠孝段,115.00,都市：住
RPVOMLLLMHKFFBH38CA,忠孝段,6.00,都市：住
RPWPMLSJMHKFFBH09CA,環東段,3.22,都市：住
RPUPMLSJMHKFFBH88CA,環東段,3.54,都市：住
RPSOMLTJMHKFFCH78CA,高遶段,1750.00,都市：其他
RPQNMLLJMHKFFCH67CA,烏樹林段,76.00,非都市：一般農業區 ; 非都市編定：甲種建築用地
RPRNMLRLLHKFFDH58CA,高上段,24.39,非都市：特定農業區 ; 非都市編定：甲種建築用地
RPSQMLPLLHKFFBH58CA,塔腳段,172.76,非都市：特定農業區 ; 非都市編定：農牧用地
RPXPMLPLLHKFFBH98CA,大同段,13.88,都市：農
RPXPMLPLLHKFFBH98CA,大同段,73.33,都市：農
RPQNMLLKMHKFFCH77CA,缺子段粟子園小段,179.00,非都市：特定農業區 ; 非都市編定：農牧用地
RPWOMLMJMHKFFCH48CA,太武段,17.86,都市：住
RPWOMLMJMHKFFCH48CA,太武段,8.18,都市：其他
RPWOMLMJMHKFFCH48CA,太武段,.12,都市：其他
RPPPMLRJMHKFFCH38CA,三層段三層小段,382.00,非都市：風景區 ; 非都市編定：農牧用地
RPPPMLRJMHKFFCH38CA,三層段三層小段,382.00,非都市：風景區 ; 非都市編定：農牧用地
RPORMLLMLHKFFBH97CA,遠東段,24.91,都市：住
RPTNMLQLLHKFFBH48CA,草新段,15.94,都市：住
RPTNMLQLLHKFFBH48CA,草新段,79.00,都市：住
RPPOMLKMLHKFFBH67CA,芭里段,100.70,非都市：特定農業區 ; 非都市編定：甲種建築用地
RPPOMLKMLHKFFBH67CA,芭里段,1.98,非都市：特定農業區 ; 非都市編定：甲種建築用地
RPTNMLRKPHKFFCH98CA,仁武段,48.41,都市：住
RPTNMLRKPHKFFCH98CA,埔頂段,.52,都市：其他
RPTNMLRKPHKFFCH98CA,埔頂段,.11,都市：其他
RPTNMLRKPHKFFCH98CA,埔頂段,.31,都市：其他
RPTNMLRKPHKFFCH98CA,埔頂段,.12,都市：其他
RPUNMLRKPHKFFCH09CA,仁武段,29.76,都市：住
RPUNMLRKPHKFFCH09CA,埔頂段,.32,都市：其他
RPUNMLRKPHKFFCH09CA,埔頂段,.07,都市：其他
RPUNMLRKPHKFFCH09CA,埔頂段,.19,都市：其他
RPUNMLRKPHKFFCH09CA,埔頂段,.07,都市：其他
RPQOMLLJMHKFFBH67CA,雙嶺段,175.79,都市：工
RPQOMLLJMHKFFBH67CA,雙嶺段,109.08,都市：工
RPQOMLLJMHKFFBH67CA,雙嶺段,1.90,都市：工
RPQOMLLJMHKFFBH67CA,雙嶺段,2.62,都市：工
RPQOMLLJMHKFFBH67CA,雙嶺段,9.18,都市：工
RPQOMLLJMHKFFBH67CA,雙嶺段,.06,都市：工
RPQOMLLJMHKFFBH67CA,雙嶺段,.51,都市：工
RPQOMLLJMHKFFBH67CA,雙嶺段,6.48,都市：工
RPQOMLLJMHKFFBH67CA,雙嶺段,.05,都市：工
RPQOMLLJMHKFFBH67CA,雙嶺段,.64,都市：工
RPQOMLLJMHKFFBH67CA,雙嶺段,.33,都市：工
RPQOMLLJMHKFFBH67CA,雙嶺段,.03,都市：工
RPQOMLLJMHKFFBH67CA,雙嶺段,8.78,都市：工
RPQOMLLJMHKFFBH67CA,雙嶺段,.50,都市：工
RPQOMLLJMHKFFBH67CA,雙嶺段,.15,都市：工
RPQOMLLJMHKFFBH67CA,雙嶺段,.44,都市：工
RPQOMLLJMHKFFBH67CA,雙嶺段,107.16,都市：工
RPQOMLLJMHKFFBH67CA,雙嶺段,3.47,都市：工
RPQOMLLJMHKFFBH67CA,雙嶺段,3.47,都市：工
RPQOMLLJMHKFFBH67CA,雙嶺段,41.46,都市：工
RPQOMLLJMHKFFBH67CA,雙嶺段,1.39,都市：工
RPQOMLLJMHKFFBH67CA,中觀段,33.03,都市：工
RPQOMLLJMHKFFBH67CA,中觀段,5867.30,都市：工
RPQOMLLJMHKFFBH67CA,中觀段,103.29,都市：工
RPQOMLLJMHKFFBH67CA,中觀段,87.20,都市：工
RPQOMLLJMHKFFBH67CA,中觀段,44.94,都市：工
RPOOMLLJMHKFFBH47CA,中北段,5.61,都市：住
RPXNMLLJMHKFFBH28CA,忠福段,78.00,都市：住
RPXNMLLJMHKFFBH28CA,忠福段,19.00,都市：其他
RPVOMLNLMHKFFBH58CA,富強段,15.74,都市：住
RPOOMLRKMHKFFCH28CA,銅鑼圈段,1266.11,非都市：山坡地保育區 ; 非都市編定：農牧用地
RPOOMLRKMHKFFCH28CA,銅鑼圈段,991.78,非都市：山坡地保育區 ; 非都市編定：農牧用地
RPPOMLRKMHKFFCH38CA,銅鑼圈段,87.51,非都市：山坡地保育區 ; 非都市編定：農牧用地
RPRNMLLJMHKFFBH67CA,甘泉段,29.14,都市：住
RPRNMLLJMHKFFBH67CA,甘泉段,70.38,都市：住
RPXOMLLMLHKFFBH58CA,復興段,6.71,都市：住
RPOPMLRJMHKFFBH18CA,中寮段,25.03,都市：住
RPWOMLLMLHKFFBH48CA,復興段,6.71,都市：住
RPOPMLLMLHKFFBH77CA,復興段,6.71,都市：住
RPVOMLLMLHKFFBH38CA,復興段,6.71,都市：住
RPROMLLMLHKFFBH97CA,三座屋段三座屋小段,28.80,都市：住
RPUOMLLMLHKFFBH28CA,三座屋段三座屋小段,39.18,都市：住
RPXNMLLMLHKFFBH48CA,三座屋段三座屋小段,53.38,都市：住
RPQOMLLMLHKFFBH87CA,三座屋段三座屋小段,28.00,都市：住
RPOOMLLMLHKFFBH67CA,三座屋段三座屋小段,43.80,都市：住
RPPOMLLMLHKFFBH77CA,三座屋段三座屋小段,39.18,都市：住
RPXRMLMJMHKFFBH78CA,三座屋段三座屋小段,8.98,都市：住
RPXRMLMJMHKFFBH78CA,三座屋段舊社小段,6.00,都市：住
RPOSMLMJMHKFFBH97CA,三座屋段三座屋小段,8.98,都市：住
RPOSMLMJMHKFFBH97CA,三座屋段舊社小段,6.00,都市：住
RPVSMLLJMHKFFAH48CA,和平段,8.63,都市：住
RPRNMLOJMHKFFBH97CA,環東段,15.75,都市：住
RPTNMLLJMHKFFAH77CA,桃園段公館頭小段,5.16,都市：商
RPTNMLLJMHKFFAH77CA,桃園段公館頭小段,.35,都市：商
RPPOMLMJMHKFFAH57CA,中平段,17.30,都市：住
RPPOMLMJMHKFFAH57CA,中平段,.19,都市：其他
RPSOMLRJMHKFFAH38CA,富國段,3.60,都市：住
RPUOMLRJMHKFFAH58CA,精忠段,18.68,都市：住
RPWOMLKKMHKFFAH18CA,中平段,14.01,都市：住
RPUOMLPLLHKFFAH48CA,桃園段公館頭小段,9.00,都市：其他
RPUOMLPLLHKFFAH48CA,大樹林段,7.57,都市：其他
RPUOMLPLLHKFFAH48CA,大樹林段,8.33,都市：其他
RPPTMLLJMHKFFAH97CA,大樹林段,19.40,都市：住
RPQPMLPLLHKFFAH18CA,國強段,100.96,都市：住
RPSNMLRJMHKFFAH28CA,龍祥段,31.63,都市：住
RPQNMLRJMHKFFBH18CA,三座屋段三座屋小段,12.33,都市：住
RPQNMLRJMHKFFBH18CA,三座屋段舊社小段,8.24,都市：住
RPTNMLRJMHKFFBH48CA,三座屋段三座屋小段,12.33,都市：住
RPTNMLRJMHKFFBH48CA,三座屋段舊社小段,8.24,都市：住
RPQOMLPLLHKFFAH08CA,中埔段,113.61,都市：住
RPVOMLPLLHKFFAH58CA,中山段,23.10,都市：住
RPXOMLLJMHKFFBH38CA,青昇段,438.62,都市：住
RPXQMLRLLHKFFAH56CA,桃園段武陵小段,3.16,都市：商
RPORMLRLLHKFFAH38CA,桃園段武陵小段,20.60,都市：商
RPROMLPLLHKFFAH18CA,埔子段北門埔子小段,9.76,都市：商
RPSOMLPLLHKFFAH28CA,大樹林段,3.39,都市：商
RPVPMLLJMHKFFBH28CA,中北段,4.32,都市：住
RPVNMLLMLHKFFAH18CA,大樹林段,3.10,都市：商
RPUNMLMKMHKFFAH08CA,中山段,17.84,都市：住
RPPRMLRLLHKFFAH48CA,新路段,.43,都市：住
RPPRMLRLLHKFFAH48CA,新路段,22.18,都市：住
RPPRMLRLLHKFFAH48CA,新路段,1.21,都市：住
RPPRMLRLLHKFFAH48CA,新路段,.04,都市：其他
RPWPMLRLLHKFFAH98CA,江南段,17.03,都市：住
RPPPMLRLLHKFFAH28CA,慈文段,8.83,都市：住
RPSOMLRKMHKFFAH48CA,中平段,18.38,都市：住
RPQPMLRKMHKFFAH38CA,中平段,28.01,都市：住
RPUOMLRKMHKFFAH68CA,中平段,30.51,都市：住
RPVOMLRKMHKFFAH78CA,中平段,30.51,都市：住
RPOPMLRKMHKFFAH18CA,中平段,27.76,都市：住
RPPPMLRKMHKFFAH28CA,中平段,27.01,都市：住
RPXOMLRKMHKFFAH98CA,中平段,28.13,都市：住
RPRQMLKMLHKFFAH97CA,山福段,36.35,都市：住
RPUOMLLMLHKFFFH78DA,福國段,52.25,都市：住
RPPOMLPLLHKFFAH18EA,埔子段埔子小段,70.00,都市：住
RPUPMLOLMHKFFBH78DA,興南段興南小段,12.45,都市：住
RPQNMLMJMHKFFDH08EA,二重溪段,74.00,非都市：山坡地保育區 ; 非都市編定：丙種建築用地
RPQNMLMJMHKFFDH08EA,二重溪段,74.00,非都市：山坡地保育區 ; 非都市編定：丙種建築用地
RPQNMLMJMHKFFDH08EA,二重溪段,45.76,非都市：山坡地保育區 ; 非都市編定：丙種建築用地
RPVPMLOLLHKFFBH88EA,光明段,75.69,非都市：特定農業區 ; 非都市編定：甲種建築用地
RPRNMLOLMHKFFAH28EA,桃園段中南小段,17.97,都市：商
RPRNMLOLMHKFFAH28EA,桃園段中南小段,11.09,都市：商
RPOPMLQLLHKFFBH38EA,中壢埔頂段,8.46,都市：住
RPOOMLOLLHKFFDH18DA,二重溪段,56.25,非都市：山坡地保育區 ; 非都市編定：丙種建築用地
RPRQMLPLLHKFFBH58DA,環東段,25.35,都市：住
RPTRMLMLMHKFFAH48CA,龍山段,237.05,都市：住
RPTOMLQLLHKFFAH58DA,東國段,39.30,都市：住
RPVNMLQKMHKFFEH56EA,坑子口段海湖小段,90.00,非都市：一般農業區 ; 非都市編定：甲種建築用地
RPWPMLKMLHKFFAH48DA,法政段,9.19,都市：住
RPSNMLRLLHKFFAH48DA,寶山段,14.26,都市：住
RPUOMLOLLHKFFGH98CA,鎮安段,4.36,非都市：特定農業區 ; 非都市編定：農牧用地
RPUOMLOLLHKFFGH98CA,鎮安段,32.01,非都市：特定農業區 ; 非都市編定：農牧用地
RPVOMLOLLHKFFGH09CA,鎮安段,8.10,非都市：特定農業區 ; 非都市編定：農牧用地
RPXOMLOLLHKFFGH66CA,鎮安段,46.71,非都市：特定農業區 ; 非都市編定：農牧用地
RPXOMLOLLHKFFGH66CA,鎮安段,11.37,非都市：特定農業區 ; 非都市編定：水利用地
RPXOMLOLLHKFFGH66CA,鎮安段,6.62,非都市：特定農業區 ; 非都市編定：交通用地
RPXOMLOLLHKFFGH66CA,鎮安段,.36,非都市：特定農業區 ; 非都市編定：農牧用地
RPWOMLOLLHKFFGH56CA,廣西段,26.81,都市：住
RPPPMLOLLHKFFGH58CA,鎮安段,6.27,非都市：特定農業區 ; 非都市編定：交通用地
RPQPMLOLLHKFFGH68CA,鎮安段,6.43,非都市：特定農業區 ; 非都市編定：交通用地
RPOPMLOLLHKFFGH48CA,鎮安段,1.94,非都市：特定農業區 ; 非都市編定：農牧用地
RPOPMLOLLHKFFGH48CA,鎮安段,.76,非都市：特定農業區 ; 非都市編定：農牧用地
RPOPMLOLLHKFFGH48CA,鎮安段,.95,非都市：特定農業區 ; 非都市編定：農牧用地
RPOPMLOLLHKFFGH48CA,鎮安段,11.80,非都市：特定農業區 ; 非都市編定：農牧用地
RPOPMLOLLHKFFGH48CA,鎮安段,6.16,非都市：特定農業區 ; 非都市編定：農牧用地
RPPNMLPKMHKFFGH48CA,宋屋段高山下小段,33.14,都市：住
RPRPMLOLLHKFFGH78CA,鎮安段,33.64,非都市：特定農業區 ; 非都市編定：交通用地
RPRPMLOLLHKFFGH78CA,鎮安段,32.37,非都市：特定農業區 ; 非都市編定：交通用地
RPUNMLMLMHKFFGH78CA,新富段,5.77,都市：住
RPROMLKKMHKFFEH08CA,竹中段,.91,都市：住
RPUNMLLLMHKFFDH58EA,民豐段,339.38,非都市：特定農業區 ; 非都市編定：農牧用地
RPRRMLQKMHKFFAH58CA,富國段,29.70,都市：住
RPUNMLLMLHKFFEH48CA,雙溪口段溪洲子小段,218.21,非都市：特定農業區 ; 非都市編定：農牧用地
RPXOMLMJMHKFFEH78CA,河底段,6.51,都市：住
RPXOMLQLLHKFFBH09DA,復興段,9.22,都市：住
RPOOMLQLLHKFFBH18DA,中寮段,8.25,都市：商
RPTNMLPLLHKFFEH68CA,福興段,1020.00,非都市：特定農業區 ; 非都市編定：農牧用地
RPUNMLPLLHKFFEH78CA,南崁廟口段羊稠坑小段,23.24,都市：住
RPRNMLPLLHKFFEH48CA,沙崙段沙崙小段,998.00,非都市：一般農業區 ; 非都市編定：農牧用地
RPVNMLQLLHKFFEH98CA,青峰段,42.38,都市：住
RPPNMLRLLHKFFEH48CA,公埔段,1.05,都市：住
RPXNMLPLLHKFFEH09CA,坑子口段海湖小段,150.00,非都市：一般農業區 ; 非都市編定：農牧用地
RPPOMLQLLHKFFEH48CA,埔心段埔心小段,1.00,非都市：特定農業區 ; 非都市編定：交通用地
RPPOMLQLLHKFFEH48CA,埔心段埔心小段,1.00,非都市：特定農業區 ; 非都市編定：交通用地
RPPOMLQLLHKFFEH48CA,埔心段埔心小段,2.12,非都市：特定農業區 ; 非都市編定：交通用地
RPPOMLQLLHKFFEH48CA,埔心段埔心小段,2.12,非都市：特定農業區 ; 非都市編定：交通用地
RPPOMLQLLHKFFEH48CA,埔心段埔心小段,64.25,非都市：特定農業區 ; 非都市編定：交通用地
RPPOMLQLLHKFFEH48CA,埔心段埔心小段,64.25,非都市：特定農業區 ; 非都市編定：交通用地
RPPOMLQLLHKFFEH48CA,埔心段埔心小段,20.00,非都市：特定農業區 ; 非都市編定：交通用地
RPPOMLQLLHKFFEH48CA,埔心段埔心小段,20.00,非都市：特定農業區 ; 非都市編定：交通用地
RPPOMLQLLHKFFEH48CA,埔心段埔心小段,4.88,非都市：特定農業區 ; 非都市編定：交通用地
RPPOMLQLLHKFFEH48CA,埔心段埔心小段,4.88,非都市：特定農業區 ; 非都市編定：交通用地
RPWNMLLLMHKFFEH68CA,大新段,263.28,都市：住
RPWOMLKLMHKFFEH68CA,長安段,6.07,都市：其他
RPWOMLKLMHKFFEH68CA,長安段,9.15,都市：其他
RPXNMLKLMHKFFEH68CA,五塊厝段大埔小段,1225.00,非都市：特定農業區 ; 非都市編定：農牧用地
RPXNMLKLMHKFFEH68CA,五塊厝段大埔小段,1706.00,非都市：特定農業區 ; 非都市編定：農牧用地
RPXNMLKLMHKFFEH68CA,五塊厝段大埔小段,230.00,非都市：特定農業區 ; 非都市編定：水利用地
RPXNMLKLMHKFFEH68CA,五塊厝段大埔小段,1696.00,非都市：特定農業區 ; 非都市編定：農牧用地
RPXNMLKLMHKFFEH68CA,五塊厝段大埔小段,980.00,非都市：特定農業區 ; 非都市編定：農牧用地
RPXNMLKLMHKFFEH68CA,五塊厝段大埔小段,36.00,非都市：特定農業區 ; 非都市編定：水利用地
RPXNMLKLMHKFFEH68CA,五塊厝段大埔小段,20.00,非都市：特定農業區 ; 非都市編定：水利用地
RPXNMLKLMHKFFEH68CA,五塊厝段大埔小段,2825.00,非都市：特定農業區 ; 非都市編定：農牧用地
RPXNMLKLMHKFFEH68CA,五塊厝段大埔小段,1950.00,非都市：特定農業區 ; 非都市編定：農牧用地
RPXNMLKLMHKFFEH68CA,五塊厝段大埔小段,2325.00,非都市：特定農業區 ; 非都市編定：農牧用地
RPXNMLKLMHKFFEH68CA,五塊厝段大埔小段,195.00,非都市：特定農業區 ; 非都市編定：水利用地
RPXNMLKLMHKFFEH68CA,五塊厝段大埔小段,120.00,非都市：特定農業區 ; 非都市編定：水利用地
RPXNMLKLMHKFFEH68CA,五塊厝段大埔小段,1300.00,非都市：特定農業區 ; 非都市編定：農牧用地
RPXNMLKLMHKFFEH68CA,五塊厝段大埔小段,516.00,非都市：特定農業區 ; 非都市編定：農牧用地
RPXNMLKLMHKFFEH68CA,五塊厝段大埔小段,1610.00,非都市：特定農業區 ; 非都市編定：農牧用地
RPRNMLQJMHKFFEH48CA,青峰段,35.39,都市：住
RPQPMLMJMHKFFEH18CA,公埔段,11.65,都市：住
RPWNMLKMLHKFFEH58CA,埔心段埔心小段,24.42,非都市：特定農業區 ; 非都市編定：甲種建築用地
RPXNMLQLLHKFFEH56CA,南新段,44.38,都市：住
RPWNMLQLLHKFFEH09CA,青峰段,50.86,都市：住
RPSNMLQLLHKFFEH68CA,南青段,85.11,都市：農
RPWNMLPLLHKFFFH09CA,興豐段,6.56,都市：住
RPWNMLPLLHKFFFH09CA,興豐段,14.27,都市：其他
RPOOMLKMLHKFFGH08CA,鎮東段,71.82,非都市：一般農業區 ; 非都市編定：甲種建築用地
RPQOMLKKMHKFFEH97CA,南榮段,39.25,都市：工
RPQNMLMJMHKFFFH08CA,大明段,2.91,非都市：鄉村區 ; 非都市編定：乙種建築用地
RPQNMLMJMHKFFFH08CA,大明段,25.24,非都市：特定農業區 ; 非都市編定：甲種建築用地
RPPOMLSJMHKFFFH68CA,大義段,9.31,都市：住
RPPOMLSJMHKFFFH68CA,大義段,45.09,都市：住
RPPOMLSJMHKFFFH68CA,大義段,10.06,都市：住
RPSOMLQLLHKFFGH98CA,廣南段,12.77,都市：住
RPUNMLNKMHKFFFH68CA,大明段,15.31,非都市：鄉村區 ; 非都市編定：乙種建築用地
RPUOMLLMLHKFFGH78CA,六和段,67.84,都市：農
RPTNMLRLLHKFFGH09CA,北興段,17.68,都市：住
RPTNMLRLLHKFFGH09CA,北興段,33.73,都市：住
RPSNMLRLLHKFFGH98CA,廣豐段,28.33,都市：住
RPPNMLRLLHKFFGH68CA,三興段,20.81,都市：住
RPPNMLRLLHKFFGH68CA,三興段,61.72,都市：住
RPSNMLQLLHKFFFH78CA,大竹段,19.22,非都市：一般農業區 ; 非都市編定：水利用地
RPSNMLQLLHKFFFH78CA,大竹段,247.00,非都市：一般農業區 ; 非都市編定：水利用地
RPUPMLKKMHKFFAH18DA,新埔段,199.32,都市：商
RPXQMLLJMHKFFAH58DA,慈文段,13.52,都市：住
RPOPMLQLLHKFFAH18DA,同安段,38.91,都市：住
RPTQMLRLLHKFFAH88DA,中埔段,13.54,都市：住
RPSQMLRLLHKFFAH78DA,埔子段埔子小段,16.36,都市：住
RPRQMLRLLHKFFAH68DA,慈文段,21.16,都市：住
RPVNMLQLLHKFFAH68DA,自強段,46.62,都市：住
RPXQMLLMLHKFFBH98EA,三座屋段三座屋小段,5.23,都市：住
RPXQMLLMLHKFFBH98EA,三座屋段三座屋小段,3.40,都市：住
RPXQMLLMLHKFFBH98EA,三座屋段三座屋小段,15.43,都市：住
RPSNMLPLLHKFFAH28DA,埔子段北門埔子小段,30.25,都市：商
RPRNMLTJMHKFFGH98CA,金龍段,11.00,非都市：特定農業區 ; 非都市編定：丁種建築用地
RPRNMLTJMHKFFGH98CA,金龍段,11.00,非都市：特定農業區 ; 非都市編定：丁種建築用地
RPRNMLTJMHKFFGH98CA,金龍段,36.22,非都市：特定農業區 ; 非都市編定：丁種建築用地
RPRNMLTJMHKFFGH98CA,金龍段,36.22,非都市：特定農業區 ; 非都市編定：丁種建築用地
RPQOMLQLLHKFFBH48EA,健行段,8.45,都市：住
RPQOMLQLLHKFFBH48EA,健行段,8.26,都市：住
RPXOMLTJMHKFFCH86EA,上林段,.46,都市：農
RPXOMLTJMHKFFCH86EA,上林段,2.11,都市：其他
RPXOMLTJMHKFFCH86EA,上林段,.52,都市：農
RPXOMLTJMHKFFCH86EA,上林段,3.44,都市：其他
RPOPMLTJMHKFFCH68EA,凌雲段,24.16,都市：其他
RPOPMLTJMHKFFCH68EA,上林段,.55,都市：農
RPOPMLTJMHKFFCH68EA,上林段,2.53,都市：其他
RPOPMLTJMHKFFCH68EA,上林段,.62,都市：農
RPVOMLQLLHKFFBH88DA,大華段,55.00,都市：住
RPWOMLQLLHKFFBH98DA,中壢埔頂段,7.30,都市：住
RPUOMLQLLHKFFBH78DA,普仁段,19.49,都市：住
RPPQMLQLLHKFFCH68EA,仁文段,65.41,都市：住
RPPOMLTJMHKFFGH09EA,六和段,43.40,都市：住
RPOOMLQKMHKFFGH58CA,鎮東段,3.52,非都市：鄉村區 ; 非都市編定：乙種建築用地
RPOOMLQKMHKFFGH58CA,鎮東段,60.01,非都市：鄉村區 ; 非都市編定：乙種建築用地
RPPNMLKMLHKFFCH77DA,干城段,64.27,非都市：特定農業區 ; 非都市編定：農牧用地
RPVNMLRKMHKFFCH98DA,竹窩子段,39.00,非都市：山坡地保育區 ; 非都市編定：特定目的事業用地
RPVNMLRKMHKFFCH98DA,竹窩子段,26.00,非都市：山坡地保育區 ; 非都市編定：特定目的事業用地
RPUNMLMJMHKFFEH48DA,竹圍段拔子林小段,115.02,都市：農
RPUNMLMJMHKFFEH48DA,竹圍段拔子林小段,27.53,都市：農
RPUNMLMJMHKFFEH48DA,竹圍段拔子林小段,40.94,都市：農
RPUNMLMJMHKFFEH48DA,竹圍段拔子林小段,5.22,都市：農
RPUNMLMJMHKFFEH48DA,竹圍段拔子林小段,1.96,都市：農
RPUNMLMJMHKFFEH48DA,竹圍段拔子林小段,166.90,都市：農
RPUNMLMJMHKFFEH48DA,竹圍段拔子林小段,1.29,都市：農
RPUNMLMJMHKFFEH48DA,竹圍段拔子林小段,50.12,都市：農
RPUNMLMJMHKFFEH48DA,竹圍段拔子林小段,13.13,都市：農
RPUNMLMJMHKFFEH48DA,竹圍段拔子林小段,5.71,都市：農
RPUNMLMJMHKFFEH48DA,竹圍段拔子林小段,3.80,都市：農
RPUNMLMJMHKFFEH48DA,竹圍段拔子林小段,8.30,都市：農
RPRNMLRLLHKFFGH09EA,建安段,194.97,非都市：特定農業區 ; 非都市編定：農牧用地
RPPNMLSLLHKFFFH68CA,龍友段,.04,都市：其他
RPPNMLSLLHKFFFH68CA,龍友段,.02,都市：其他
RPPNMLSLLHKFFFH68CA,龍友段,2.64,都市：其他
RPPNMLSLLHKFFFH68CA,龍友段,.06,都市：其他
RPPNMLSLLHKFFFH68CA,龍友段,.02,都市：其他
RPPNMLSLLHKFFFH68CA,龍友段,.06,都市：其他
RPPNMLSLLHKFFFH68CA,龍友段,.28,都市：其他
RPPOMLPLLHKFFFH58DA,高明段,23.91,都市：住
RPPOMLPLLHKFFFH58DA,高明段,6.16,都市：住
RPPOMLPLLHKFFFH58DA,高明段,7.61,都市：住
RPRNMLQLLHKFFFH78DA,龍友段,55.57,都市：住
RPTNMLKMLHKFFFH48DA,大忠段,58.06,都市：住
RPVNMLKMLHKFFFH68DA,前程段,15.75,都市：商
RPUOMLQLLHKFFGH66DA,新富段,13.81,都市：住
RPXNMLKLMHKFFFH78CA,福興段,41.71,都市：住
RPRNMLRJMHKFFAH38EA,雙龍段,.92,都市：住
RPRNMLRJMHKFFAH38EA,雙龍段,112.48,都市：住
RPQOMLQJJIKFFBH18EA,三座屋段舊社小段,127.56,都市：住
RPQOMLQJJIKFFBH18EA,三座屋段舊社小段,8.76,都市：住
RPVNMLQLJIKFFEH09EA,五塊厝段大埔小段,2009.00,非都市：特定農業區 ; 非都市編定：農牧用地
RPVNMLQLJIKFFEH09EA,五塊厝段大埔小段,300.00,非都市：特定農業區 ; 非都市編定：水利用地
RPVNMLQLJIKFFEH09EA,五塊厝段大埔小段,1905.00,非都市：特定農業區 ; 非都市編定：農牧用地
RPVNMLQLJIKFFEH09EA,五塊厝段大埔小段,1066.00,非都市：特定農業區 ; 非都市編定：農牧用地
RPVNMLQLJIKFFEH09EA,五塊厝段大埔小段,2609.00,非都市：特定農業區 ; 非都市編定：農牧用地
RPROMLRKMHKFFAH38CA,半嶺段,16.33,都市：商
RPVNMLQLJIKFFEH09EA,五塊厝段大埔小段,1790.00,非都市：特定農業區 ; 非都市編定：農牧用地
RPVNMLQLJIKFFEH09EA,五塊厝段大埔小段,1530.00,非都市：特定農業區 ; 非都市編定：農牧用地
RPVNMLQLJIKFFEH09EA,五塊厝段大埔小段,560.00,非都市：特定農業區 ; 非都市編定：農牧用地
RPVNMLQLJIKFFEH09EA,五塊厝段大埔小段,1355.00,非都市：特定農業區 ; 非都市編定：農牧用地
RPVNMLQLJIKFFEH09EA,五塊厝段大埔小段,1804.00,非都市：特定農業區 ; 非都市編定：農牧用地
RPVNMLQLJIKFFEH09EA,五塊厝段大埔小段,2476.00,非都市：特定農業區 ; 非都市編定：農牧用地
RPTRMLRKMHKFFAH88CA,國強段,21.63,都市：住
RPURMLRKMHKFFAH98CA,國強段,22.61,都市：住
RPQOMLKMLHKFFAH67CA,大有段,.51,都市：住
RPOOMLRLLHKFFAH08CA,東國段,5.07,都市：其他
RPPNMLLMLHKFFAH57CA,東門段,12.01,都市：商
RPVNMLMLMHKFFAH28CA,小檜溪段,26.89,都市：住
RPVNMLMLMHKFFAH28CA,小檜溪段,4.50,都市：住
RPTOMLRKMHKFFAH58CA,半嶺段,18.73,都市：商
RPOOMLKMLHKFFAH47CA,龍華段,10.67,都市：住
RPQNMLRLLHKFFFH78DA,龍友段,37.25,都市：住
RPQNMLRLLHKFFFH78DA,龍友段,18.75,都市：住
RPPNMLRLLHKFFAH08CA,迴龍段,36.28,都市：住
RPRQMLNKMHKFFAH18CA,樂善段,78.60,都市：住
RPUQMLQKMHKFFAH78CA,半嶺段,13.50,都市：商
RPSOMLQLLHKFFAH38CA,興華段,22.28,都市：住
RPRPMLQLLHKFFAH38CA,大崗段,53.91,都市：住
RPRPMLQLLHKFFAH38CA,大崗段,53.91,都市：住
RPRSMLLJMHKFFAH08CA,大有段,.07,都市：住
RPQRMLLJMHKFFAH87CA,兔子坑段大湖頂小段,1308.00,非都市：山坡地保育區 ; 非都市編定：丁種建築用地
RPQRMLLJMHKFFAH87CA,兔子坑段大湖頂小段,48.75,非都市：山坡地保育區 ; 非都市編定：丁種建築用地
RPRNMLSJMHKFFAH28CA,寶山段,21.25,都市：住
RPSOMLKLMHKFFAH87CA,中埔段,22.38,都市：住
RPPQMLQKMHKFFAH28CA,半嶺段,16.33,都市：商
RPPPMLTJMHKFFAH38CA,樂善段,31.01,都市：住
RPSNMLMJMHKFFAH77CA,新埔段,.74,都市：住
RPSNMLMJMHKFFAH77CA,新埔段,86.46,都市：住
RPOQMLRLLHKFFBH38CA,仁美段,13.44,都市：商
RPPNMLRJMHKFFAH97CA,大有段,11.23,都市：住
RPQPMLQLLHKFFBH38CA,自立段,24.37,都市：住
RPPPMLQLLHKFFBH28CA,上嶺段,25.71,非都市：特定農業區 ; 非都市編定：甲種建築用地
RPPPMLQLLHKFFBH28CA,上嶺段,106.14,非都市：特定農業區 ; 非都市編定：甲種建築用地
RPPPMLQLLHKFFBH28CA,上嶺段,.15,非都市：特定農業區 ; 非都市編定：甲種建築用地
RPPPMLQLLHKFFBH28CA,上嶺段,.10,非都市：特定農業區 ; 非都市編定：甲種建築用地
RPPPMLQLLHKFFBH28CA,上嶺段,.24,非都市：特定農業區 ; 非都市編定：甲種建築用地
RPOPMLQLLHKFFBH18CA,自立段,11.66,都市：住
RPWPMLQLLHKFFBH98CA,工業區段二小段,122.00,非都市：工業區 ; 非都市編定：丁種建築用地
RPUPMLMJMHKFFCH38CA,北興段,809.66,非都市：一般農業區 ; 非都市編定：農牧用地
RPUNMLRJMHKFFCH68CA,番子寮段,41.65,非都市：一般農業區 ; 非都市編定：甲種建築用地
RPOOMLKMLHKFFBH57CA,仁祥段,24.88,都市：住
RPQOMLRJMHKFFCH38CA,番子寮段,744.00,非都市：一般農業區 ; 非都市編定：農牧用地
RPQOMLRJMHKFFCH38CA,番子寮段,1290.00,非都市：一般農業區 ; 非都市編定：農牧用地
RPUNMLRLLHKFFCH78CA,碧湖段,11.89,非都市：一般農業區 ; 非都市編定：甲種建築用地
RPUNMLRLLHKFFCH78CA,碧湖段,7.39,非都市：一般農業區 ; 非都市編定：甲種建築用地
RPVNMLRLLHKFFCH88CA,碧湖段,9.28,非都市：一般農業區 ; 非都市編定：甲種建築用地
RPVNMLRLLHKFFCH88CA,碧湖段,3.93,非都市：一般農業區 ; 非都市編定：甲種建築用地
RPRPMLLJMHKFFCH97CA,仁義段,73.66,都市：住
RPWPMLKMLHKFFCH58CA,成功段,25.27,非都市：特定農業區 ; 非都市編定：甲種建築用地
RPTOMLLMLHKFFCH28CA,東龍段,28.14,都市：住
RPTPMLKMLHKFFCH28CA,三洽水段,334.00,非都市：鄉村區 ; 非都市編定：乙種建築用地
RPPNMLNJMHKFFCH77CA,番子寮段,17.76,非都市：一般農業區 ; 非都市編定：甲種建築用地
RPPNMLNJMHKFFCH77CA,番子寮段,6.45,非都市：一般農業區 ; 非都市編定：甲種建築用地
RPPNMLNJMHKFFCH77CA,番子寮段,1.41,非都市：一般農業區 ; 非都市編定：甲種建築用地
RPPNMLNJMHKFFCH77CA,番子寮段,8.30,非都市：一般農業區 ; 非都市編定：甲種建築用地
RPROMLRJMHKFFDH58CA,頭重溪段,22.23,都市：住
RPUNMLRLLHKFFDH88CA,頭重溪段,2.00,都市：住
RPUNMLRLLHKFFDH88CA,頭重溪段,1.00,都市：住
RPUNMLRLLHKFFDH88CA,頭重溪段,133.00,都市：住
RPQNMLNJMHKFFCH87CA,中興段,188.20,非都市：鄉村區 ; 非都市編定：乙種建築用地
RPPPMLTJMHKFFCH58CA,仁義段,58.12,都市：住
RPPOMLQLLHKFFDH38CA,甡甡段,2965.53,都市：農
RPPOMLQLLHKFFDH38CA,甡甡段,3.30,都市：農
RPSOMLKMLHKFFCH08CA,成功段,25.27,非都市：特定農業區 ; 非都市編定：甲種建築用地
RPVOMLPLLHKFFDH88CA,頭重溪段,95.70,都市：住
RPVOMLPLLHKFFDH88CA,頭重溪段,39.60,都市：住
RPUNMLKMLHKFFDH28CA,下田心子段赤牛欄小段,130.72,非都市：特定農業區 ; 非都市編定：甲種建築用地
RPPPMLSJMHKFFCH48CA,烏樹林段,22.56,非都市：鄉村區 ; 非都市編定：乙種建築用地
RPVNMLKMLHKFFDH38CA,下田心子段赤牛欄小段,264.84,非都市：特定農業區 ; 非都市編定：甲種建築用地
RPTNMLKMLHKFFDH18CA,下田心子段赤牛欄小段,135.66,非都市：特定農業區 ; 非都市編定：甲種建築用地
RPXOMLPLLHKFFDH09CA,高山段,36.71,非都市：鄉村區 ; 非都市編定：乙種建築用地
RPWOMLSJMHKFFBH98CA,青溪段,34.30,都市：住
RPPPMLSJMHKFFBH38CA,仁美段,8.83,都市：住
RPOQMLSJMHKFFBH38CA,自立段,17.42,都市：住
RPPOMLQKMHKFFDH38CA,大金山下段大金山下小段,17.31,都市：住
RPQOMLQKMHKFFDH48CA,大金山下段大金山下小段,17.31,都市：住
RPQNMLQLLHKFFDH38CA,清華段,2000.00,非都市：特定農業區 ; 非都市編定：農牧用地
RPQNMLQLLHKFFDH38CA,清華段,1739.00,非都市：特定農業區 ; 非都市編定：農牧用地
RPRNMLTJMHKFFBH48CA,新街段,35.91,都市：住
RPPQMLTJMHKFFBH58CA,雙嶺段,17.24,都市：住
RPSNMLKKMHKFFBH77CA,前寮段,102.95,都市：住
RPSNMLKKMHKFFBH77CA,前寮段,91.01,都市：住
RPSNMLKKMHKFFBH77CA,前寮段,100.77,都市：住
RPWOMLLLMHKFFBH48CA,成功段,60.00,都市：住
RPWOMLLLMHKFFBH48CA,成功段,19.00,都市：住
RPXPMLRKMHKFFBH56CA,平寮段,70.76,都市：住
RPPOMLOKMHKFFBH97CA,中寮段,14.26,都市：住
RPSRMLOLMHKFFBH68CA,仁德段,24.25,都市：住
RPQNMLRKMHKFFDH48CA,長岡嶺段,37.89,非都市：山坡地保育區 ; 非都市編定：丙種建築用地
RPUOMLSLMHKFFBH98CA,自立段,23.63,都市：住
RPWNMLKLMHKFFBH28CA,興南段公坡小段,100.00,都市：住
RPTRMLOLMHKFFBH78CA,草新段,32.99,都市：住
RPTRMLOLMHKFFBH78CA,草新段,46.49,都市：住
RPVNMLNKMHKFFBH38CA,青平段,43.30,都市：住
RPUNMLNKMHKFFBH28CA,興南段興南小段,4.45,都市：商
RPSOMLQLLHKFFDH68CA,東勢段上庄子小段,3585.00,非都市：特定農業區 ; 非都市編定：農牧用地
RPSOMLQLLHKFFDH68CA,東勢段上庄子小段,305.00,非都市：特定農業區 ; 非都市編定：甲種建築用地
RPQOMLQLLHKFFDH48CA,永福段,.19,都市：其他
RPQOMLQLLHKFFDH48CA,永福段,101.33,都市：住
RPQOMLQLLHKFFDH48CA,永福段,7.27,都市：其他
RPOOMLNKMHKFFDH97CA,二重溪段,14.07,非都市：山坡地保育區 ; 非都市編定：丙種建築用地
RPQNMLQKMHKFFBH18CA,中工段,71.70,非都市：工業區 ; 非都市編定：丁種建築用地
RPPOMLNKMHKFFDH08CA,大金山下段大金山下小段,65.00,都市：住
RPPOMLNKMHKFFDH08CA,大金山下段大金山下小段,25.77,都市：住
RPVOMLLJMHKFFDH38CA,長紅段,94.68,非都市：特定農業區 ; 非都市編定：甲種建築用地
RPXOMLPKMHKFFDH09CA,長岡嶺段,14.44,都市：住
RPVNMLRJMHKFFDH88CA,永福段,19.30,都市：住
RPTNMLPKMHKFFDH58CA,梅高段,30.27,都市：住
RPOOMLKLMHKFFDH77CA,永寧段,33.74,非都市：山坡地保育區 ; 非都市編定：丙種建築用地
RPOOMLKLMHKFFDH77CA,永寧段,88.13,非都市：山坡地保育區 ; 非都市編定：丙種建築用地
RPOOMLKLMHKFFDH77CA,永寧段,.29,非都市：山坡地保育區 ; 非都市編定：丙種建築用地
RPOOMLKLMHKFFDH77CA,永寧段,5.40,非都市：山坡地保育區 ; 非都市編定：丙種建築用地
RPOOMLKLMHKFFDH77CA,永寧段,.01,非都市：山坡地保育區 ; 非都市編定：丙種建築用地
RPPOMLMJMHKFFDH87CA,中興段,86.99,都市：其他
RPWOMLKMMHKFFBH48CA,中壢埔頂段,26.74,都市：住
RPRNMLKKMHKFFDH87CA,頭重溪段,23.25,都市：住
RPPNMLTLLHKFFDH58CA,頭重溪段,85.00,都市：住
RPPNMLTLLHKFFDH58CA,頭重溪段,85.00,都市：住
RPPNMLRLLHKFFDH38CA,上田段,24.06,非都市：特定農業區 ; 非都市編定：甲種建築用地
RPPNMLRLLHKFFDH38CA,上田段,24.06,非都市：特定農業區 ; 非都市編定：甲種建築用地
RPOOMLRLLHKFFCH28CA,碧湖段,37.00,非都市：一般農業區 ; 非都市編定：甲種建築用地
RPQOMLRLLHKFFCH48CA,北興段,42.18,非都市：一般農業區 ; 非都市編定：丁種建築用地
RPQOMLRLLHKFFCH48CA,北興段,8.00,非都市：一般農業區 ; 非都市編定：丁種建築用地
RPQOMLRLLHKFFCH48CA,北興段,245.17,非都市：一般農業區 ; 非都市編定：丁種建築用地
RPQOMLRLLHKFFCH48CA,北興段,1.88,非都市：一般農業區 ; 非都市編定：丁種建築用地
RPQOMLRLLHKFFCH48CA,北興段,1.88,非都市：一般農業區 ; 非都市編定：丁種建築用地
RPQOMLRLLHKFFCH48CA,民豐段,5.91,非都市：一般農業區 ; 非都市編定：丁種建築用地
RPQOMLRLLHKFFCH48CA,民豐段,.53,非都市：一般農業區 ; 非都市編定：丁種建築用地
RPQOMLRLLHKFFCH48CA,民豐段,5.33,非都市：一般農業區 ; 非都市編定：丁種建築用地
RPQOMLRLLHKFFCH48CA,民豐段,5.71,非都市：一般農業區 ; 非都市編定：丁種建築用地
RPQOMLRLLHKFFCH48CA,民豐段,5.51,非都市：一般農業區 ; 非都市編定：丁種建築用地
RPSNMLLMLHKFFDH18CA,長岡嶺段,16.09,都市：住
RPSNMLRLLHKFFDH68CA,後庄段,1684.00,非都市：特定農業區 ; 非都市編定：農牧用地
RPROMLKMLHKFFCH97CA,四方林段四方林小段,1316.00,非都市：特定農業區 ; 非都市編定：農牧用地
RPQNMLLJMHKFFDH77CA,二重溪段,20.83,都市：住
RPQNMLLJMHKFFDH77CA,二重溪段,21.00,都市：住
RPSNMLLJMHKFFDH97CA,頭重溪段,21.74,都市：住
RPPOMLLJMHKFFCH67CA,埔頂段,.52,都市：其他
RPPOMLLJMHKFFCH67CA,埔頂段,.11,都市：其他
RPPOMLLJMHKFFCH67CA,埔頂段,.31,都市：其他
RPPOMLLJMHKFFCH67CA,埔頂段,.12,都市：其他
RPPOMLLJMHKFFCH67CA,仁武段,48.41,都市：住
RPSOMLMJMHKFFCH08CA,埔頂段,.52,都市：其他
RPSOMLMJMHKFFCH08CA,埔頂段,.11,都市：其他
RPSOMLMJMHKFFCH08CA,埔頂段,.30,都市：其他
RPSOMLMJMHKFFCH08CA,埔頂段,.12,都市：其他
RPSOMLMJMHKFFCH08CA,仁武段,48.04,都市：住
RPXNMLMJMHKFFCH48CA,埔頂段,.32,都市：其他
RPXNMLMJMHKFFCH48CA,埔頂段,.07,都市：其他
RPXNMLMJMHKFFCH48CA,埔頂段,.19,都市：其他
RPXNMLMJMHKFFCH48CA,埔頂段,.07,都市：其他
RPXNMLMJMHKFFCH48CA,仁武段,29.76,都市：住
RPUNMLMJMHKFFCH18CA,埔頂段,.70,都市：其他
RPUNMLMJMHKFFCH18CA,埔頂段,.15,都市：其他
RPUNMLMJMHKFFCH18CA,埔頂段,.41,都市：其他
RPUNMLMJMHKFFCH18CA,埔頂段,.16,都市：其他
RPUNMLMJMHKFFCH18CA,仁武段,64.61,都市：住
RPPOMLMJMHKFFCH77CA,埔頂段,.52,都市：其他
RPPOMLMJMHKFFCH77CA,埔頂段,.11,都市：其他
RPPOMLMJMHKFFCH77CA,埔頂段,.31,都市：其他
RPPOMLMJMHKFFCH77CA,埔頂段,.12,都市：其他
RPPOMLMJMHKFFCH77CA,仁武段,48.41,都市：住
RPTOMLMJMHKFFCH18CA,埔頂段,.32,都市：其他
RPTOMLMJMHKFFCH18CA,埔頂段,.07,都市：其他
RPTOMLMJMHKFFCH18CA,埔頂段,.19,都市：其他
RPTOMLMJMHKFFCH18CA,埔頂段,.07,都市：其他
RPTOMLMJMHKFFCH18CA,仁武段,29.76,都市：住
RPOOMLMJMHKFFCH67CA,埔頂段,.32,都市：其他
RPOOMLMJMHKFFCH67CA,埔頂段,.07,都市：其他
RPOOMLMJMHKFFCH67CA,埔頂段,.19,都市：其他
RPROMLMJMHKFFCH97CA,埔頂段,.52,都市：其他
RPOOMLMJMHKFFCH67CA,埔頂段,.07,都市：其他
RPOOMLMJMHKFFCH67CA,仁武段,29.76,都市：住
RPROMLMJMHKFFCH97CA,埔頂段,.11,都市：其他
RPROMLMJMHKFFCH97CA,埔頂段,.30,都市：其他
RPROMLMJMHKFFCH97CA,埔頂段,.12,都市：其他
RPROMLMJMHKFFCH97CA,仁武段,48.04,都市：住
RPVNMLMJMHKFFCH28CA,埔頂段,.69,都市：其他
RPVNMLMJMHKFFCH28CA,埔頂段,.15,都市：其他
RPVNMLMJMHKFFCH28CA,埔頂段,.41,都市：其他
RPVNMLMJMHKFFCH28CA,埔頂段,.16,都市：其他
RPVNMLMJMHKFFCH28CA,仁武段,64.24,都市：住
RPQOMLMJMHKFFCH87CA,埔頂段,.32,都市：其他
RPQOMLMJMHKFFCH87CA,埔頂段,.07,都市：其他
RPQOMLMJMHKFFCH87CA,埔頂段,.19,都市：其他
RPQOMLMJMHKFFCH87CA,埔頂段,.07,都市：其他
RPQOMLMJMHKFFCH87CA,仁武段,29.76,都市：住
RPRPMLMJMHKFFCH08CA,成功段,16.00,非都市：一般農業區 ; 非都市編定：農牧用地
RPOPMLMJMHKFFCH77CA,三洽水段,402.00,非都市：山坡地保育區 ; 非都市編定：農牧用地
RPVNMLLJMHKFFCH18CA,埔頂段,.32,都市：其他
RPVNMLLJMHKFFCH18CA,埔頂段,.07,都市：其他
RPVNMLLJMHKFFCH18CA,埔頂段,.19,都市：其他
RPVNMLLJMHKFFCH18CA,埔頂段,.07,都市：其他
RPVNMLLJMHKFFCH18CA,仁武段,29.76,都市：住
RPXNMLLJMHKFFCH38CA,埔頂段,.52,都市：其他
RPXNMLLJMHKFFCH38CA,埔頂段,.11,都市：其他
RPXNMLLJMHKFFCH38CA,埔頂段,.31,都市：其他
RPXNMLLJMHKFFCH38CA,埔頂段,.12,都市：其他
RPXNMLLJMHKFFCH38CA,仁武段,48.41,都市：住
RPSNMLMJMHKFFCH97CA,埔頂段,.70,都市：其他
RPSNMLMJMHKFFCH97CA,埔頂段,.15,都市：其他
RPSNMLMJMHKFFCH97CA,埔頂段,.41,都市：其他
RPSNMLMJMHKFFCH97CA,埔頂段,.16,都市：其他
RPSNMLMJMHKFFCH97CA,仁武段,64.61,都市：住
RPWNMLLJMHKFFCH28CA,埔頂段,.52,都市：其他
RPWNMLLJMHKFFCH28CA,埔頂段,.11,都市：其他
RPWNMLLJMHKFFCH28CA,埔頂段,.31,都市：其他
RPWNMLLJMHKFFCH28CA,埔頂段,.12,都市：其他
RPWNMLLJMHKFFCH28CA,仁武段,48.41,都市：住
RPPPMLMJMHKFFCH87CA,石門段,320.62,都市：住
RPXNMLSJMHKFFCH09CA,石門段,18.24,都市：住
RPVNMLRKPHKFFCH56CA,仁武段,29.76,都市：住
RPVNMLRKPHKFFCH56CA,埔頂段,.32,都市：其他
RPVNMLRKPHKFFCH56CA,埔頂段,.07,都市：其他
RPVNMLRKPHKFFCH56CA,埔頂段,.19,都市：其他
RPVNMLRKPHKFFCH56CA,埔頂段,.07,都市：其他
RPUNMLLJMHKFFCH08CA,埔頂段,.32,都市：其他
RPUNMLLJMHKFFCH08CA,埔頂段,.07,都市：其他
RPUNMLLJMHKFFCH08CA,埔頂段,.19,都市：其他
RPUNMLLJMHKFFCH08CA,埔頂段,.07,都市：其他
RPUNMLLJMHKFFCH08CA,仁武段,29.76,都市：住
RPTOMLRLLHKFFBH68CA,興南段興南小段,.58,都市：住
RPRNMLNJMHKFFCH97CA,民有段,10.69,都市：其他
RPRNMLNJMHKFFCH97CA,民有段,4.28,都市：其他
RPOPMLRLLHKFFBH28CA,中壢埔頂段,72.00,都市：住
RPPNMLSLLHKFFBH28CA,環東段,2.55,都市：住
RPPQMLKMLHKFFBH87CA,廣大段,124.16,非都市：特定農業區 ; 非都市編定：農牧用地
RPPQMLKMLHKFFBH87CA,廣大段,2512.43,非都市：特定農業區 ; 非都市編定：農牧用地
RPXNMLRLLHKFFBH98CA,東寮段,21.11,都市：農
RPXNMLRLLHKFFBH98CA,東寮段,125.57,都市：農
RPQQMLKMLHKFFBH97CA,廣大段,124.16,非都市：特定農業區 ; 非都市編定：農牧用地
RPQQMLKMLHKFFBH97CA,廣大段,2512.00,非都市：特定農業區 ; 非都市編定：農牧用地
RPPOMLMJMHKFFBH67CA,興崙段,15262.19,非都市：特定農業區 ; 非都市編定：農牧用地
RPPOMLMJMHKFFBH67CA,興崙段,9.35,非都市：特定農業區 ; 非都市編定：水利用地
RPPOMLMJMHKFFBH67CA,興崙段,107.30,非都市：特定農業區 ; 非都市編定：水利用地
RPPOMLMJMHKFFBH67CA,興崙段,500.00,非都市：特定農業區 ; 非都市編定：農牧用地
RPPOMLMJMHKFFBH67CA,興崙段,500.00,非都市：特定農業區 ; 非都市編定：農牧用地
RPPOMLMJMHKFFBH67CA,興崙段,500.00,非都市：特定農業區 ; 非都市編定：農牧用地
RPPOMLMJMHKFFBH67CA,興崙段,500.00,非都市：特定農業區 ; 非都市編定：農牧用地
RPPOMLMJMHKFFBH67CA,興崙段,500.00,非都市：特定農業區 ; 非都市編定：農牧用地
RPPOMLMJMHKFFBH67CA,興崙段,13.60,非都市：特定農業區 ; 非都市編定：水利用地
RPPOMLMJMHKFFBH67CA,興崙段,52.76,非都市：特定農業區 ; 非都市編定：水利用地
RPPOMLMJMHKFFBH67CA,興崙段,52.38,非都市：特定農業區 ; 非都市編定：水利用地
RPPOMLMJMHKFFBH67CA,興崙段,5.93,非都市：特定農業區 ; 非都市編定：水利用地
RPPOMLMJMHKFFBH67CA,興崙段,32.47,非都市：特定農業區 ; 非都市編定：水利用地
RPPOMLMJMHKFFBH67CA,興崙段,1.06,非都市：特定農業區 ; 非都市編定：水利用地
RPQNMLRLLHKFFBH28CA,忠富段,81.77,非都市：鄉村區 ; 非都市編定：乙種建築用地
RPUNMLLJMHKFFBH97CA,草富段,108.06,都市：住
RPSQMLKMLHKFFBH18CA,青平段,15.20,都市：住
RPSNMLMJMHKFFBH87CA,樹林子段過溪子小段,199.33,都市：住
RPTOMLLMLHKFFBH18CA,環東段,26.21,都市：住
RPVOMLLJMHKFFBH18CA,藍埔段,666.67,非都市：特定農業區 ; 非都市編定：農牧用地
RPVOMLLJMHKFFBH18CA,藍埔段,666.67,非都市：特定農業區 ; 非都市編定：農牧用地
RPSNMLRJMHKFFBH38CA,普義段,11.70,都市：住
RPXNMLMJMHKFFBH38CA,中壢埔頂段,14.33,都市：住
RPRNMLMJMHKFFAH67CA,塔寮坑段坑底小段,2516.00,非都市：山坡地保育區 ; 非都市編定：農牧用地
RPTRMLLMLHKFFBH48CA,中原段,28.97,都市：住
RPWNMLMJMHKFFAH18CA,壽山段,54.00,都市：其他
RPXNMLKLMHKFFCH48CA,烏塗窟段,1.18,非都市：山坡地保育區 ; 非都市編定：丁種建築用地
RPXNMLKLMHKFFCH48CA,烏塗窟段,284.00,非都市：山坡地保育區 ; 非都市編定：丁種建築用地
RPXNMLKLMHKFFCH48CA,烏塗窟段,1.71,非都市：山坡地保育區 ; 非都市編定：丁種建築用地
RPXNMLKLMHKFFCH48CA,烏塗窟段,47.24,非都市：山坡地保育區 ; 非都市編定：丁種建築用地
RPXNMLKLMHKFFCH48CA,烏塗窟段,.85,非都市：山坡地保育區 ; 非都市編定：丁種建築用地
RPXNMLMJMHKFFAH28CA,半嶺段,27.00,都市：住
RPPNMLMJMHKFFBH57CA,青溪段,521.45,都市：住
RPQNMLMJMHKFFBH67CA,青溪段,579.35,都市：住
RPTQMLLMLHKFFAH28CA,中路段,93.00,都市：住
RPOOMLMJMHKFFAH47CA,東嶺段,26.50,非都市：鄉村區 ; 非都市編定：乙種建築用地
RPVQMLLJMHKFFAH28CA,和平段,19.91,都市：住
RPWPMLOKMHKFFCH88CA,八張犁段,136.00,非都市：山坡地保育區 ; 非都市編定：丙種建築用地
RPPQMLLMLHKFFBH97CA,自立段,19.22,都市：住
RPXPMLLMLHKFFBH68CA,三座屋段舊社小段,36.00,都市：住
RPXPMLLMLHKFFBH68CA,三座屋段舊社小段,.40,都市：住
RPROMLKKMHKFFAH67CA,中路二段,243.39,都市：住
RPSOMLKKMHKFFAH77CA,中路二段,195.12,都市：住
RPWOMLLJMHKFFAH18CA,龍華段,39.57,都市：住
RPORMLLMLHKFFAH87CA,桃園段武陵小段,4.73,都市：商
RPXPMLSJMHKFFAH09CA,興華段,5.51,都市：商
RPOQMLKKMHKFFAH57CA,興華段,4.21,都市：住
RPPNMLKMLHKFFAH47CA,龍祥段,32.27,都市：其他
RPVPMLSJMHKFFAH88CA,龍華段,189.21,都市：其他
RPQNMLKMLHKFFAH57CA,龍華段,35.71,都市：住
RPOQMLRLLHKFFAH28CA,桃園段武陵小段,3.04,都市：商
RPPQMLKMLHKFFAH77CA,三元段,10.25,都市：住
RPRNMLLMLHKFFAH77CA,桃園段武陵小段,6.76,都市：商
RPPOMLQLLHKFFAH08CA,小檜溪段,33.80,都市：住
RPTPMLKMLHKFFAH08CA,寶山段,19.45,都市：住
RPUPMLLMLHKFFAH28CA,桃園段武陵小段,4.51,都市：商
RPOPMLLMLHKFFAH67CA,兔子坑段大湖頂小段,1.00,非都市：鄉村區 ; 非都市編定：乙種建築用地
RPOPMLLMLHKFFAH67CA,東嶺段,8.34,非都市：鄉村區 ; 非都市編定：乙種建築用地
RPOPMLLMLHKFFAH67CA,東嶺段,16.98,非都市：鄉村區 ; 非都市編定：乙種建築用地
RPVNMLMKMHKFFAH18CA,桃鶯段,35.69,都市：工
RPSOMLOKMHKFFAH18CA,桃園段武陵小段,110.00,都市：商
RPSOMLOKMHKFFAH18CA,桃園段武陵小段,72.00,都市：商
RPSOMLOKMHKFFAH18CA,桃園段武陵小段,21.00,都市：商
RPQNMLQLLHKFFAH08CA,大同段,6.33,都市：住
RPPNMLTLLHKFFAH28CA,西門段,5.08,都市：住
RPQQMLQKMHKFFAH38CA,富國段,19.27,都市：住
RPWNMLMLMHKFFAH38CA,中埔段,23.47,都市：住
RPXOMLQKMHKFFAH88CA,龍祥段,13.59,都市：商
RPOOMLQKMHKFFAH97CA,龍祥段,7.77,都市：商
RPTQMLQKMHKFFAH68CA,龍祥段,7.61,都市：商
RPVNMLQKMHKFFAH58CA,龍祥段,14.53,都市：商
RPQPMLQKMHKFFAH28CA,同安段,17.08,都市：住
RPSNMLLMLHKFFFH58EA,大仁段,312.50,非都市：特定農業區 ; 非都市編定：農牧用地
RPQNMLRLLHKFFDH58DA,幼獅段,44.28,非都市：工業區 ; 非都市編定：水利用地
RPQNMLMJMHKFFEH08DA,竹圍段拔子林小段,168.05,都市：農
RPQNMLMJMHKFFEH08DA,竹圍段拔子林小段,40.70,都市：農
RPQNMLMJMHKFFEH08DA,竹圍段拔子林小段,59.82,都市：農
RPQNMLMJMHKFFEH08DA,竹圍段拔子林小段,7.71,都市：農
RPQNMLMJMHKFFEH08DA,竹圍段拔子林小段,2.90,都市：農
RPQNMLMJMHKFFEH08DA,竹圍段拔子林小段,243.85,都市：農
RPQNMLMJMHKFFEH08DA,竹圍段拔子林小段,1.90,都市：農
RPQNMLMJMHKFFEH08DA,竹圍段拔子林小段,73.23,都市：農
RPQNMLMJMHKFFEH08DA,竹圍段拔子林小段,19.18,都市：農
RPQNMLMJMHKFFEH08DA,竹圍段拔子林小段,8.34,都市：農
RPQNMLMJMHKFFEH08DA,竹圍段拔子林小段,5.62,都市：農
RPQNMLMJMHKFFEH08DA,竹圍段拔子林小段,12.12,都市：農
RPQNMLRLLHKFFGH98EA,振平段,16.31,都市：其他
RPPOMLKLMHKFFAH57CA,大樹林段,3.52,都市：商
RPPQMLKLMHKFFAH77CA,雲林段,18.88,都市：住
RPQNMLLMLHKFFDH18EA,草湳坡段草湳坡小段,98.50,都市：其他
RPRNMLRLLHKFFCH68EA,田心子段下田心子小段,122.00,都市：住
RPSOMLRLLHKFFCH88EA,大平段,3.61,都市：農
RPSOMLRLLHKFFCH88EA,大平段,6.04,都市：農
RPSNMLRLLHKFFBH68EA,中興段,2.34,都市：其他
RPSNMLRLLHKFFBH68EA,中興段,2.34,都市：其他
RPTNMLRLLHKFFBH78EA,中興段,7.01,都市：其他
RPTNMLRLLHKFFBH78EA,中興段,7.77,都市：其他
RPTNMLRLLHKFFBH78EA,中興段,6.22,都市：其他
RPTNMLRLLHKFFBH78EA,中興段,4.66,都市：其他
RPTNMLRLLHKFFBH78EA,中興段,.79,都市：其他
RPVQMLLMLHKFFBH78EA,三座屋段三座屋小段,5.23,都市：住
RPVQMLLMLHKFFBH78EA,三座屋段三座屋小段,3.40,都市：住
RPVQMLLMLHKFFBH78EA,三座屋段三座屋小段,15.43,都市：住
RPTNMLLMLHKFFFH68EA,大仁段,416.67,非都市：特定農業區 ; 非都市編定：農牧用地
RPXPMLPKMHKFFAH88CA,忠義段,3.88,都市：住
RPWQMLLMLHKFFBH88EA,三座屋段三座屋小段,5.23,都市：住
RPWQMLLMLHKFFBH88EA,三座屋段三座屋小段,3.40,都市：住
RPWQMLLMLHKFFBH88EA,三座屋段三座屋小段,15.43,都市：住
RPUQMLKMLHKFFBH58EA,三座屋段三座屋小段,5.23,都市：住
RPUQMLKMLHKFFBH58EA,三座屋段三座屋小段,3.40,都市：住
RPUQMLKMLHKFFBH58EA,三座屋段三座屋小段,15.43,都市：住
RPUQMLLMLHKFFBH58DA,仁祥段,8.94,都市：住
RPWNMLLMLHKFFBH48DA,三座屋段舊社小段,13.52,都市：住
RPTPMLLMLHKFFBH38DA,復興段,73.00,都市：住
RPRPMLLMLHKFFBH18DA,興南段興南小段,4.70,都市：商
RPVPMLLMLHKFFBH58DA,中寮段,22.25,都市：住
RPSOMLKMLHKFFGH48CA,義民段,127.20,都市：住
RPSOMLKMLHKFFGH48CA,義民段,20.72,都市：住
RPSPMLSJMHKFFDH09EA,高山段,33.73,非都市：鄉村區 ; 非都市編定：乙種建築用地
RPUOMLQKMHKFFAH68DA,忠義段,22.31,都市：住
RPUOMLQKMHKFFAH68DA,忠義段,.39,都市：住
RPWOMLMJMHKFFAH38DA,中山段,21.72,都市：住
RPPNMLNJMHKFFGH18CA,平鎮段,5.35,都市：商
RPVNMLLMLHKFFFH68CA,桃德段,76.19,都市：工
RPRNMLSLLHKFFAH48DA,法政段,10.93,都市：住
RPQNMLSLLHKFFAH38DA,桃園段長美小段,4.77,都市：住
RPQNMLSLLHKFFAH38DA,桃園段長美小段,5.47,都市：商
RPQNMLSLLHKFFAH38DA,桃園段長美小段,.82,都市：住
RPTNMLQLLHKFFFH88CA,竹園段,266.53,非都市：特定農業區 ; 非都市編定：甲種建築用地
RPSNMLRLLHKFFFH88CA,高明段,7.30,都市：商
RPSNMLRLLHKFFFH88CA,高明段,7.30,都市：商
RPPOMLLJMHKFFFH97CA,廣隆段,48.75,非都市：鄉村區 ; 非都市編定：乙種建築用地
RPVNMLNKMHKFFFH78CA,興豐段,38.67,非都市：鄉村區 ; 非都市編定：乙種建築用地
RPVNMLNKMHKFFFH78CA,興豐段,.19,非都市：鄉村區 ; 非都市編定：乙種建築用地
RPVNMLNKMHKFFFH78CA,興豐段,1.49,非都市：鄉村區 ; 非都市編定：乙種建築用地
RPVOMLKKMHKFFFH58CA,高城段,29.57,都市：住
RPVNMLKLMHKFFFH58CA,興豐段,115.71,都市：住
RPXNMLPKMHKFFFH56CA,豐田段,34.81,都市：住
RPVNMLRLMHKFFAH78CA,富國段,21.82,都市：住
RPUNMLOKMHKFFEH68CA,許厝港段,73.00,非都市：一般農業區 ; 非都市編定：甲種建築用地
RPOOMLSJOHKFFAH48EA,大樹林段,4.48,都市：商
RPWNMLKLMHKFFFH68CA,興豐段,115.71,都市：住
RPUNMLKKMHKFFGH48CA,三崇段,19.03,都市：住
RPPNMLLLMHKFFFH08CA,大庄段,74.87,非都市：鄉村區 ; 非都市編定：乙種建築用地
RPQOMLLJMHKFFEH97CA,貨運段,489.68,非都市：一般農業區 ; 非都市編定：農牧用地
RPTOMLLJMHKFFEH28CA,坑子口段海湖小段,27.00,非都市：一般農業區 ; 非都市編定：丁種建築用地
RPTOMLLJMHKFFEH28CA,坑子口段海湖小段,2364.00,非都市：一般農業區 ; 非都市編定：丁種建築用地
RPTOMLLJMHKFFEH28CA,坑子口段海湖小段,371.00,非都市：一般農業區 ; 非都市編定：丁種建築用地
RPQOMLTJMHKFFEH78CA,六福段,11.33,都市：住
RPOOMLLMLHKFFEH97CA,南崁廟口段羊稠坑小段,23.24,都市：住
RPWOMLLJMHKFFEH58CA,大新段,117.49,都市：住
RPXNMLRLLHKFFEH66CA,河底段,24.06,都市：住
RPXNMLKMLHKFFEH68CA,河底段,4.96,都市：商
RPOOMLKMLHKFFEH87CA,南崁廟口段廟口小段,12.15,都市：住
RPOOMLKMLHKFFEH87CA,南崁廟口段廟口小段,.26,都市：住
RPOOMLKMLHKFFEH87CA,南崁廟口段營盤坑小段,5.40,都市：住
RPQOMLKMLHKFFEH08CA,錦興段,25.45,都市：住
RPOOMLLJMHKFFEH77CA,南榮段,225.34,都市：其他
RPOOMLLJMHKFFEH77CA,南榮段,174.83,都市：其他
RPOOMLLJMHKFFEH77CA,南榮段,292.87,都市：其他
RPPOMLLJMHKFFEH87CA,坑子口段海湖小段,2177.00,非都市：一般農業區 ; 非都市編定：農牧用地
RPPOMLLJMHKFFEH87CA,坑子口段海湖小段,112.00,非都市：一般農業區 ; 非都市編定：農牧用地
RPPOMLLJMHKFFEH87CA,坑子口段海湖小段,104.00,非都市：一般農業區 ; 非都市編定：農牧用地
RPPOMLLJMHKFFEH87CA,坑子口段海湖小段,35.00,非都市：一般農業區 ; 非都市編定：農牧用地
RPPOMLLJMHKFFEH87CA,坑子口段海湖小段,103.00,非都市：一般農業區 ; 非都市編定：農牧用地
RPPOMLLJMHKFFEH87CA,坑子口段海湖小段,1016.00,非都市：一般農業區 ; 非都市編定：農牧用地
RPPOMLLJMHKFFEH87CA,坑子口段海湖小段,132.00,非都市：一般農業區 ; 非都市編定：農牧用地
RPPOMLLJMHKFFEH87CA,坑子口段海湖小段,125.00,非都市：一般農業區 ; 非都市編定：農牧用地
RPPOMLLJMHKFFEH87CA,坑子口段海湖小段,4.00,非都市：一般農業區 ; 非都市編定：農牧用地
RPPOMLLJMHKFFEH87CA,坑子口段海湖小段,139.00,非都市：一般農業區 ; 非都市編定：農牧用地
RPPOMLLJMHKFFEH87CA,坑子口段海湖小段,17.00,非都市：一般農業區 ; 非都市編定：農牧用地
RPPOMLLJMHKFFEH87CA,坑子口段海湖小段,15.00,非都市：一般農業區 ; 非都市編定：農牧用地
RPPOMLLJMHKFFEH87CA,坑子口段海湖小段,15.00,非都市：一般農業區 ; 非都市編定：農牧用地
RPQNMLKMLHKFFEH97CA,大新段,75.31,都市：住
RPRNMLLJMHKFFEH97CA,西園段,297.70,都市：住
RPVOMLMJMHKFFEH58CA,雙溪口段下縣厝子小段,989.00,非都市：特定農業區 ; 非都市編定：農牧用地
RPVOMLMJMHKFFEH58CA,雙溪口段下縣厝子小段,29.00,非都市：特定農業區 ; 非都市編定：交通用地
RPRPMLLJMHKFFEH18CA,中園段,58.27,都市：住
RPRPMLLJMHKFFEH18CA,中園段,182.99,都市：住
RPOPMLLJMHKFFEH87CA,竹圍段海方厝小段,78.00,非都市：鄉村區 ; 非都市編定：乙種建築用地
RPXNMLLMLHKFFEH78CA,竹圍段拔子林小段,51.00,都市：住
RPTNMLLJMHKFFEH18CA,南崁廟口段廟口小段,12.25,都市：住
RPRNMLLMLHKFFFH28CA,新霄裡段,38.26,非都市：鄉村區 ; 非都市編定：乙種建築用地
RPQOMLLMLHKFFEH18CA,錦興段,24.22,都市：住
RPSOMLLLMHKFFEH38CA,許厝港段,114.00,非都市：一般農業區 ; 非都市編定：甲種建築用地
RPTOMLKMLHKFFGH58CA,東金段,183.92,非都市：一般農業區 ; 非都市編定：水利用地
RPQOMLSJMHKFFFH78CA,中華段,30.43,非都市：特定農業區 ; 非都市編定：甲種建築用地
RPQOMLSJMHKFFFH78CA,中華段,.04,都市：其他
RPQOMLSJMHKFFFH78CA,中華段,.02,都市：其他
RPRNMLRLMHKFFEH78CA,開南段,.14,非都市：特定農業區 ; 非都市編定：水利用地
RPRNMLRLMHKFFEH78CA,開南段,2.31,非都市：特定農業區 ; 非都市編定：水利用地
RPRNMLRLMHKFFEH78CA,開南段,.71,非都市：特定農業區 ; 非都市編定：農牧用地
RPRNMLRLMHKFFEH78CA,開南段,2.14,非都市：特定農業區 ; 非都市編定：水利用地
RPRNMLRLMHKFFEH78CA,開南段,2.34,非都市：特定農業區 ; 非都市編定：水利用地
RPRNMLRLMHKFFEH78CA,開南段,.41,非都市：特定農業區 ; 非都市編定：農牧用地
RPRNMLRLMHKFFEH78CA,開南段,.27,非都市：特定農業區 ; 非都市編定：農牧用地
RPRNMLRLMHKFFEH78CA,開南段,3.69,非都市：特定農業區 ; 非都市編定：農牧用地
RPRNMLRLMHKFFEH78CA,開南段,.57,非都市：特定農業區 ; 非都市編定：甲種建築用地
RPRNMLRLMHKFFEH78CA,開南段,3.93,非都市：特定農業區 ; 非都市編定：甲種建築用地
RPRNMLRLMHKFFEH78CA,開南段,.45,非都市：特定農業區 ; 非都市編定：甲種建築用地
RPRNMLRLMHKFFEH78CA,開南段,1.17,非都市：特定農業區 ; 非都市編定：甲種建築用地
RPRNMLRLMHKFFEH78CA,開南段,.06,非都市：特定農業區 ; 非都市編定：甲種建築用地
RPRNMLRLMHKFFEH78CA,開南段,.15,非都市：特定農業區 ; 非都市編定：交通用地
RPRNMLRLMHKFFEH78CA,開南段,.34,非都市：特定農業區 ; 非都市編定：交通用地
RPRNMLRLMHKFFEH78CA,開南段,.53,非都市：特定農業區 ; 非都市編定：交通用地
RPRNMLRLMHKFFEH78CA,開南段,.19,非都市：特定農業區 ; 非都市編定：交通用地
RPRNMLRLMHKFFEH78CA,開南段,.21,非都市：特定農業區 ; 非都市編定：交通用地
RPRNMLRLMHKFFEH78CA,開南段,.27,非都市：特定農業區 ; 非都市編定：農牧用地
RPRNMLRLMHKFFEH78CA,上興段,.09,都市：其他
RPRNMLRLMHKFFEH78CA,上興段,.44,都市：其他
RPSNMLNKMHKFFFH48CA,大智段,26.14,都市：住
RPSNMLNKMHKFFEH38CA,大新段,17.09,都市：商
RPTNMLSJMHKFFEH88CA,大竹圍段,91.93,非都市：特定農業區 ; 非都市編定：甲種建築用地
RPVNMLKMLHKFFGH68CA,廣平段,19.79,都市：其他
RPVNMLKMLHKFFGH68CA,廣平段,7.18,都市：其他
RPWNMLKKMHKFFGH68CA,新光段,92.54,非都市：特定農業區 ; 非都市編定：水利用地
RPSNMLSLLHKFFAH58DA,會稽段,15.83,都市：住
RPSNMLSLLHKFFAH58DA,會稽段,.19,都市：其他
RPVNMLLMLHKFFGH78CA,廣仁段,5.88,都市：住
RPTNMLLMLHKFFGH58CA,忠貞段,108.00,都市：住
RPQNMLLMLHKFFGH28CA,平鎮段,22.90,都市：住
RPUNMLRKMHKFFFH09CA,福興段,22.86,都市：商
RPTNMLRKMHKFFFH98CA,福興段,29.06,都市：商
RPPOMLKMLHKFFEH18EA,南崁廟口段山鼻子小段,1.29,都市：其他
RPXNMLRKMHKFFGH86CA,廣豐段,24.61,都市：住
RPPPMLRKMHKFFGH88CA,金星段,19.72,都市：住
RPUPMLKMLHKFFBH38DA,上嶺段,250.15,非都市：特定農業區 ; 非都市編定：甲種建築用地
RPPPMLSJMHKFFDH78EA,新富段,116.20,都市：農
RPPPMLSJMHKFFDH78EA,新富段,3030.92,都市：農
RPSNMLNKMHKFFCH38EA,大平段,595.39,都市：農
RPSNMLNKMHKFFCH38EA,大平段,37.84,都市：農
RPWOMLTJMHKFFCH76EA,凌雲段,22.91,都市：其他
RPWOMLTJMHKFFCH76EA,凌雲段,101.01,都市：其他
RPWOMLTJMHKFFCH76EA,凌雲段,134.29,都市：其他
RPWOMLTJMHKFFCH76EA,凌雲段,9.42,都市：其他
RPWOMLTJMHKFFCH76EA,凌雲段,211.67,都市：其他
RPWOMLTJMHKFFCH76EA,凌雲段,40.72,都市：其他
RPWOMLTJMHKFFCH76EA,凌雲段,20.14,都市：其他
RPWOMLTJMHKFFCH76EA,凌雲段,17.23,都市：其他
RPWOMLTJMHKFFCH76EA,凌雲段,2.74,都市：其他
RPWOMLTJMHKFFCH76EA,凌雲段,7.02,都市：其他
RPWOMLTJMHKFFCH76EA,凌雲段,10.23,都市：其他
RPWOMLTJMHKFFCH76EA,凌雲段,32.86,都市：其他
RPWOMLTJMHKFFCH76EA,凌雲段,7.64,都市：其他
RPWOMLTJMHKFFCH76EA,凌雲段,16.11,都市：其他
RPVNMLMJMHKFFAH18DA,陸光段,37.75,都市：住
RPUNMLLMLHKFFFH78EA,大仁段,246.50,非都市：特定農業區 ; 非都市編定：農牧用地
RPUNMLLMLHKFFFH78EA,大仁段,2493.63,非都市： ; 非都市編定：
RPPNMLLJMHKFFGH18EA,六和段,41.86,都市：住
RPRNMLLJMHKFFGH38EA,六和段,2.78,都市：住
RPQNMLLJMHKFFGH28EA,六和段,6.49,都市：住
RPRPMLOKMHKFFGH78CA,金星段,24.66,都市：住
RPPOMLKMLHKFFCH87DA,內柵段埔尾小段,12.67,非都市：風景區 ; 非都市編定：殯葬用地
RPROMLSJMHKFFAH48DA,同安段,27.28,都市：住
RPSOMLLMLHKFFEH48DA,公埔段,21.55,都市：住
RPVNMLSJMHKFFBH88DA,復興段,34.81,都市：其他
RPRPMLLLMHKFFGH58CA,湧星段,60.71,都市：住
RPPPMLLLMHKFFGH38CA,金星段,117.14,都市：住
RPTPMLLJMHKFFAH18EA,楓樹坑段楓樹坑小段,138.00,都市：其他
RPQNMLLJMHKFFAH67EA,埔子段北門埔子小段,29.39,都市：商
RPWOMLLMLHKFFFH98DA,大智段,24.16,都市：住
RPUNMLMJMHKFFFH58DA,茄明段,.42,都市：住
RPUNMLMJMHKFFFH58DA,茄明段,12.66,都市：住
RPQQMLKMLHKFFAH08EA,中路段,25.40,都市：住
RPVQMLMLMHKFFAH58CA,春日段,29.42,都市：住
RPRRMLMLMHKFFAH28CA,華亞段,1207.49,都市：工
RPRRMLMLMHKFFAH28CA,華亞段,1561.39,都市：工
RPTOMLOLMHKFFAH58EA,中埔段,1.66,都市：住
RPRQMLMLMHKFFAH18CA,春日段,29.16,都市：住
RPORMLMLMHKFFAH97CA,春日段,29.16,都市：住
RPPNMLMLMHKFFAH67CA,吉祥段,1145.59,都市：其他
RPPNMLMLMHKFFAH67CA,吉祥段,1449.96,都市：農
RPPNMLMLMHKFFAH67CA,吉祥段,108.95,都市：其他
RPPNMLMLMHKFFAH67CA,吉祥段,113.34,都市：其他
RPPNMLMLMHKFFAH67CA,吉祥段,83.12,都市：其他
RPXNMLOLMHKFFAH68CA,桃鶯段,14.93,都市：住
RPXNMLOLMHKFFAH68CA,桃鶯段,14.93,都市：住
RPSRMLLLMHKFFAH28CA,吉祥段,200.90,都市：農
RPSRMLLLMHKFFAH28CA,吉祥段,757.73,都市：農
RPSRMLLLMHKFFAH28CA,吉祥段,89.80,都市：農
RPSRMLLLMHKFFAH28CA,吉祥段,94.33,都市：農
RPSRMLLLMHKFFAH28CA,吉祥段,3201.60,都市：農
RPSRMLLLMHKFFAH28CA,吉祥段,165.17,都市：農
RPSRMLLLMHKFFAH28CA,吉祥段,214.87,都市：農
RPSRMLLLMHKFFAH28CA,吉祥段,50.20,都市：農
RPSRMLLLMHKFFAH28CA,吉祥段,328.86,都市：農
RPSRMLLLMHKFFAH28CA,吉祥段,22.72,都市：農
RPSNMLMLMHKFFAH97CA,和平段,28.08,都市：住
RPQNMLMLMHKFFAH77CA,吉祥段,1165.95,都市：農
RPQNMLMLMHKFFAH77CA,吉祥段,8750.40,都市：農
RPVPMLKLMHKFFAH28CA,和平段,2361.00,都市：住
RPVPMLKLMHKFFAH28CA,和平段,29.00,都市：農
RPUPMLNKMHKFFAH38CA,埔子段埔子小段,80.00,都市：住
RPUPMLNKMHKFFAH38CA,埔子段埔子小段,19.00,都市：住
RPSPMLLMLHKFFAH08CA,桃鶯段,14.99,都市：住
RPPNMLLKMHKFFAH47CA,延壽段,25.33,都市：住
RPPOMLLMLHKFFAH67CA,文化段,8.72,都市：住
RPTOMLLMLHKFFAH08CA,埔子段埔子小段,27.16,都市：住
RPPNMLSLLHKFFAH18CA,中路段,14.70,都市：工
RPXOMLOKMHKFFAH68CA,埔子段埔子小段,3.36,都市：商
RPXOMLOKMHKFFAH68CA,埔子段北門埔子小段,.13,都市：商
RPOOMLPKMHKFFAH87CA,桃園段武陵小段,372.00,都市：商
RPOOMLPKMHKFFAH87CA,桃園段武陵小段,11.00,都市：商
RPUPMLKMLHKFFAH18CA,龜山段,3.31,都市：商
RPSPMLKMLHKFFAH97CA,中埔段,25.27,都市：住
RPSPMLKMLHKFFAH97CA,中埔段,1.54,都市：住
RPROMLKMLHKFFAH77CA,大林段,4.71,都市：其他
RPRPMLNJJIKFFEH38EA,五福段,50.99,都市：住
RPRPMLKKMHKFFAH77CA,中路段,9.30,都市：住
RPOSMLLJMHKFFAH77CA,慈文段,29.75,都市：住
RPPQMLLJMHKFFAH67CA,雲林段,24.15,都市：住
RPPQMLLMLHKFFAH87CA,山福段,20.79,都市：住
RPOQMLTJMHKFFAH38CA,福元段,7.10,都市：住
RPSRMLLMLHKFFBH38CA,石頭段,22.17,都市：住
RPQSMLLJMHKFFAH97CA,陸光段,38.05,都市：住
RPUQMLKMLHKFFBH38CA,中壢埔頂段,4.61,都市：住
RPUPMLLMLHKFFBH38CA,永興段,11.65,都市：住
RPQPMLLMLHKFFBH97CA,興南段興南小段,2.73,都市：商
RPXNMLSJMHKFFBH98CA,石頭段,11.07,都市：住
RPXNMLSJMHKFFBH98CA,石頭段,17.75,都市：住
RPRQMLMJMHKFFBH08CA,華興段,915.47,都市：農
RPRQMLMJMHKFFBH08CA,華興段,208.93,都市：農
RPWNMLMJMHKFFBH28CA,草新段,24.12,都市：住
RPWNMLMJMHKFFBH28CA,草新段,84.00,都市：住
RPQQMLMJMHKFFBH97CA,華興段,865.22,都市：農
RPROMLRLLHKFFBH48CA,中興段,18.80,都市：其他
RPROMLRLLHKFFBH48CA,中興段,24.89,都市：其他
RPSSMLKMLHKFFBH38CA,興南段興南小段,39.75,都市：住
RPPPMLRJMHKFFBH28CA,富強段,4.96,都市：住
RPPTMLKMLHKFFBH18CA,中原段,10.66,都市：住
RPRTMLKMLHKFFBH38CA,草富段,255.47,都市：住
RPQTMLKMLHKFFBH28CA,大湖段,58.10,非都市：鄉村區 ; 非都市編定：乙種建築用地
RPSOMLRLLHKFFBH58CA,中興段,31.68,都市：其他
RPWPMLKMLHKFFBH48CA,金湖段,590.00,非都市：特定農業區 ; 非都市編定：農牧用地
RPUNMLNJMHKFFCH28CA,干城段,109.06,非都市：特定農業區 ; 非都市編定：農牧用地
RPRRMLKMLHKFFBH18CA,遠東段,7.04,都市：住
RPUOMLSJMHKFFCH88CA,燈潭段,217.45,非都市：鄉村區 ; 非都市編定：乙種建築用地
RPWNMLKMLHKFFBH28CA,興南段興南小段,19.80,都市：住
RPWNMLKMLHKFFBH28CA,興南段興南小段,13.40,都市：住
RPWNMLKMLHKFFBH28CA,興南段興南小段,2.00,都市：住
RPWNMLKMLHKFFBH28CA,興南段興南小段,.60,都市：住
RPRPMLRLLHKFFBH58CA,中壢埔頂段,6.12,都市：住
RPTNMLNJMHKFFCH18CA,銅鑼圈段,121.76,非都市：山坡地保育區 ; 非都市編定：丙種建築用地
RPTNMLRJMHKFFCH58CA,廣福段,779.33,非都市：特定農業區 ; 非都市編定：農牧用地
RPXNNLTLPHKFFAH17EA,中路段,10.70,都市：住
RPXNNLTLPHKFFAH17EA,中路段,3.12,都市：住
RPXOMLLJMHKFFCH48CA,三洽水段,47.25,非都市：山坡地保育區 ; 非都市編定：遊憩用地
RPXNMLLMLHKFFCH58CA,三層段阿姆坪小段,9.35,都市：其他
RPVOMLLMLHKFFCH48CA,三元段,36.05,非都市：鄉村區 ; 非都市編定：乙種建築用地
RPOOMLLMLHKFFCH77CA,三層段阿姆坪小段,9.35,都市：其他
RPVNMLSJMHKFFCH88CA,埔頂段,.69,都市：其他
RPVNMLSJMHKFFCH88CA,埔頂段,.15,都市：其他
RPVNMLSJMHKFFCH88CA,埔頂段,.41,都市：其他
RPVNMLSJMHKFFCH88CA,埔頂段,.16,都市：其他
RPVNMLSJMHKFFCH88CA,仁武段,64.24,都市：住
RPROMLRLLHKFFCH58CA,大成段,63.07,都市：住
RPVOMLLJMHKFFCH28CA,湖底段,26.86,都市：住
RPUPNLRLMHKFFAH98CA,大樹林段,157.50,都市：其他
RPUPNLRLMHKFFAH98CA,大樹林段,176.25,都市：其他
RPUPNLRLMHKFFAH98CA,大樹林段,315.50,都市：其他
RPUPNLRLMHKFFAH98CA,大樹林段,27.04,都市：其他
RPQNMLKMLHKFFCH77CA,大平段,183.04,都市：農
RPRPMLKMLHKFFCH08CA,竹窩子段,101.00,非都市：鄉村區 ; 非都市編定：乙種建築用地
RPQPMLLMLHKFFDH18CA,高上段,101.31,非都市：特定農業區 ; 非都市編定：甲種建築用地
RPQPMLLMLHKFFDH18CA,高上段,12.03,非都市：特定農業區 ; 非都市編定：甲種建築用地
RPQPMLLMLHKFFDH18CA,高上段,.83,非都市：特定農業區 ; 非都市編定：甲種建築用地
RPQPMLLMLHKFFDH18CA,高上段,5.66,非都市：特定農業區 ; 非都市編定：甲種建築用地
RPQPMLLMLHKFFDH18CA,高上段,4.06,非都市：特定農業區 ; 非都市編定：農牧用地
RPVOMLLMLHKFFDH58CA,高上段,95.29,非都市：特定農業區 ; 非都市編定：甲種建築用地
RPVOMLLMLHKFFDH58CA,高上段,12.03,非都市：特定農業區 ; 非都市編定：甲種建築用地
RPVOMLLMLHKFFDH58CA,高上段,.83,非都市：特定農業區 ; 非都市編定：甲種建築用地
RPVOMLLMLHKFFDH58CA,高上段,5.66,非都市：特定農業區 ; 非都市編定：甲種建築用地
RPVOMLLMLHKFFDH58CA,高上段,4.06,非都市：特定農業區 ; 非都市編定：農牧用地
RPSNMLKKMHKFFCH87CA,八張犁段,65.00,非都市：鄉村區 ; 非都市編定：乙種建築用地
RPVNMLKMLHKFFCH28CA,番子寮段,3663.00,非都市：一般農業區 ; 非都市編定：農牧用地
RPWNMLLKNHKFFCH48CA,四方林段四方林小段,209.72,非都市：一般農業區 ; 非都市編定：甲種建築用地
RPRNMLKMLHKFFCH87CA,民豐段,16.62,非都市：鄉村區 ; 非都市編定：乙種建築用地
RPVOMLKMLHKFFCH38CA,潛龍段,1.07,非都市：鄉村區 ; 非都市編定：乙種建築用地
RPUOMLNKMHKFFDH58CA,高上段,116.31,非都市：特定農業區 ; 非都市編定：甲種建築用地
RPUOMLNKMHKFFDH58CA,高上段,12.03,非都市：特定農業區 ; 非都市編定：甲種建築用地
RPUOMLNKMHKFFDH58CA,高上段,.83,非都市：特定農業區 ; 非都市編定：甲種建築用地
RPUOMLNKMHKFFDH58CA,高上段,5.66,非都市：特定農業區 ; 非都市編定：甲種建築用地
RPUOMLNKMHKFFDH58CA,高上段,4.06,非都市：特定農業區 ; 非都市編定：農牧用地
RPQNMLTLLHKFFDH68CA,草湳坡段草湳坡小段,260.00,都市：工
RPQNMLTLLHKFFDH68CA,草湳坡段草湳坡小段,39.26,都市：工
RPPNMLLKMHKFFDH77CA,草湳坡段埔心小段,16.43,都市：住
RPTPMLSJMHKFFDH98CA,楊富段,1440.00,非都市：特定農業區 ; 非都市編定：農牧用地
RPPNMLNKMHKFFDH97CA,草湳坡段草湳坡小段,15.47,都市：其他
RPSOMLQKMHKFFDH68CA,大金山下段大金山下小段,16.98,都市：住
RPTNMLKLMHKFFBH97CA,大華段,4.00,都市：住
RPTNMLKLMHKFFBH97CA,大華段,227.00,都市：住
RPTNMLKLMHKFFBH97CA,大華段,4.00,都市：住
RPROMLQKMHKFFDH58CA,大金山下段大金山下小段,23.58,都市：住
RPOPMLRKMHKFFBH28CA,東寮段,17.22,都市：商
RPTPMLRKMHKFFBH78CA,東寮段,17.22,都市：商
RPRPMLRKMHKFFBH58CA,東寮段,16.95,都市：商
RPQPMLRKMHKFFBH48CA,東寮段,19.16,都市：商
RPTNMLOKMHKFFBH28CA,三座屋段三座屋小段,22.66,都市：住
RPRPMLSJMHKFFBH58CA,復興段,19.40,都市：住
RPPQMLSJMHKFFBH48CA,忠孝段,15.80,都市：住
RPVRMLOLMHKFFBH98CA,草新段,45.00,都市：住
RPVRMLOLMHKFFBH98CA,草新段,32.99,都市：住
RPUNMLNLMHKFFBH38CA,培英段,24.51,都市：住
RPUOMLNLMHKFFBH48CA,仁美段,48.00,都市：住
RPUOMLNLMHKFFBH48CA,仁美段,5.00,都市：其他
RPVPMLPKMHKFFDH98CA,草湳坡段埔心小段,15.63,都市：住
RPRNMLMLMHKFFBH97CA,華興段,65.85,都市：住
RPUNMLPKMHKFFBH48CA,廣青段,95.96,都市：農
RPUNMLPKMHKFFBH48CA,廣青段,284.00,都市：農
RPUNMLPKMHKFFBH48CA,廣青段,580.03,都市：農
RPUNMLPKMHKFFBH48CA,廣青段,10.44,都市：農
RPRNMLOJNHKFFBH08CA,青溪段,39.64,都市：住
RPWPMLSJMHKFFDH66CA,草湳坡段埔心小段,13.68,都市：住
RPQNMLLLMHKFFDH97CA,中正段,7460.29,都市：農
RPPOMLMLMHKFFDH08CA,二重溪段,20.62,都市：住
RPQRMLSLMHKFFBH88CA,中壢埔頂段,81.00,都市：住
RPOOMLSJMHKFFDH38CA,啟文段,54.40,非都市：特定農業區 ; 非都市編定：甲種建築用地
RPSOMLSJMHKFFDH78CA,草湳坡段埔心小段,4.06,都市：住
RPSOMLSJMHKFFDH78CA,草湳坡段埔心小段,105.73,都市：住
RPXNMLNKMHKFFDH78CA,高榮段,60.30,非都市：一般農業區 ; 非都市編定：甲種建築用地
RPXNMLNKMHKFFDH78CA,高榮段,177.43,非都市：一般農業區 ; 非都市編定：甲種建築用地
RPXNMLNKMHKFFDH78CA,高榮段,15.82,非都市：一般農業區 ; 非都市編定：甲種建築用地
RPXNMLNKMHKFFDH78CA,高榮段,700.07,非都市：一般農業區 ; 非都市編定：甲種建築用地
RPXNMLNKMHKFFDH78CA,高榮段,.68,非都市：一般農業區 ; 非都市編定：甲種建築用地
RPXNMLNKMHKFFDH78CA,高榮段,20.16,非都市：特定農業區 ; 非都市編定：農牧用地
RPXNMLNKMHKFFDH78CA,高榮段,35.41,非都市：一般農業區 ; 非都市編定：水利用地
RPQNMLQKMHKFFDH38CA,下田心子段員笨小段,1050.00,非都市：特定農業區 ; 非都市編定：農牧用地
RPTOMLSJMHKFFDH88CA,草湳坡段埔心小段,3.80,都市：住
RPTOMLSJMHKFFDH88CA,草湳坡段埔心小段,98.90,都市：住
RPWOMLPKMHKFFDH98CA,崁頭厝段下庄子小段,74.00,非都市：鄉村區 ; 非都市編定：乙種建築用地
RPUPMLKMLHKFFCH38CA,健行段,89.03,非都市：一般農業區 ; 非都市編定：甲種建築用地
RPROMLSJMHKFFDH68CA,草湳坡段埔心小段,44.64,都市：住
RPROMLSJMHKFFDH68CA,草湳坡段埔心小段,44.64,都市：住
RPWPMLRJMHKFFDH56CA,四湖段,273.80,非都市：特定農業區 ; 非都市編定：農牧用地
RPROMLTJMHKFFCH68CA,角板段,6465.00,非都市：山坡地保育區 ; 非都市編定：林業用地
RPVNMLTJMHKFFCH98CA,田心子段下田心子小段,24.75,都市：住
RPPOMLTJMHKFFCH48CA,拉號段,157.00,都市：其他
RPUNMLKKMHKFFDH18CA,高洲段,16.11,都市：住
RPWNMLKMLHKFFDH48CA,幼獅段,59.17,都市：農
RPTNMLTJMHKFFCH78CA,北興段,14.15,非都市：鄉村區 ; 非都市編定：乙種建築用地
RPWNMLMJMHKFFDH48CA,二重溪段,35.00,都市：其他
RPQOMLSJMHKFFCH48CA,埔頂段,.52,都市：其他
RPQOMLSJMHKFFCH48CA,埔頂段,.11,都市：其他
RPQOMLSJMHKFFCH48CA,埔頂段,.31,都市：其他
RPQOMLSJMHKFFCH48CA,埔頂段,.12,都市：其他
RPQOMLSJMHKFFCH48CA,仁武段,48.41,都市：住
RPPOMLSJMHKFFCH38CA,埔頂段,.52,都市：其他
RPPOMLSJMHKFFCH38CA,埔頂段,.11,都市：其他
RPPOMLSJMHKFFCH38CA,埔頂段,.31,都市：其他
RPPOMLSJMHKFFCH38CA,埔頂段,.12,都市：其他
RPPOMLSJMHKFFCH38CA,仁武段,48.41,都市：住
RPROMLSJMHKFFCH58CA,埔頂段,.32,都市：其他
RPROMLSJMHKFFCH58CA,埔頂段,.07,都市：其他
RPROMLSJMHKFFCH58CA,埔頂段,.19,都市：其他
RPROMLSJMHKFFCH58CA,埔頂段,.07,都市：其他
RPROMLSJMHKFFCH58CA,仁武段,29.76,都市：住
RPSOMLSJMHKFFCH68CA,埔頂段,.52,都市：其他
RPSOMLSJMHKFFCH68CA,埔頂段,.11,都市：其他
RPSOMLSJMHKFFCH68CA,埔頂段,.31,都市：其他
RPSOMLSJMHKFFCH68CA,埔頂段,.12,都市：其他
RPSOMLSJMHKFFCH68CA,仁武段,48.41,都市：住
SPSOMLSJMHKFFCH78CA,埔頂段,.32,都市：其他
SPSOMLSJMHKFFCH78CA,埔頂段,.07,都市：其他
SPSOMLSJMHKFFCH78CA,埔頂段,.19,都市：其他
SPSOMLSJMHKFFCH78CA,埔頂段,.07,都市：其他
SPSOMLSJMHKFFCH78CA,仁武段,29.76,都市：住
RPUOMLNLMHKFFDH68CA,大金山下段大金山下小段,26.52,都市：住
RPTNMLOLMHKFFDH58CA,楊梅段,47.00,都市：商
RPTNMLOLMHKFFDH58CA,楊梅段,54.00,都市：商
RPTNMLOLMHKFFDH58CA,楊梅段,54.00,都市：商
RPTNMLOLMHKFFDH58CA,楊梅段,53.00,都市：商
RPTNMLOLMHKFFDH58CA,楊梅段,8.00,都市：其他
RPTNMLOLMHKFFDH58CA,楊梅段,1.00,都市：其他
RPRQMLKMLHKFFBH08CA,復興段,36.06,都市：住
RPOQMLLJMHKFFBH67CA,新張段,60.19,都市：住
RPVNMLRJMHKFFBH68CA,三座屋段三座屋小段,8.91,都市：住
RPVNMLRJMHKFFBH68CA,三座屋段舊社小段,5.96,都市：住
RPSPMLMJMHKFFBH08CA,成功段,58.00,都市：住
RPXNMLRKPHKFFCH76CA,仁武段,48.04,都市：住
RPXNMLRKPHKFFCH76CA,埔頂段,.52,都市：其他
RPXNMLRKPHKFFCH76CA,埔頂段,.11,都市：其他
RPXNMLRKPHKFFCH76CA,埔頂段,.30,都市：其他
RPXNMLRKPHKFFCH76CA,埔頂段,.12,都市：其他
RPWNMLRJMHKFFBH78CA,三座屋段三座屋小段,14.14,都市：住
RPWNMLRJMHKFFBH78CA,三座屋段舊社小段,9.45,都市：住
RPVPMLMJMHKFFBH38CA,三民段,118.00,都市：農
RPSTMLKMLHKFFBH48CA,大華段,61.41,都市：農
RPOOMLMJMHKFFBH57CA,榮南段,67.64,都市：住
RPTNMLMJMHKFFBH97CA,前寮段,58.20,都市：住
RPTNMLMJMHKFFBH97CA,前寮段,18.00,都市：其他
RPTNMLMJMHKFFBH97CA,前寮段,1.00,都市：住
RPTSMLKMLHKFFBH48CA,富強段,5.04,都市：住
RPQPMLPJNHKFFCH38CA,成功段,3431.45,非都市：特定農業區 ; 非都市編定：農牧用地
RPQPMLPJNHKFFCH38CA,成功段,3431.61,非都市：特定農業區 ; 非都市編定：農牧用地
RPQPMLPJNHKFFCH38CA,成功段,3251.85,非都市：特定農業區 ; 非都市編定：農牧用地
RPPSMLLJMHKFFAH87CA,慈文段,40.50,都市：住
RPPSMLLJMHKFFAH87CA,慈文段,40.50,都市：住
RPQPMLLJMHKFFBH77CA,前寮段,12.58,都市：住
RPQPMLLJMHKFFBH77CA,前寮段,14.87,都市：住
RPOQMLLJMHKFFAH57CA,樂善段,33.25,都市：住
RPPNMLLJMHKFFBH47CA,青溪段,5355.08,都市：住
RPSPMLLMLHKFFBH18CA,中壢埔頂段,73.00,都市：住
RPQQMLLMLHKFFBH08CA,復興段,19.08,都市：住
RPRQMLLMLHKFFBH18CA,後寮段,8.14,都市：住
RPRQMLKKMHKFFAH87CA,中埔段,12.16,都市：住
RPSNMLPKMHKFFBH28CA,青溪段,41.59,都市：住
RPPPMLKKMHKFFAH57CA,國聖段,11.21,都市：住
RPVOMLLMLHKFFAH28CA,興華段,15.19,都市：商
RPOQMLKMLHKFFAH67CA,中路三段,1227.95,都市：住
RPXNMLMLMHKFFAH48CA,龍壽段,26.98,都市：工
RPTOMLKMLHKFFAH97CA,明興段,15.62,都市：住
RPTNMLLMLHKFFEH48DA,大園段,37.67,都市：其他
RPWRMLSLMHKFFBH96DA,仁祥段,72.43,都市：住
RPROMLNLMHKFFAH08CA,富國段,.00,都市：住
RPROMLNLMHKFFAH08CA,富國段,.79,都市：住
RPTOMLNLMHKFFAH28CA,埔子段北門埔子小段,18.33,都市：其他
RPTOMLNLMHKFFAH28CA,埔子段北門埔子小段,6.33,都市：其他
RPTOMLNLMHKFFAH28CA,埔子段北門埔子小段,2.80,都市：其他
RPTOMLNLMHKFFAH28CA,埔子段北門埔子小段,9.00,都市：其他
RPTOMLNLMHKFFAH28CA,埔子段北門埔子小段,64.96,都市：其他
RPTOMLNLMHKFFAH28CA,埔子段北門埔子小段,25.00,都市：其他
RPTOMLNLMHKFFAH28CA,埔子段北門埔子小段,2.17,都市：其他
RPTOMLNLMHKFFAH28CA,埔子段北門埔子小段,11.73,都市：其他
RPTOMLNLMHKFFAH28CA,埔子段北門埔子小段,5.25,都市：其他
RPTOMLNLMHKFFAH28CA,埔子段北門埔子小段,93.33,都市：其他
RPTOMLNLMHKFFAH28CA,埔子段北門埔子小段,20.67,都市：其他
RPTOMLNLMHKFFAH28CA,埔子段北門埔子小段,759.00,都市：商
RPTOMLNLMHKFFAH28CA,西門段,18.38,都市：其他
RPTOMLNLMHKFFAH28CA,西門段,7.76,都市：其他
RPPOMLRKMHKFFDH58DA,新洲段,122.81,都市：住
RPTNMLRLMHKFFBH78DA,健行段,13.00,都市：住
RPOPMLQKMHKFFAH08CA,中路三段,77.73,都市：住
RPTNMLKLMHKFFDH28DA,新洲段,120.04,都市：住
RPOOMLMJMHKFFEH08EA,沙崙段沙崙小段,1393.00,非都市：一般農業區 ; 非都市編定：農牧用地
RPRNMLNLMHKFFGH78EA,廣南段,4.44,都市：商
RPUNMLPKMHKFFDH88EA,新生段,456.00,都市：商
RPUNMLPKMHKFFDH88EA,新生段,40.00,都市：商
RPRNMLLMLHKFFDH28EA,草湳坡段埔心小段,23.58,都市：住
RPROMLSLMHKFFDH98DA,二重溪段,16.11,非都市：山坡地保育區 ; 非都市編定：丙種建築用地
RPROMLSLMHKFFDH98DA,二重溪段,16.49,非都市：山坡地保育區 ; 非都市編定：丙種建築用地
RPPQMLPKMHKFFAH18CA,幸褔段,11.39,非都市：鄉村區 ; 非都市編定：乙種建築用地
RPPQMLPKMHKFFAH18CA,幸褔段,4.47,非都市：鄉村區 ; 非都市編定：乙種建築用地
RPUNMLSJMHKFFCH98EA,廣福段,17.46,非都市：鄉村區 ; 非都市編定：乙種建築用地
RPUNMLSJMHKFFCH98EA,廣福段,19.42,非都市：鄉村區 ; 非都市編定：乙種建築用地
RPPNMLOKMHKFFBH08EA,廣福段,162.50,非都市：特定農業區 ; 非都市編定：甲種建築用地
RPQPMLLLMHKFFGH48CA,金星段,140.14,都市：住
RPUQMLLMLHKFFAH48DA,慈文段,17.46,都市：住
RPVQMLLMLHKFFAH58DA,埔子段埔子小段,22.79,都市：住
RPRNMLNJMHKFFAH87DA,西門段,56.99,都市：住
RPTNMLNJMHKFFAH08DA,埔子段埔子小段,24.23,都市：住
RPQNMLPKMHKFFAH97CA,埔子段埔子小段,19.71,都市：住
RPPOMLPKMHKFFGH58CA,中庸段,84.81,都市：住
RPQNMLSKMHKFFGH88CA,福林段,30.91,非都市：一般農業區 ; 非都市編定：甲種建築用地
RPQNMLSKMHKFFGH88CA,福林段,1.42,非都市：一般農業區 ; 非都市編定：農牧用地
RPSOMLPKMHKFFGH88CA,平鎮段,78.08,都市：住
RPXOMLRJMHKFFGH86CA,北興段,56.22,都市：住
RPXOMLRJMHKFFGH86CA,北興段,3.33,都市：住
RPOOMLKKMHKFFGH97CA,新光段,183.84,非都市：特定農業區 ; 非都市編定：水利用地
RPPOMLKKMHKFFGH08CA,新光段,116.05,非都市：特定農業區 ; 非都市編定：水利用地
RPUNMLTJMHKFFGH66CA,平安段,25.54,都市：農
RPROMLLMLHKFFGH48CA,廣北段,98.75,都市：住
RPROMLLMLHKFFGH48CA,廣北段,7.75,都市：住
RPSOMLLMLHKFFGH58CA,廣北段,4.75,都市：住
RPSOMLLMLHKFFGH58CA,廣北段,3.75,都市：住
RPPOMLOJNHKFFFH58EA,高明段,62.93,都市：住
RPTOMLRLNHKFFFH86EA,大和段,9.99,都市：住
RPQNMLMKMHKFFGH28CA,廣仁段,12.84,都市：住
RPQNMLMKMHKFFGH28CA,廣仁段,65.87,都市：住
RPPNMLQJMHKFFGH48CA,建安段,1638.62,非都市：特定農業區 ; 非都市編定：農牧用地
RPPNMLQJMHKFFGH48CA,建安段,208.69,非都市：特定農業區 ; 非都市編定：農牧用地
RPPOMLTJMHKFFFH78CA,豐田段,35.90,都市：住
RPXNMLTJMHKFFFH86CA,豐田段,60.13,都市：住
RPOOMLTJMHKFFFH68CA,豐田段,35.90,都市：住
RPXNMLSJMHKFFFH76CA,溪尾段,7.61,非都市：特定農業區 ; 非都市編定：甲種建築用地
RPXNMLSJMHKFFFH76CA,溪尾段,75.47,非都市：特定農業區 ; 非都市編定：甲種建築用地
RPXNMLSJMHKFFFH76CA,溪尾段,6.70,非都市：特定農業區 ; 非都市編定：甲種建築用地
RPVNMLOLMHKFFGH09CA,平鎮段,9.98,都市：住
RPVNMLSJMHKFFFH56CA,興豐段,7.15,都市：住
RPVNMLSJMHKFFFH56CA,興豐段,15.56,都市：其他
RPQOMLTJMHKFFFH88CA,豐田段,35.00,都市：住
RPPOMLMJMHKFFFH08CA,大明段,332.32,非都市：特定農業區 ; 非都市編定：水利用地
RPTOMLSJMHKFFFH09CA,高城段,15.49,都市：其他
RPSNMLMJMHKFFFH28CA,瑞豐段,21.51,非都市：鄉村區 ; 非都市編定：乙種建築用地
RPSOMLTJMHKFFFH09CA,豐田段,42.18,都市：住
RPQNMLRJMHKFFGH68CA,廣北段,96.00,都市：住
RPTOMLTJMHKFFFH56CA,豐田段,42.18,都市：住
RPROMLTJMHKFFFH98CA,豐田段,26.92,都市：住
RPVOMLTJMHKFFFH76CA,豐田段,35.90,都市：住
RPUOMLTJMHKFFFH66CA,豐田段,35.90,都市：住
RPXNMLOKMHKFFFH09CA,榮興段,90.16,非都市：特定農業區 ; 非都市編定：甲種建築用地
RPWNMLPKMHKFFFH09CA,大發段,43.97,非都市：鄉村區 ; 非都市編定：乙種建築用地
RPWNMLPKMHKFFFH09CA,大發段,49.30,非都市：鄉村區 ; 非都市編定：乙種建築用地
RPWNMLPKMHKFFFH09CA,大發段,14.20,非都市：鄉村區 ; 非都市編定：乙種建築用地
RPWNMLPKMHKFFFH09CA,大發段,20.84,非都市：鄉村區 ; 非都市編定：乙種建築用地
RPWNMLPKMHKFFFH09CA,大發段,35.33,非都市：鄉村區 ; 非都市編定：乙種建築用地
RPWNMLPKMHKFFFH09CA,大發段,45.63,非都市：特定農業區 ; 非都市編定：甲種建築用地
RPWNMLPKMHKFFFH09CA,大發段,132.07,非都市：鄉村區 ; 非都市編定：乙種建築用地
RPUNMLSJMHKFFEH98CA,南青段,1006.03,都市：農
RPVNMLLJMHKFFEH38CA,富興段,74.57,都市：農
RPQNMLRJMHKFFEH48CA,竹圍段田寮小段,25.80,非都市：一般農業區 ; 非都市編定：甲種建築用地
RPXNMLRJMHKFFEH56CA,河底段,10.92,都市：商
RPTNMLKKMHKFFFH28CA,興豐段,37.03,都市：住
RPTNMLKKMHKFFFH28CA,興豐段,88.78,都市：住
RPPNMLSJMHKFFEH48CA,南華段,3.50,都市：商
RPPNMLSJMHKFFEH48CA,南華段,2.07,都市：商
RPPNMLSJMHKFFEH48CA,南華段,2.22,都市：商
RPPNMLSJMHKFFEH48CA,南華段,2.24,都市：商
RPPNMLSJMHKFFEH48CA,南華段,.77,都市：商
RPQOMLRJPHKFFGH09CA,湧安段,92.30,都市：住
RPPPMLLJMHKFFEH97CA,河底段,16.93,都市：住
RPXNMLLJMHKFFEH58CA,羊稠段,21.55,都市：住
RPSOMLRKMHKFFEH88CA,河底段,19.65,都市：住
RPTNMLRLMHKFFEH98CA,青峰段,35.07,都市：住
RPQNMLKLMHKFFEH97CA,坑子口段海湖小段,54.60,非都市：一般農業區 ; 非都市編定：甲種建築用地
RPQNMLKLMHKFFEH97CA,坑子口段海湖小段,99.00,非都市：一般農業區 ; 非都市編定：甲種建築用地
RPROMLLMLHKFFEH28CA,竹圍段拔子林小段,56.00,都市：住
RPROMLLMLHKFFEH28CA,竹圍段拔子林小段,10.00,都市：其他
RPUOMLMJMHKFFEH48CA,坑子口段海湖小段,152.00,非都市：一般農業區 ; 非都市編定：甲種建築用地
RPQNMLLJMHKFFEH87CA,埔心段埔心小段,48.00,非都市：特定農業區 ; 非都市編定：甲種建築用地
RPRNMLRJMHKFFEH58CA,六福段,.09,都市：住
RPPOMLLMLHKFFEH08CA,竹圍段拔子林小段,52.36,都市：住
RPTNMLMJMHKFFEH28CA,青峰段,36.73,都市：住
RPVNMLMJMHKFFEH48CA,青峰段,36.73,都市：住
RPRNMLMJMHKFFEH08CA,青峰段,36.73,都市：住
RPSNMLRJMHKFFEH68CA,六福段,.05,都市：住
RPVNMLRLMHKFFEH56CA,青峰段,43.46,都市：住
RPOOMLRLMHKFFEH58CA,青峰段,35.39,都市：住
RPXNMLRLMHKFFEH76CA,青峰段,26.39,都市：住
RPWNMLRLMHKFFEH66CA,青峰段,44.70,都市：住
RPQNMLSLMHKFFEH78CA,大竹圍段,67.10,非都市： ; 非都市編定：
RPTOMLKLMHKFFEH38CA,文新段,378.56,非都市：特定農業區 ; 非都市編定：農牧用地
RPTOMLKLMHKFFEH38CA,文新段,147.13,非都市：特定農業區 ; 非都市編定：農牧用地
RPTOMLKLMHKFFEH38CA,文新段,918.42,非都市：特定農業區 ; 非都市編定：農牧用地
RPTOMLOLMHKFFEH78CA,大竹圍段,141.36,都市：住
RPVOMLLMLHKFFGH88CA,東北段,53.73,都市：住
RPVOMLLMLHKFFGH88CA,東北段,13.90,都市：其他
RPTNMLRKMHKFFEH88CA,新庄子段,25.94,非都市：特定農業區 ; 非都市編定：甲種建築用地
RPPPMLTJMHKFFFH88CA,高城段,8.55,都市：住
RPSOMLKKMHKFFGH38CA,新光段,38.68,非都市：特定農業區 ; 非都市編定：水利用地
RPROMLKKMHKFFGH28CA,新光段,58.02,非都市：特定農業區 ; 非都市編定：水利用地
RPUOMLKKMHKFFGH58CA,新光段,38.68,非都市：特定農業區 ; 非都市編定：水利用地
RPQNMLPKMHKFFEH38CA,青峰段,72.82,都市：住
RPWNMLLJMHKFFGH68CA,興湧段,13.82,都市：商
RPWNMLLJMHKFFGH68CA,興湧段,4.35,都市：其他
RPROMLLJMHKFFGH28CA,鎮安段,401.10,都市：農
RPROMLLJMHKFFGH28CA,鎮安段,515.28,都市：農
RPROMLLJMHKFFGH28CA,鎮安段,134.45,都市：農
RPXNMLKKMHKFFGH78CA,新光段,92.54,非都市：特定農業區 ; 非都市編定：水利用地
RPVOMLKKMHKFFGH68CA,新光段,38.68,非都市：特定農業區 ; 非都市編定：水利用地
RPXOMLKKMHKFFGH88CA,新光段,19.81,非都市：特定農業區 ; 非都市編定：水利用地
RPXOMLKKMHKFFGH88CA,新光段,31.74,非都市：特定農業區 ; 非都市編定：水利用地
RPXNMLLJMHKFFGH78CA,東安段,13.99,都市：住
RPXNMLLJMHKFFGH78CA,東安段,.25,都市：住
RPTNMLLJMHKFFGH38CA,廣南段,23.20,都市：住
RPRNMLMJMHKFFGH28CA,東豐段,151.95,都市：住
RPRNMLMJMHKFFGH28CA,東豐段,9.78,都市：住
RPRNMLMJMHKFFGH28CA,東豐段,13.73,都市：其他
RPQQMLLJMHKFFAH87DA,興華段,5.03,都市：商
RPSNMLNJMHKFFAH97DA,雲林段,18.98,都市：住
RPUOMLMJMHKFFAH18DA,同安段,19.20,都市：住
RPTOMLMJMHKFFAH08DA,桃園段武陵小段,3.56,都市：商
RPSQMLKKMHKFFAH08DA,三元段,39.90,都市：住
RPXNMLOLMHKFFGH66CA,平鎮段,14.14,都市：住
RPTNMLLLMHKFFGH58CA,廣豐段,32.80,都市：住
RPSNMLTJMHKFFCH88EA,水流東段,509.54,非都市：山坡地保育區 ; 非都市編定：農牧用地
RPPNMLNLMHKFFEH18CA,竹圍段崁下小段,244.00,都市：其他
RPPNMLNLMHKFFEH18CA,竹圍段崁下小段,23.00,都市：其他
RPPNMLNLMHKFFEH18CA,竹圍段崁下小段,87.00,都市：其他
RPPNMLNLMHKFFEH18CA,竹圍段崁下小段,21.00,都市：其他
RPPNMLNLMHKFFEH18CA,竹圍段崁下小段,14.00,都市：其他
RPPNMLNLMHKFFEH18CA,竹圍段崁下小段,4.00,都市：其他
RPQNMLMJMHKFFAH67DA,富國段,10.97,都市：住
RPWNMLMLMHKFFGH98CA,義民段,14.74,都市：其他
RPWNMLMLMHKFFGH98CA,義民段,47.62,都市：其他
RPWNMLMLMHKFFGH98CA,義民段,21.56,都市：其他
RPPNMLMJMHKFFDH97EA,甡甡段,155.71,都市：住
RPVOMLNLMHKFFEH88CA,埔心段埔心小段,64.00,非都市：鄉村區 ; 非都市編定：乙種建築用地
RPPOMLPKMHKFFDH38DA,楊梅段,35.00,都市：其他
RPTNMLTJMHKFFDH09EA,二重溪段,79.00,都市：住
RPSOMLLJMHKFFEH28DA,水尾段,462.66,都市：工
RPPOMLLJMHKFFEH08EA,北園段,51.44,都市：商
RPSPMLMJMHKFFEH48DA,河底段,18.34,都市：住
RPWNMLSJMHKFFCH09DA,上華段,91.98,非都市：一般農業區 ; 非都市編定：甲種建築用地
RPWNMLSJMHKFFCH09DA,上華段,116.18,非都市：一般農業區 ; 非都市編定：農牧用地
RPWOMLLJMHKFFBH38DA,石頭段,116.00,都市：商
RPRNMLSJMHKFFFH88DA,大華段,47.24,都市：住
RPRNMLSJMHKFFFH88DA,大興段,4.50,都市：其他
RPRNMLOKMHKFFGH78EA,新榮段,25.15,都市：住
RPRNMLOKMHKFFGH78EA,新榮段,.30,都市：住
RPRNMLOKMHKFFGH78EA,新榮段,.13,都市：住
RPSSMLLJMHKFFAH38EA,蔗園段,156.67,都市：工
RPSSMLLJMHKFFAH38EA,蔗園段,72.63,都市：工
RPUPMLLJMHKFFAH28EA,忠義段,14.90,都市：住
RPTSMLLJMHKFFAH48EA,中路段,7.85,都市：住
RPTSMLLJMHKFFAH48EA,中路段,2.29,都市：住
RPTNMLRJMHKFFEH88DA,河底段,28.82,都市：住
RPSQMLQKMHKFFAH58CA,大興段,10.19,都市：住
RPSOMLNLMHKFFAH18CA,中路三段,.00,都市：住
RPSOMLNLMHKFFAH18CA,中路三段,.53,都市：住
RPRPMLOKMHKFFAH18CA,壽山段,20.90,都市：住
RPVNMLRJMHKFFEH09DA,新庄子段,95.17,非都市：特定農業區 ; 非都市編定：甲種建築用地
RPVNMLRJMHKFFEH09DA,新庄子段,33.17,非都市：特定農業區 ; 非都市編定：農牧用地
RPVPMLPKMHKFFAH68CA,寶山段,25.19,都市：住
RPUOMLNLMHKFFAH38CA,新埔段,8.70,都市：住
RPROMLKMMHKFFEH48EA,六福段,3.31,都市：住
RPUPMLNLMHKFFAH48CA,煉油段,54.86,都市：工
RPOPMLNKMHKFFAH77CA,福元段,17.72,都市：住
RPSNMLLJNHKFFGH38CA,新富段,10.60,都市：住
RPQNMLLJNHKFFGH18CA,平鎮段,17.59,都市：住
RPRQMLLMLHKFFAH08CA,兔子坑段大湖頂小段,41.86,非都市：山坡地保育區 ; 非都市編定：農牧用地
RPQNMLMKMHKFFAH67CA,龍祥段,.02,都市：住
RPSQMLLMLHKFFAH18CA,西門段,53.50,都市：住
RPPPMLRJMHKFFAH18CA,大有段,24.46,都市：住
RPQPMLKKMHKFFAH67CA,龍安段,15.73,都市：住
RPRRMLLJMHKFFAH97CA,富國段,30.38,都市：住
RPSOMLLJMHKFFBH87CA,遠東段,7.04,都市：住
RPUNMLMJMHKFFAH97CA,江南段,19.57,都市：住
RPVRMLLJMHKFFAH38CA,埔子段埔子小段,26.48,都市：住
RPTNMLTJMHKFFAH58CA,埔子段埔子小段,20.25,都市：住
RPTNMLTJMHKFFAH58CA,埔子段埔子小段,.62,都市：住
RPXOMLRJMHKFFBH98CA,工業區段二小段,83.00,非都市：工業區 ; 非都市編定：丁種建築用地
RPQNMLNJMHKFFAH67CA,忠義段,8.89,都市：住
RPSQMLNKMHKFFAH28CA,大樹林段,202.00,都市：住
RPWOMLSJMHKFFCH09CA,埔頂段,.69,都市：其他
RPWOMLSJMHKFFCH09CA,埔頂段,.15,都市：其他
RPWOMLSJMHKFFCH09CA,埔頂段,.41,都市：其他
RPWOMLSJMHKFFCH09CA,埔頂段,.16,都市：其他
RPWOMLSJMHKFFCH09CA,仁武段,64.24,都市：住
RPUNMLTJMHKFFCH88CA,上華段,135.42,非都市：一般農業區 ; 非都市編定：甲種建築用地
RPRNMLMJMHKFFCH87CA,中庄段中庄小段,421.50,非都市：特定農業區 ; 非都市編定：農牧用地
RPRNMLMJMHKFFCH87CA,中庄段中庄小段,421.50,非都市：特定農業區 ; 非都市編定：農牧用地
RPRNMLMJMHKFFCH87CA,中庄段中庄小段,421.50,非都市：特定農業區 ; 非都市編定：農牧用地
RPRNMLMJMHKFFCH87CA,中庄段中庄小段,421.50,非都市：特定農業區 ; 非都市編定：農牧用地
RPRNMLMJMHKFFCH87CA,中庄段中庄小段,421.50,非都市：特定農業區 ; 非都市編定：農牧用地
RPRNMLMJMHKFFCH87CA,中庄段中庄小段,421.50,非都市：特定農業區 ; 非都市編定：農牧用地
RPTNMLMJMHKFFCH08CA,中庄段中庄小段,171.37,非都市：特定農業區 ; 非都市編定：農牧用地
RPTNMLMJMHKFFCH08CA,中庄段中庄小段,139.09,非都市：特定農業區 ; 非都市編定：農牧用地
RPTNMLMJMHKFFCH08CA,中庄段中庄小段,23.26,非都市：特定農業區 ; 非都市編定：農牧用地
RPTNMLMJMHKFFCH08CA,中庄段中庄小段,23.26,非都市：特定農業區 ; 非都市編定：農牧用地
RPTNMLMJMHKFFCH08CA,中庄段中庄小段,23.26,非都市：特定農業區 ; 非都市編定：農牧用地
RPTNMLMJMHKFFCH08CA,中庄段中庄小段,23.26,非都市：特定農業區 ; 非都市編定：農牧用地
RPTNMLMJMHKFFCH08CA,中庄段中庄小段,23.26,非都市：特定農業區 ; 非都市編定：農牧用地
RPTNMLMJMHKFFCH08CA,中庄段中庄小段,23.26,非都市：特定農業區 ; 非都市編定：農牧用地
RPVNMLNJMHKFFCH38CA,龍興段,4.56,都市：商
RPVNMLNJMHKFFCH38CA,龍興段,13.36,都市：商
RPOOMLRKPHKFFCH58CA,仁武段,64.61,都市：住
RPOOMLRKPHKFFCH58CA,埔頂段,.70,都市：其他
RPOOMLRKPHKFFCH58CA,埔頂段,.15,都市：其他
RPOOMLRKPHKFFCH58CA,埔頂段,.41,都市：其他
RPOOMLRKPHKFFCH58CA,埔頂段,.16,都市：其他
RPVOMLMJMHKFFCH38CA,埔頂段,60.00,非都市：特定農業區 ; 非都市編定：甲種建築用地
RPWNMLLMLHKFFCH48CA,仁善段,407.49,都市：住
RPPNMLLJMHKFFCH57CA,田心子段上田心子小段,14.10,都市：住
RPRNMLMLMHKFFCH08CA,新溪洲段,1635.00,非都市：風景區 ; 非都市編定：農牧用地
RPRNMLMLMHKFFCH08CA,新溪洲段,931.00,非都市：風景區 ; 非都市編定：農牧用地
RPRNMLMLMHKFFCH08CA,新溪洲段,271.00,非都市：風景區 ; 非都市編定：農牧用地
RPUNMLTLMHKFFCH09CA,巴陵段,4610.00,非都市：山坡地保育區 ; 非都市編定：農牧用地
RPPNMLPJNHKFFCH08CA,埔頂段,.52,都市：其他
RPPNMLPJNHKFFCH08CA,埔頂段,.11,都市：其他
RPPNMLPJNHKFFCH08CA,埔頂段,.31,都市：其他
RPPNMLPJNHKFFCH08CA,埔頂段,.12,都市：其他
RPPNMLPJNHKFFCH08CA,仁武段,48.60,都市：住
RPWPMLKMMHKFFAH48CA,大有段,.51,都市：住
RPXPMLKMMHKFFAH58CA,大有段,7.72,都市：住
RPSOMLOKMHKFFCH38CA,仁武段,48.04,都市：住
RPSOMLOKMHKFFCH38CA,埔頂段,.52,都市：其他
RPSOMLOKMHKFFCH38CA,埔頂段,.11,都市：其他
RPSOMLOKMHKFFCH38CA,埔頂段,.30,都市：其他
RPSOMLOKMHKFFCH38CA,埔頂段,.12,都市：其他
RPTOMLOKMHKFFCH48CA,仁武段,48.04,都市：住
RPTOMLOKMHKFFCH48CA,埔頂段,.52,都市：其他
RPTOMLOKMHKFFCH48CA,埔頂段,.11,都市：其他
RPTOMLOKMHKFFCH48CA,埔頂段,.30,都市：其他
RPTOMLOKMHKFFCH48CA,埔頂段,.12,都市：其他
RPQOMLOKMHKFFCH18CA,仁武段,64.24,都市：住
RPQOMLOKMHKFFCH18CA,埔頂段,.69,都市：其他
RPQOMLOKMHKFFCH18CA,埔頂段,.15,都市：其他
RPQOMLOKMHKFFCH18CA,埔頂段,.41,都市：其他
RPQOMLOKMHKFFCH18CA,埔頂段,.16,都市：其他
RPROMLOKMHKFFCH28CA,仁武段,64.43,都市：住
RPROMLOKMHKFFCH28CA,埔頂段,.69,都市：其他
RPROMLOKMHKFFCH28CA,埔頂段,.15,都市：其他
RPROMLOKMHKFFCH28CA,埔頂段,.41,都市：其他
RPROMLOKMHKFFCH28CA,埔頂段,.16,都市：其他
RPVOMLOKMHKFFCH68CA,仁武段,29.76,都市：住
RPVOMLOKMHKFFCH68CA,埔頂段,.32,都市：其他
RPVOMLOKMHKFFCH68CA,埔頂段,.07,都市：其他
RPVOMLOKMHKFFCH68CA,埔頂段,.19,都市：其他
RPVOMLOKMHKFFCH68CA,埔頂段,.07,都市：其他
RPXPMLSLMHKFFAH66CA,春日段,11.05,都市：住
RPOQMLSLMHKFFAH48CA,會稽段,17.33,都市：商
RPWOMLOKMHKFFCH78CA,仁武段,29.76,都市：住
RPWOMLOKMHKFFCH78CA,埔頂段,.32,都市：其他
RPWOMLOKMHKFFCH78CA,埔頂段,.07,都市：其他
RPWOMLOKMHKFFCH78CA,埔頂段,.19,都市：其他
RPWOMLOKMHKFFCH78CA,埔頂段,.07,都市：其他
RPPPMLOKMHKFFCH18CA,埔頂段,.32,都市：其他
RPPPMLOKMHKFFCH18CA,埔頂段,.07,都市：其他
RPPPMLOKMHKFFCH18CA,埔頂段,.19,都市：其他
RPPPMLOKMHKFFCH18CA,埔頂段,.07,都市：其他
RPPPMLOKMHKFFCH18CA,仁武段,29.76,都市：住
RPOPMLOKMHKFFCH08CA,埔頂段,.32,都市：其他
RPOPMLOKMHKFFCH08CA,埔頂段,.07,都市：其他
RPOPMLOKMHKFFCH08CA,埔頂段,.19,都市：其他
RPOPMLOKMHKFFCH08CA,埔頂段,.07,都市：其他
RPOPMLOKMHKFFCH08CA,仁武段,29.76,都市：住
RPTPMLOKMHKFFCH58CA,埔頂段,.52,都市：其他
RPTPMLOKMHKFFCH58CA,埔頂段,.11,都市：其他
RPTPMLOKMHKFFCH58CA,埔頂段,.30,都市：其他
RPTPMLOKMHKFFCH58CA,埔頂段,.12,都市：其他
RPTPMLOKMHKFFCH58CA,仁武段,48.04,都市：住
RPSPMLOKMHKFFCH48CA,埔頂段,.52,都市：其他
RPSPMLOKMHKFFCH48CA,埔頂段,.11,都市：其他
RPSPMLOKMHKFFCH48CA,埔頂段,.31,都市：其他
RPSPMLOKMHKFFCH48CA,埔頂段,.12,都市：其他
RPSPMLOKMHKFFCH48CA,仁武段,48.41,都市：住
RPQPMLOKMHKFFCH28CA,埔頂段,.32,都市：其他
RPQPMLOKMHKFFCH28CA,埔頂段,.07,都市：其他
RPQPMLOKMHKFFCH28CA,埔頂段,.19,都市：其他
RPQPMLOKMHKFFCH28CA,埔頂段,.07,都市：其他
RPQPMLOKMHKFFCH28CA,仁武段,29.76,都市：住
RPRPMLOKMHKFFCH38CA,埔頂段,.32,都市：其他
RPRPMLOKMHKFFCH38CA,埔頂段,.07,都市：其他
RPRPMLOKMHKFFCH38CA,埔頂段,.19,都市：其他
RPRPMLOKMHKFFCH38CA,埔頂段,.07,都市：其他
RPRPMLOKMHKFFCH38CA,仁武段,29.76,都市：住
RPPNMLPJMHKFFDH08CA,楊湖段,11.22,非都市：特定農業區 ; 非都市編定：甲種建築用地
RPPOMLNKMHKFFCH97CA,五福段,30.32,都市：住
RPUPMLOKMHKFFCH68CA,埔頂段,.52,都市：其他
RPUPMLOKMHKFFCH68CA,埔頂段,.11,都市：其他
RPUPMLOKMHKFFCH68CA,埔頂段,.30,都市：其他
RPUPMLOKMHKFFCH68CA,埔頂段,.12,都市：其他
RPUPMLOKMHKFFCH68CA,仁武段,48.04,都市：住
RPXNMLLJMHKFFDH48CA,草湳坡段草湳坡小段,24.95,都市：住
RPOOMLLJMHKFFDH67CA,石牌嶺段,192.50,非都市：特定農業區 ; 非都市編定：甲種建築用地
RPUNMLLJMHKFFDH18CA,高山段,35.16,非都市：鄉村區 ; 非都市編定：乙種建築用地
RPUOMLLJMHKFFDH28CA,大金山下段大金山下小段,18.81,都市：住
RPUOMLLMLHKFFDH48CA,秀才段,6.74,非都市：一般農業區 ; 非都市編定：甲種建築用地
RPWNMLLJMHKFFDH38CA,水美段,72.80,非都市：特定農業區 ; 非都市編定：甲種建築用地
RPUNMLQKMHKFFDH78CA,楊梅段,9.00,都市：住
RPVNMLKKMHKFFDH28CA,頭重溪段,18.77,都市：住
RPUNMLOKMHKFFBH38CA,三座屋段三座屋小段,1.81,都市：住
RPUNMLOKMHKFFBH38CA,三座屋段舊社小段,8.46,都市：住
RPOOMLOKMHKFFBH87CA,興南段興南小段,1.99,都市：其他
RPOOMLOKMHKFFBH87CA,興南段興南小段,41.51,都市：其他
RPOOMLOKMHKFFBH87CA,興南段公坡小段,8.24,都市：其他
RPOOMLOLMHKFFDH18CA,草湳坡段草湳坡小段,7.55,都市：工
RPOOMLOLMHKFFDH18CA,草湳坡段草湳坡小段,3.97,都市：住
RPOOMLOLMHKFFDH18CA,草湳坡段草湳坡小段,3.44,都市：住
RPOOMLOLMHKFFDH18CA,草湳坡段草湳坡小段,.21,都市：住
RPWPMLPKMHKFFBH88CA,三民段,362.88,都市：其他
RPWPMLPKMHKFFBH88CA,三民段,85.12,都市：其他
RPOOMLSLMHKFFDH58CA,石磊子段石磊子小段,336.70,非都市：特定農業區 ; 非都市編定：甲種建築用地
RPRNMLQKMHKFFBH28CA,復興段,15.40,都市：住
RPXNMLSLMHKFFDH76CA,石磊子段石磊子小段,83.60,非都市：特定農業區 ; 非都市編定：甲種建築用地
RPQOMLSLMHKFFDH78CA,石磊子段石磊子小段,323.00,非都市：特定農業區 ; 非都市編定：農牧用地
RPQOMLSLMHKFFDH78CA,石磊子段石磊子小段,2205.00,非都市：特定農業區 ; 非都市編定：農牧用地
RPQNMLLKMHKFFBH67CA,環東段,5.44,都市：住
RPVNMLSLMHKFFDH56CA,石磊子段石磊子小段,350.91,非都市：特定農業區 ; 非都市編定：甲種建築用地
RPVNMLSLMHKFFDH56CA,石磊子段石磊子小段,1257.00,非都市：特定農業區 ; 非都市編定：甲種建築用地
RPVNMLSLMHKFFDH56CA,石磊子段石磊子小段,2802.00,非都市：特定農業區 ; 非都市編定：甲種建築用地
RPVNMLSLMHKFFDH56CA,石磊子段石磊子小段,184.33,非都市：特定農業區 ; 非都市編定：甲種建築用地
RPVNMLSLMHKFFDH56CA,石磊子段石磊子小段,180.38,非都市：特定農業區 ; 非都市編定：甲種建築用地
RPVNMLSLMHKFFDH56CA,石磊子段石磊子小段,157.71,非都市：特定農業區 ; 非都市編定：甲種建築用地
RPVNMLSLMHKFFDH56CA,石磊子段石磊子小段,252.00,非都市：特定農業區 ; 非都市編定：甲種建築用地
RPVNMLSLMHKFFDH56CA,石磊子段石磊子小段,755.00,非都市：特定農業區 ; 非都市編定：甲種建築用地
RPVNMLSLMHKFFDH56CA,石磊子段石磊子小段,181.37,非都市：特定農業區 ; 非都市編定：甲種建築用地
RPVNMLSLMHKFFDH56CA,石磊子段石磊子小段,188.27,非都市：特定農業區 ; 非都市編定：甲種建築用地
RPWRMLTJMHKFFBH76CA,仁美段,14.58,都市：住
RPTNMLOJNHKFFBH28CA,青溪段,39.64,都市：住
RPSNMLOJNHKFFBH18CA,青溪段,39.65,都市：住
RPPQMLRLMHKFFBH58CA,雙嶺段,1.88,都市：住
RPPQMLRLMHKFFBH58CA,雙嶺段,2.34,都市：商
RPPQMLRLMHKFFBH58CA,雙嶺段,4.13,都市：商
RPSOMLOJNHKFFBH28CA,青溪段,39.64,都市：住
RPVNMLOJNHKFFBH48CA,青溪段,39.65,都市：住
RPWNMLOJNHKFFBH58CA,青溪段,39.64,都市：住
RPOOMLOJNHKFFBH87CA,青溪段,39.64,都市：住
RPQOMLOJNHKFFBH08CA,青溪段,39.64,都市：住
RPROMLOJNHKFFBH18CA,青溪段,53.27,都市：住
RPXNMLOJNHKFFBH68CA,青溪段,39.64,都市：住
RPROMLRLMHKFFBH58CA,甘泉段,.46,都市：其他
RPSPMLKKMHKFFBH97CA,忠福段,107.43,都市：住
RPORMLTJMHKFFBH58CA,榮民段,17.32,都市：住
RPPRMLRLMHKFFBH68CA,崇德段,124.32,非都市：鄉村區 ; 非都市編定：乙種建築用地
RPTOMLSJMHKFFBH68CA,富強段,4.96,都市：住
RPOPMLSJMHKFFBH28CA,石頭段,4.98,都市：住
RPSPMLRLMHKFFBH78CA,樹林子段樹林子小段,75.94,非都市：一般農業區 ; 非都市編定：甲種建築用地
RPPNMLKLMHKFFBH57CA,大享段,2545.00,非都市：特定農業區 ; 非都市編定：農牧用地
RPQNMLKLMHKFFBH67CA,草富段,159.07,都市：住
RPUNMLKLMHKFFBH08CA,三座屋段三座屋小段,105.00,都市：住
RPPNMLKKMHKFFBH47CA,興南段興南小段,3.93,都市：商
RPVNMLQLMHKFFBH78CA,工業區段二小段,124.00,非都市：工業區 ; 非都市編定：丁種建築用地
RPVNMLQLMHKFFBH78CA,工業區段二小段,124.00,非都市：工業區 ; 非都市編定：丁種建築用地
RPXNMLQKMHKFFBH88CA,健行段,16.65,都市：商
RPUQMLTLMHKFFBH66CA,水尾段水尾小段,196.46,都市：住
RPPPMLQKMHKFFBH28CA,大華段,17.40,都市：住
RPTOMLQKMHKFFDH78CA,草湳坡段草湳坡小段,14.66,都市：住
RPTOMLQKMHKFFDH78CA,幼獅段,1.99,都市：住
RPQNMLKKMHKFFDH77CA,民生段,12.96,都市：住
RPQNMLKKMHKFFDH77CA,民生段,62.52,都市：住
RPXPMLSJMHKFFDH76CA,幼獅段,35.55,都市：住
RPOPMLSJMHKFFDH48CA,大坡段三角堀小段,2050.00,非都市：特定農業區 ; 非都市編定：農牧用地
RPVPMLSJMHKFFDH56CA,新榮段,105.78,都市：住
RPQPMLSJMHKFFDH68CA,頭重溪段,42.00,都市：住
RPQPMLSJMHKFFDH68CA,頭重溪段,51.00,都市：住
RPRPMLMKNHKFFBH18CA,仁美段,57.00,都市：住
RPUPMLLLMHKFFBH38CA,雙嶺段,36.81,都市：其他
RPUPMLLLMHKFFBH38CA,雙嶺段,12.89,都市：其他
RPVNMLNKMHKFFCH48CA,仁和段,61.57,都市：住
RPVNMLNKMHKFFCH48CA,仁和段,24.56,都市：其他
RPPNMLRJMHKFFDH28CA,四湖段,1432.00,非都市：特定農業區 ; 非都市編定：農牧用地
RPPNMLRJMHKFFDH28CA,四湖段,583.00,非都市：特定農業區 ; 非都市編定：農牧用地
RPQQMLNLMHKFFDH48CA,草湳坡段埔心小段,49.00,都市：住
RPWNMLOKMHKFFDH78CA,幼獅段,12.52,都市：住
RPOOMLOLMHKFFBH97CA,培英段,24.51,都市：住
RPQOMLOLMHKFFBH18CA,培英段,24.51,都市：住
RPSOMLOLMHKFFBH38CA,培英段,24.51,都市：住
RPQOMLPKMHKFFDH38CA,二重溪段,84.00,都市：住
RPXOMLMJMHKFFCH58CA,僑愛段,18.40,都市：其他
RPXOMLMJMHKFFCH58CA,僑愛段,10.17,都市：其他
RPQPMLPKMHKFFDH48CA,高山段,77.62,非都市：特定農業區 ; 非都市編定：甲種建築用地
RPQNMLRJMHKFFCH28CA,中庄段中庄小段,2645.00,非都市：特定農業區 ; 非都市編定：農牧用地
RPRQMLOLMHKFFBH48CA,榮民段,97.75,都市：住
RPROMLNKMHKFFCH18CA,五福段,30.32,都市：住
RPOPMLRJMHKFFCH28CA,水流東段,1779.00,都市：其他
RPOOMLRJMHKFFBH08CA,遠東段,82.67,都市：住
RPSOMLRJMHKFFBH48CA,忠福段,12.74,都市：其他
RPSOMLRJMHKFFBH48CA,忠福段,.59,都市：住
RPSOMLRJMHKFFBH48CA,忠福段,1.60,都市：住
RPSOMLRJMHKFFBH48CA,培英段,13.56,都市：住
RPQOMLMJMHKFFBH77CA,新興段,503.83,都市：農
RPQOMLMJMHKFFBH77CA,新興段,56.76,都市：農
RPQOMLMJMHKFFBH77CA,新興段,.50,都市：其他
RPSOMLRJMHKFFCH58CA,三洽水段,144.00,非都市：山坡地保育區 ; 非都市編定：農牧用地
RPSOMLRJMHKFFCH58CA,三洽水段,262.00,非都市：山坡地保育區 ; 非都市編定：農牧用地
RPWNMLNKMHKFFCH58CA,石門段,79.73,都市：住
RPQPMLRJMHKFFBH38CA,三座屋段三座屋小段,10.25,都市：住
RPQPMLRJMHKFFBH38CA,三座屋段三座屋小段,10.25,都市：住
RPQPMLRJMHKFFBH38CA,三座屋段三座屋小段,.75,都市：住
RPQPMLRJMHKFFBH38CA,三座屋段三座屋小段,.75,都市：住
RPROMLMJMHKFFAH77CA,龍祥段,7.92,都市：住
RPROMLMJMHKFFAH77CA,龍祥段,7.40,都市：住
RPOPMLKMMHKFFCH87CA,三坑段,4.42,都市：住
RPRNMLMJMHKFFBH77CA,甘泉段,5397.98,都市：農
RPRNMLMJMHKFFBH77CA,甘泉段,37.62,都市：其他
RPRNMLMJMHKFFBH77CA,甘泉段,121.39,都市：農
RPRNMLMJMHKFFBH77CA,甘泉段,20.66,都市：其他
RPRNMLMJMHKFFBH77CA,甘泉段,113.97,都市：農
RPRTMLLJMHKFFAH18CA,寶山段,12.54,都市：住
RPTNMLTLMHKFFCH98CA,三層段阿姆坪小段,112.57,都市：其他
RPOPMLKKMHKFFAH47CA,江南段,11.40,都市：住
RPQQMLKKMHKFFAH77CA,大興段,4.10,都市：住
RPQQMLKKMHKFFAH77CA,大興段,.01,都市：其他
RPQQMLKKMHKFFAH77CA,大興段,.00,都市：其他
RPXOMLKKMHKFFAH28CA,和平段,15.40,都市：其他
RPPOMLRJMHKFFAH08CA,桃園段武陵小段,352.00,都市：商
RPPOMLRJMHKFFAH08CA,桃園段武陵小段,45.00,都市：商
RPPOMLRJMHKFFAH08CA,桃園段武陵小段,21.00,都市：商
RPOOMLTJMHKFFAH18CA,龍華段,23.15,都市：住
RPWNMLTJMHKFFAH88CA,龍華段,23.16,都市：住
RPWPMLPKMHKFFAH78CA,小檜溪段,31.00,都市：住
RPOOMLRJMHKFFAH97CA,桃園段武陵小段,20.30,都市：商
RPTPMLTJMHKFFAH78CA,富國段,.08,都市：住
RPTPMLTJMHKFFAH78CA,富國段,18.86,都市：住
RPPPMLNLMHKFFAH97CA,寶山段,21.21,都市：住
RPQNMLRLMHKFFAH28CA,慈文段,11.11,都市：住
RPVNMLRKMHKFFAH68CA,大樹林段,21.53,都市：住
RPRNMLMLMHKFFAH87CA,龍華段,47.06,都市：其他
RPTQMLNKMHKFFAH38CA,和平段,23.67,都市：住
RPSOMLMLMHKFFAH08CA,蔗園段,47.40,都市：工
RPSOMLMJMHKFFAH08EA,和平段,17.19,都市：住
RPSOMLMJMHKFFAH08EA,和平段,.01,都市：住
RPVNMLNLMHKFFAH38CA,陸光段,28.27,都市：住
RPPNMLTLMHKFFAH38CA,埔子段埔子小段,77.00,都市：住
RPPNMLTLMHKFFAH38CA,埔子段埔子小段,1.00,都市：住
RPQNMLLLMHKFFCH97DA,三層段三層小段,2359.00,非都市：山坡地保育區 ; 非都市編定：農牧用地
RPRNMLLLMHKFFCH08DA,三層段三層小段,2525.00,非都市：山坡地保育區 ; 非都市編定：農牧用地
RPQNMLLJMHKFFFH08DA,興仁段,10.72,都市：住
RPPQMLLLMHKFFAH87CA,慈文段,7.95,都市：住
RPQNMLLLMHKFFFH28DA,福國段,17.81,都市：住
RPPNMLMJMHKFFEH97DA,南崁下段,85.00,都市：農
RPPNMLMJNHKFFBH77DA,平寮段,51.83,都市：住
RPQNMLMJNHKFFBH87DA,平寮段,14.81,都市：其他
RPOPMLKMMHKFFAH87EA,中埔段,17.03,都市：住
RPWNMLRJMHKFFEH56DA,河底段,21.37,都市：住
RPPQMLTLMHKFFAH88EA,幸褔段,15.81,非都市：鄉村區 ; 非都市編定：乙種建築用地
RPVOMLTJMHKFFBH56EA,中工段,33.65,非都市：工業區 ; 非都市編定：丁種建築用地
RPOPMLLJMHKFFBH67DA,三座屋段舊社小段,28.67,都市：住
RPXPMLLJMHKFFBH58DA,新街段,15.00,都市：住
RPUNMLRJMHKFFBH68DA,興南段中壢老小段,2.52,都市：商
RPPNMLLJNHKFFGH08CA,環南段,25.44,都市：住
RPUNMLNKMHKFFAH28DA,寶山段,14.06,都市：住
RPWOMLMLIIKFFAH38EA,新埔段,28.02,都市：住
RPOPMLKKMHKFFGH08CA,新光段,19.81,非都市：特定農業區 ; 非都市編定：水利用地
RPPPMLKKMHKFFGH18CA,新光段,96.76,非都市：特定農業區 ; 非都市編定：水利用地
RPQPMLKKMHKFFGH28CA,新北段,26.89,非都市：特定農業區 ; 非都市編定：水利用地
RPRPMLKKMHKFFGH38CA,新北段,53.79,非都市：特定農業區 ; 非都市編定：水利用地
RPSPMLKKMHKFFGH48CA,新北段,26.89,非都市：特定農業區 ; 非都市編定：水利用地
RPPNMLLJNHKFFEH08EA,南崁廟口段蕃子厝小段,.43,都市：其他
RPPNMLLJNHKFFEH08EA,南崁廟口段蕃子厝小段,.17,都市：其他
RPPNMLLJNHKFFEH08EA,南崁廟口段蕃子厝小段,.01,都市：其他
RPPNMLLJNHKFFEH08EA,南崁廟口段蕃子厝小段,5.51,都市：工
RPPNMLLJNHKFFEH08EA,南崁廟口段蕃子厝小段,2.08,都市：工
RPVPMLKKMHKFFGH78CA,新北段,13.45,非都市：特定農業區 ; 非都市編定：水利用地
RPWPMLKKMHKFFGH88CA,新北段,26.89,非都市：特定農業區 ; 非都市編定：水利用地
RPSPMLPKMHKFFAH48DA,桃鶯段,68.02,都市：其他
RPPNMLKLIIKFFBH47EA,大堀段,601.00,非都市：特定農業區 ; 非都市編定：農牧用地
RPSOMLQKMHKFFGH98CA,廣南段,14.27,都市：住
RPPNMLRLMHKFFGH78CA,山子頂段,323.59,都市：住
RPPNMLRLMHKFFGH78CA,山子頂段,123.62,都市：住
RPPNMLRLMHKFFGH78CA,山子頂段,7.41,都市：其他
RPPNMLRLMHKFFGH78CA,山子頂段,11.59,都市：其他
RPPNMLRLMHKFFGH78CA,山子頂段,2.75,都市：其他
RPPNMLRLMHKFFGH78CA,山子頂段,4.90,都市：其他
RPPNMLRLMHKFFGH78CA,山子頂段,174.73,都市：住
RPPNMLRLMHKFFGH78CA,山子頂段,281.82,都市：其他
RPSNMLRJMHKFFGH88CA,廣豐段,20.90,都市：住
RPPNMLMJMHKFFGH08CA,平安段,714.46,都市：農
RPOPMLOKMHKFFGH48CA,廣北段,9.39,都市：商
RPXOMLOKMHKFFGH66CA,廣北段,9.71,都市：商
RPPNMLLKMHKFFGH08CA,建安段,50.02,非都市：特定農業區 ; 非都市編定：甲種建築用地
RPSNMLMJMHKFFGH38CA,西社段,68.19,都市：住
RPSNMLMJMHKFFGH38CA,西社段,2.48,都市：其他
RPRNMLNJMHKFFGH38CA,平鎮段,11.06,都市：商
RPPOMLLJMHKFFGH08CA,新富段,12.72,都市：住
RPPOMLLJMHKFFGH08CA,新富段,.04,都市：其他
RPQOMLLJMHKFFGH18CA,中央段,11.06,都市：農
RPUNMLSJMHKFFFH09CA,前程段,6.15,都市：住
RPOOMLPJNHKFFGH48CA,新生段,76.54,都市：住
RPOOMLPJNHKFFGH48CA,新生段,5.55,都市：住
RPOPMLTJMHKFFFH78CA,明智段,24.84,都市：住
RPUPMLKKMHKFFGH68CA,新北段,13.45,非都市：特定農業區 ; 非都市編定：水利用地
RPTPMLKKMHKFFGH58CA,新北段,26.89,非都市：特定農業區 ; 非都市編定：水利用地
RPXNMLKKMHKFFEH58CA,河底段,100.52,都市：其他
RPSNMLNLMHKFFEH48CA,竹圍段田寮小段,875.00,非都市：一般農業區 ; 非都市編定：農牧用地
RPSNMLNLMHKFFEH48CA,竹圍段田寮小段,54.00,非都市：一般農業區 ; 非都市編定：農牧用地
RPSNMLNLMHKFFEH48CA,竹圍段田寮小段,68.00,非都市：一般農業區 ; 非都市編定：農牧用地
RPRNMLKKMHKFFEH97CA,河底段,23.31,都市：住
RPWOMLOLMHKFFEH09CA,青山段,36.45,都市：住
RPOPMLMJMHKFFEH97CA,南青段,103.95,都市：農
RPXOMLLJMHKFFEH68CA,新福段,40.67,非都市：一般農業區 ; 非都市編定：農牧用地
RPXOMLLJMHKFFEH68CA,德林段,178.08,非都市：一般農業區 ; 非都市編定：農牧用地
RPXOMLLJMHKFFEH68CA,德林段,61.30,非都市：一般農業區 ; 非都市編定：農牧用地
RPQNMLNKMHKFFEH18CA,圳股頭段圳股頭小段,88.01,非都市：一般農業區 ; 非都市編定：甲種建築用地
RPQOMLRJMHKFFEH58CA,六福段,3.31,都市：住
RPSNMLMJMHKFFEH18CA,大興段,26.98,都市：住
RPWNMLMLMHKFFEH78CA,羊稠段,11.70,都市：商
RPVOMLLJMHKFFEH48CA,河底段,17.16,都市：住
RPVOMLOLMHKFFEH98CA,客運二段,330.61,都市：住
RPSNMLTLNHKFFEH56CA,河底段,30.03,都市：住
RPUNMLPKMHKFFEH78CA,青山段,365.38,都市：住
RPUNMLPKMHKFFEH78CA,青山段,3511.59,都市：住
RPUNMLPKMHKFFEH78CA,青山段,2079.47,都市：住
RPPOMLRLMHKFFEH68CA,青峰段,41.29,都市：住
RPQOMLRLMHKFFEH78CA,青峰段,35.39,都市：住
RPUNMLRLMHKFFEH09CA,青峰段,23.88,都市：住
RPRNMLMJMHKFFFH18CA,麻園段,86.98,非都市：鄉村區 ; 非都市編定：乙種建築用地
RPRNMLMJMHKFFFH18CA,麻園段,15.53,非都市：鄉村區 ; 非都市編定：乙種建築用地
RPWNMLRJMHKFFFH56CA,大明段,33.26,非都市：特定農業區 ; 非都市編定：甲種建築用地
RPXNMLRJMHKFFFH66CA,廣興段,71.91,非都市：特定農業區 ; 非都市編定：甲種建築用地
RPRNMLOKMHKFFEH38CA,公埔段,74.48,都市：其他
RPPOMLOKMHKFFEH28CA,南新段,.20,都市：住
RPRQMLKKMHKFFGH48CA,莊敬段,72.19,都市：住
RPWOMLKKMHKFFGH78CA,新富段,8.99,都市：住
RPOPMLRKMHKFFGH78CA,廣豐段,62.76,都市：住
RPPNMLOJNHKFFEH18CA,坑子外段外社小段,19.26,都市：其他
RPPNMLOJNHKFFEH18CA,坑子外段外社小段,7.91,都市：其他
RPPNMLOJNHKFFEH18CA,坑子外段外社小段,4.82,都市：其他
RPPNMLOJNHKFFEH18CA,坑子外段外社小段,38.32,都市：其他
RPPNMLOJNHKFFEH18CA,坑子外段外社小段,9.43,都市：其他
RPPNMLOJNHKFFEH18CA,坑子外段外社小段,14.45,都市：其他
RPWNMLKLMHKFFGH78CA,福林段,16.23,非都市：特定農業區 ; 非都市編定：甲種建築用地
RPVNMLKLMHKFFGH68CA,福林段,16.23,非都市：特定農業區 ; 非都市編定：甲種建築用地
RPSNMLPKMHKFFGH78CA,新北段,90.46,非都市：鄉村區 ; 非都市編定：乙種建築用地
RPQOMLQKMHKFFGH78CA,廣西段,19.69,都市：住
RPXNMLKLMHKFFGH88CA,福林段,15.97,非都市：特定農業區 ; 非都市編定：甲種建築用地
RPPOMLKLMHKFFGH18CA,福林段,15.97,非都市：特定農業區 ; 非都市編定：甲種建築用地
RPOOMLKLMHKFFGH08CA,福林段,15.97,非都市：特定農業區 ; 非都市編定：甲種建築用地
RPUNMLNLMHKFFFH78CA,營盤段,31.04,非都市：特定農業區 ; 非都市編定：甲種建築用地
RPQOMLKLMHKFFGH28CA,福林段,21.20,非都市：特定農業區 ; 非都市編定：甲種建築用地
RPROMLKLMHKFFGH38CA,福林段,16.10,非都市：特定農業區 ; 非都市編定：甲種建築用地
RPSOMLKLMHKFFGH48CA,福林段,16.10,非都市：特定農業區 ; 非都市編定：甲種建築用地
RPVOMLKLMHKFFGH78CA,福林段,15.97,非都市：特定農業區 ; 非都市編定：甲種建築用地
RPUOMLKLMHKFFGH68CA,福林段,16.19,非都市：特定農業區 ; 非都市編定：甲種建築用地
RPTOMLKLMHKFFGH58CA,福林段,16.18,非都市：特定農業區 ; 非都市編定：甲種建築用地
RPROMLMLMHKFFFH48CA,建國段,594.91,非都市：特定農業區 ; 非都市編定：水利用地
RPPRMLMJMHKFFBH18EA,仁美段,44.00,都市：住
RPVOMLOKMHKFFAH58DA,中山段,20.13,都市：住
RPSPMLLLMHKFFGH68CA,富貴段,108.70,非都市：鄉村區 ; 非都市編定：乙種建築用地
RPPNMLRJMHKFFGH78EA,廣西段,22.78,都市：住
RPPNMLTJMHKFFDH68EA,頭重溪段,21.86,都市：住
RPTNMLSJMHKFFBH68DA,保障段,1090.30,非都市：一般農業區 ; 非都市編定：農牧用地
RPTPMLPKMHKFFBH78EA,中壢埔頂段,27.42,都市：住
RPROMLQJJIKFFBH28EA,三座屋段舊社小段,149.54,都市：住
RPROMLQJJIKFFBH28EA,三座屋段舊社小段,8.76,都市：住
RPUNMLRJMHKFFEH98DA,河底段,14.72,都市：住
RPPNMLRJMHKFFAH18EA,會稽段,137.29,都市：住
RPPNMLRJMHKFFAH18EA,會稽段,2.64,都市：住
RPOOMLTLMHKFFFH09EA,大華段,36.14,都市：住
RPRNMLTLMHKFFCH88DA,太武段,16.36,都市：住
RPRPMLSLMHKFFGH66CA,義民段,23.33,都市：住
RPWRMLRKMHKFFAH56CA,大興段,18.45,都市：住
RPRPMLSJMHKFFAH68EA,會稽段,15.61,都市：住
RPSNMLQLNHKFFFH56EA,中華段,68.22,非都市：鄉村區 ; 非都市編定：乙種建築用地
RPPPMLOLMHKFFAH08CA,延壽段,10.84,都市：住
RPQQMLNKMHKFFAH08CA,中路段,20.42,都市：工
RPORMLLLMHKFFAH87CA,中埔段,34.45,都市：住
RPRNMLNKMHKFFAH87CA,中路二段,142.13,都市：住
RPSNMLNKMHKFFAH97CA,中路二段,142.57,都市：住
RPROMLNKMHKFFAH97CA,山福段,31.31,都市：住
RPXOMLNKMHKFFAH58CA,新埔段,56.74,都市：住
RPXSMLRKPHKFFGH87EA,東金段,32.61,非都市：一般農業區 ; 非都市編定：甲種建築用地
RPPPMLLLMHKFFAH77CA,和平段,28.10,都市：住
RPXPMLTJMHKFFAH56CA,和平段,8.42,都市：住
RPQPMLRJMHKFFAH28CA,小檜溪段,278.67,都市：住
RPRPMLRJMHKFFAH38CA,小檜溪段,132.33,都市：其他
RPVNMLKKMHKFFAH97CA,玉山段,46.76,都市：工
RPXNMLTJMHKFFAH98CA,埔子段埔子小段,1.60,都市：住
RPXNMLTJMHKFFAH98CA,埔子段埔子小段,21.60,都市：住
RPVNMLTJMHKFFAH78CA,三元段,44.95,都市：住
RPROMLRJMHKFFAH28CA,新埔段,23.86,都市：住
RPOPMLTJMHKFFAH28CA,埔子段埔子小段,22.60,都市：住
RPSNMLSJMHKFFAH38CA,建國段,54.04,都市：住
RPQQMLTJMHKFFAH58CA,中路段,17.40,都市：其他
RPQQMLTJMHKFFAH58CA,中路段,8.60,都市：其他
RPXPMLKKMHKFFAH38CA,興華段,18.20,都市：住
RPPNMLSJMHKFFAH08CA,東國段,48.50,都市：住
RPRNMLRJMHKFFBH28CA,仁祥段,62.82,都市：住
RPPNMLRJMHKFFBH08CA,環東段,13.30,都市：住
RPTNMLNJMHKFFBH08CA,仁美段,13.81,都市：住
RPPNMLKLNHKFFFH28EA,大忠段,16.00,都市：住
RPQRMLSLMHKFFAH78CA,國聖段,13.51,都市：其他
RPSOMLSJMHKFFBH58CA,三座屋段三座屋小段,23.80,都市：住
RPQOMLSJMHKFFBH38CA,三座屋段三座屋小段,23.80,都市：住
RPOOMLSJMHKFFBH18CA,三座屋段三座屋小段,23.80,都市：住
RPPOMLSJMHKFFBH28CA,三座屋段三座屋小段,23.80,都市：住
RPROMLSJMHKFFBH48CA,三座屋段三座屋小段,23.80,都市：住
RPPNMLSJMHKFFBH18CA,普義段,5.64,都市：住
RPWOMLTLMHKFFAH56CA,埔子段埔子小段,.23,都市：住
RPWOMLTLMHKFFAH56CA,埔子段埔子小段,.02,都市：住
RPWOMLTLMHKFFAH56CA,埔子段埔子小段,14.84,都市：住
RPWOMLTLMHKFFAH56CA,埔子段埔子小段,.23,都市：住
RPWOMLTLMHKFFAH56CA,埔子段埔子小段,1.26,都市：住
RPWOMLTLMHKFFAH56CA,埔子段埔子小段,2.82,都市：住
RPPPMLTLMHKFFAH58CA,埔子段埔子小段,.22,都市：住
RPPPMLTLMHKFFAH58CA,埔子段埔子小段,.02,都市：住
RPPPMLTLMHKFFAH58CA,埔子段埔子小段,13.91,都市：住
RPPPMLTLMHKFFAH58CA,埔子段埔子小段,.21,都市：住
RPPPMLTLMHKFFAH58CA,埔子段埔子小段,1.18,都市：住
RPPPMLTLMHKFFAH58CA,埔子段埔子小段,2.65,都市：住
RPTNMLKKMHKFFCH97CA,中庄段中庄小段,16674.00,非都市：河川區 ; 非都市編定：農牧用地
RPVNMLRJMHKFFCH78CA,南興段南興小段,116.83,非都市：一般農業區 ; 非都市編定：農牧用地
RPVNMLRJMHKFFCH78CA,南興段南興小段,545.63,非都市：一般農業區 ; 非都市編定：農牧用地
RPVNMLRJMHKFFCH78CA,南興段南興小段,45.98,非都市：一般農業區 ; 非都市編定：農牧用地
RPXOMLSJMHKFFCH56CA,八張犁段,70.00,非都市：鄉村區 ; 非都市編定：乙種建築用地
RPXOMLSJMHKFFCH56CA,八張犁段,46.00,非都市：鄉村區 ; 非都市編定：乙種建築用地
RPWNMLSLMHKFFCH56CA,南興段南興小段,165.00,非都市：特定農業區 ; 非都市編定：農牧用地
RPUOMLTJMHKFFCH98CA,田心子段下田心子小段,37.64,都市：住
RPQNMLKKMHKFFCH67CA,三洽水段,.62,非都市：山坡地保育區 ; 非都市編定：丙種建築用地
RPQNMLKKMHKFFCH67CA,三洽水段,169.00,非都市：山坡地保育區 ; 非都市編定：丙種建築用地
RPQOMLLJNHKFFCH87CA,四方林段四方林小段,209.72,非都市：一般農業區 ; 非都市編定：甲種建築用地
RPQNMLKKMHKFFCH67CA,三洽水段,3.33,非都市：山坡地保育區 ; 非都市編定：丙種建築用地
RPQNMLKKMHKFFCH67CA,三洽水段,40.60,非都市：山坡地保育區 ; 非都市編定：丙種建築用地
RPRNMLSJMHKFFCH48CA,田心子段上田心子小段,105.99,都市：住
RPSNMLSJMHKFFCH58CA,田心子段上田心子小段,103.00,都市：住
RPWNMLNJMHKFFCH48CA,三林段,514.10,非都市：一般農業區 ; 非都市編定：農牧用地
RPSOMLNKMHKFFCH28CA,建國段,272.09,非都市：一般農業區 ; 非都市編定：農牧用地
RPUNMLNKMHKFFCH38CA,九座寮段,9864.50,非都市：一般農業區 ; 非都市編定：農牧用地
RPQNMLNKMHKFFCH97CA,仁義段,39.94,都市：住
RPWNMLKKMHKFFCH28CA,八張犁段,20.80,非都市：一般農業區 ; 非都市編定：甲種建築用地
RPPNMLRJMHKFFCH18CA,三層段八結小段,822.00,都市：其他
RPPNMLRJMHKFFCH18CA,三層段八結小段,40.00,都市：其他
RPPNMLRJMHKFFCH18CA,三層段八結小段,94.00,都市：其他
RPOOMLRJMHKFFCH18CA,南興段南興小段,131.43,非都市：一般農業區 ; 非都市編定：農牧用地
RPOOMLRJMHKFFCH18CA,南興段南興小段,613.83,非都市：一般農業區 ; 非都市編定：農牧用地
RPOOMLRJMHKFFCH18CA,南興段南興小段,51.72,非都市：一般農業區 ; 非都市編定：農牧用地
RPPOMLRJMHKFFCH28CA,南興段南興小段,14.98,非都市：一般農業區 ; 非都市編定：殯葬用地
RPXNMLRJMHKFFCH98CA,南興段南興小段,14.98,非都市：一般農業區 ; 非都市編定：殯葬用地
RPRNMLOLMHKFFDH38CA,大金山下段大金山下小段,23.58,都市：住
RPTPMLPKMHKFFDH78CA,頭重溪段,17.15,都市：住
RPPQMLLLMHKFFBH97CA,富台段,11.71,都市：住
RPOPMLLLMHKFFBH77CA,中北段,4.72,都市：住
RPPPMLLLMHKFFBH87CA,中壢埔頂段,9.07,都市：住
RPROMLLLMHKFFBH97CA,自立段,13.09,都市：住
RPXOMLLLMHKFFBH58CA,中北段,9.85,都市：住
RPRNMLSLMHKFFDH78CA,四湖段,44.00,非都市：特定農業區 ; 非都市編定：甲種建築用地
RPRNMLSLMHKFFDH78CA,四湖段,39.00,非都市：特定農業區 ; 非都市編定：甲種建築用地
RPQPMLLLMHKFFBH97CA,中北段,22.23,都市：住
RPTOMLNLMHKFFBH38CA,普義段,5.55,都市：住
RPRQMLKKMHKFFBH97CA,興南段興南小段,3.07,都市：商
RPVPMLRKMHKFFBH98CA,中工段,12.42,都市：住
RPVOMLQKMHKFFCH88CA,潛龍段,35.36,非都市：鄉村區 ; 非都市編定：乙種建築用地
RPVOMLQKMHKFFCH88CA,潛龍段,.53,非都市：鄉村區 ; 非都市編定：乙種建築用地
RPOOMLRKMHKFFBH18CA,仁德段,272.40,都市：農
RPSOMLRKMHKFFBH58CA,忠孝段,68.00,都市：住
RPVOMLQKMHKFFBH78CA,自立段,24.20,都市：住
RPXOMLQKMHKFFBH98CA,自立段,13.87,都市：住
RPQPMLQKMHKFFBH38CA,自立段,15.04,都市：住
RPQPMLQKMHKFFBH38CA,自立段,15.04,都市：住
RPXPMLPKMHKFFBH98CA,中壢埔頂段,6.95,都市：住
RPPQMLOKMHKFFBH18CA,中壢埔頂段,22.48,都市：住
RPVOMLPKMHKFFBH68CA,中工段,7.00,非都市：工業區 ; 非都市編定：丁種建築用地
RPVOMLPKMHKFFBH68CA,中工段,22.11,非都市：工業區 ; 非都市編定：丁種建築用地
RPVOMLPKMHKFFBH68CA,中工段,89.00,非都市：工業區 ; 非都市編定：丁種建築用地
RPVOMLPKMHKFFBH68CA,中工段,.52,非都市：工業區 ; 非都市編定：丁種建築用地
RPQNMLMKMHKFFBH77CA,遠東段,7.04,都市：住
RPSNMLTJMHKFFBH58CA,自立段,26.44,都市：住
RPSOMLTJMHKFFBH68CA,自立段,15.42,都市：住
RPQOMLTJMHKFFBH48CA,自立段,26.44,都市：住
RPUNMLTJMHKFFBH78CA,遠東段,7.04,都市：住
RPQSMLTLMHKFFBH09CA,新街段,24.42,都市：住
RPPNMLTLMHKFFBH48CA,石頭段,71.00,都市：住
RPSNMLKMMHKFFBH97CA,大崙段,112.69,非都市：特定農業區 ; 非都市編定：農牧用地
RPSNMLKMMHKFFBH97CA,大崙段,111.59,非都市：特定農業區 ; 非都市編定：農牧用地
RPTNMLKMMHKFFBH08CA,後興段,20.32,都市：住
RPXOMLSJMHKFFBH09CA,普義段,40.96,都市：住
RPXOMLSJMHKFFBH09CA,普義段,11.85,都市：住
RPUOMLLKNHKFFBH28CA,月眉段,605.00,非都市：特定農業區 ; 非都市編定：農牧用地
RPTRMLSLMHKFFBH56CA,前寮段,16.29,都市：住
RPTNMLQLMHKFFBH58CA,甘泉段,100.39,都市：住
RPOOMLQLMHKFFBH18CA,草新段,219.51,都市：住
RPSOMLLJNHKFFBH97CA,中原段,21.56,都市：住
RPTOMLLKNHKFFBH18CA,三座屋段舊社小段,10.70,都市：住
RPTOMLLKNHKFFBH18CA,三座屋段舊社小段,5.60,都市：其他
RPTOMLLKNHKFFBH18CA,三座屋段舊社小段,.50,都市：其他
RPTOMLLKNHKFFBH18CA,三座屋段舊社小段,1.40,都市：其他
RPTOMLLKNHKFFBH18CA,三座屋段舊社小段,.20,都市：住
RPTOMLLKNHKFFBH18CA,三座屋段舊社小段,4.40,都市：住
RPWOMLLJNHKFFBH38CA,新街段,9.49,都市：住
RPWNMLLJNHKFFBH28CA,富強段,11.99,都市：住
RPRQMLOKMHKFFBH38CA,樹林子段崁頭子小段,1077.00,非都市：一般農業區 ; 非都市編定：農牧用地
RPQPMLSJMHKFFBH48CA,興南段公坡小段,23.91,都市：其他
RPQPMLSJMHKFFBH48CA,仁德段,828.00,都市：其他
RPTNMLKKMHKFFBH87CA,仁德段,19.36,都市：住
RPUQMLKKMHKFFBH28CA,後興段,21.56,都市：住
RPXNMLOKMHKFFBH68CA,福德段,27.94,都市：住
RPUPMLOKMHKFFBH58CA,樹林子段過溪子小段,111.38,都市：其他
RPUPMLOKMHKFFBH58CA,樹林子段過溪子小段,111.38,都市：其他
RPUPMLOKMHKFFBH58CA,樹林子段過溪子小段,8.50,都市：其他
RPUPMLOKMHKFFBH58CA,樹林子段過溪子小段,8.50,都市：其他
RPUPMLOKMHKFFBH58CA,樹林子段過溪子小段,213.88,都市：住
RPUPMLOKMHKFFBH58CA,樹林子段過溪子小段,213.88,都市：住
RPUPMLOKMHKFFBH58CA,樹林子段過溪子小段,80.62,都市：其他
RPUPMLOKMHKFFBH58CA,樹林子段過溪子小段,80.62,都市：其他
RPUPMLOKMHKFFBH58CA,樹林子段過溪子小段,152.62,都市：其他
RPUPMLOKMHKFFBH58CA,樹林子段過溪子小段,152.62,都市：其他
RPUPMLOKMHKFFBH58CA,樹林子段過溪子小段,6.75,都市：其他
RPUPMLOKMHKFFBH58CA,樹林子段過溪子小段,6.75,都市：其他
RPUPMLOKMHKFFBH58CA,樹林子段過溪子小段,4.94,都市：住
RPUPMLOKMHKFFBH58CA,樹林子段過溪子小段,4.94,都市：住
RPUPMLOKMHKFFBH58CA,樹林子段過溪子小段,10.19,都市：住
RPUPMLOKMHKFFBH58CA,樹林子段過溪子小段,10.19,都市：住
RPUPMLOKMHKFFBH58CA,樹林子段過溪子小段,3.94,都市：其他
RPUPMLOKMHKFFBH58CA,樹林子段過溪子小段,3.94,都市：其他
RPUPMLOKMHKFFBH58CA,樹林子段過溪子小段,3.62,都市：其他
RPUPMLOKMHKFFBH58CA,樹林子段過溪子小段,3.62,都市：其他
RPUPMLOKMHKFFBH58CA,新坡段新坡小段,15.25,都市：住
RPUPMLOKMHKFFBH58CA,新坡段新坡小段,15.25,都市：住
RPUPMLOKMHKFFBH58CA,新坡段新坡小段,.12,都市：其他
RPUPMLOKMHKFFBH58CA,新坡段新坡小段,.12,都市：其他
RPUOMLQKMHKFFDH88CA,瑞原段,14.13,非都市：特定農業區 ; 非都市編定：甲種建築用地
RPUOMLQKMHKFFDH88CA,瑞原段,14.13,非都市：特定農業區 ; 非都市編定：甲種建築用地
RPUOMLQKMHKFFDH88CA,瑞原段,40.16,非都市：特定農業區 ; 非都市編定：甲種建築用地
RPUOMLQKMHKFFDH88CA,瑞原段,40.16,非都市：特定農業區 ; 非都市編定：甲種建築用地
RPSNMLQKMHKFFBH38CA,仁美段,15.30,都市：商
RPWNMLNKMHKFFBH48CA,育仁段,3361.00,非都市：特定農業區 ; 非都市編定：農牧用地
RPOOMLNKMHKFFBH77CA,普義段,109.00,都市：住
RPSOMLNKMHKFFBH18CA,青平段,22.80,都市：住
RPOPMLNKMHKFFBH87CA,石頭段,28.46,都市：住
RPQOMLMLMHKFFDH18CA,新洲段,10.60,都市：其他
RPQOMLMLMHKFFDH18CA,新洲段,223.37,都市：其他
RPQOMLMLMHKFFDH18CA,新洲段,.17,都市：住
RPQOMLMLMHKFFDH18CA,新洲段,32.43,都市：其他
RPQOMLMLMHKFFDH18CA,新洲段,477.37,都市：住
RPQOMLMLMHKFFDH18CA,新洲段,78.13,都市：住
RPQOMLMLMHKFFDH18CA,高洲段,80.41,都市：住
RPPNMLMLMHKFFBH77CA,仁和段,26.43,都市：商
RPPNMLMLMHKFFBH77CA,仁和段,26.43,都市：商
RPPNMLMLMHKFFBH77CA,仁和段,.78,都市：其他
RPPNMLMLMHKFFBH77CA,仁和段,.78,都市：其他
RPPNMLMLMHKFFBH77CA,仁和段,25.82,都市：商
RPPNMLMLMHKFFBH77CA,仁和段,25.82,都市：商
RPPNMLMLMHKFFBH77CA,仁和段,.64,都市：其他
RPPNMLMLMHKFFBH77CA,仁和段,.64,都市：其他
RPPNMLMLMHKFFBH77CA,仁和段,5.34,都市：商
RPPNMLMLMHKFFBH77CA,仁和段,5.34,都市：商
RPPNMLMLMHKFFBH77CA,仁和段,5.34,都市：商
RPPNMLMLMHKFFBH77CA,仁和段,5.34,都市：商
RPSPMLLLMHKFFBH18CA,遠東段,12.11,都市：住
RPRNMLQKMHKFFDH48CA,永福段,73.62,都市：住
RPRNMLQKMHKFFDH48CA,永福段,8.01,都市：住
RPOOMLRKMHKFFDH38CA,長岡嶺段,48.33,非都市：山坡地保育區 ; 非都市編定：丙種建築用地
RPROMLLLMHKFFDH18CA,高上段,72.68,非都市：特定農業區 ; 非都市編定：水利用地
RPQOMLLLMHKFFDH08CA,高上段,29.33,非都市：特定農業區 ; 非都市編定：農牧用地
RPRNMLLLMHKFFBH87CA,三座屋段三座屋小段,42.55,都市：住
RPQNMLNLMHKFFDH18CA,草湳坡段埔心小段,10.07,都市：住
RPQNMLNLMHKFFDH18CA,草湳坡段埔心小段,.43,都市：住
RPQNMLNLMHKFFDH18CA,草湳坡段埔心小段,11.79,都市：住
RPQNMLNLMHKFFDH18CA,草湳坡段埔心小段,.43,都市：住
RPQNMLNLMHKFFDH18CA,草湳坡段埔心小段,.86,都市：住
RPUOMLSJMHKFFDH98CA,啟文段,52.73,非都市：特定農業區 ; 非都市編定：甲種建築用地
RPWOMLSJMHKFFDH56CA,啟文段,54.40,非都市：特定農業區 ; 非都市編定：甲種建築用地
RPRPMLSJMHKFFDH78CA,草湳坡段埔心小段,7.46,都市：住
RPSNMLOKMHKFFDH38CA,二重溪段,45.67,都市：住
RPQNMLPKMHKFFDH28CA,二重溪段,27.44,非都市：山坡地保育區 ; 非都市編定：丙種建築用地
RPRNMLPKMHKFFDH38CA,頭重溪段,12.38,都市：住
RPUNMLOLMHKFFDH68CA,草湳坡段埔心小段,28.01,都市：住
RPPQMLSJMHKFFDH68CA,榔段下榔小段,22.33,非都市：特定農業區 ; 非都市編定：甲種建築用地
RPPQMLSJMHKFFDH68CA,榔段下榔小段,22.33,非都市：特定農業區 ; 非都市編定：甲種建築用地
RPPQMLSJMHKFFDH68CA,榔段下榔小段,22.33,非都市：特定農業區 ; 非都市編定：甲種建築用地
RPOOMLKLMHKFFCH67CA,番子寮段,2546.00,非都市：一般農業區 ; 非都市編定：農牧用地
RPOOMLKLMHKFFCH67CA,番子寮段,3106.00,非都市：一般農業區 ; 非都市編定：農牧用地
RPVOMLTJMHKFFCH09CA,番子寮段,17.76,非都市：一般農業區 ; 非都市編定：甲種建築用地
RPVOMLTJMHKFFCH09CA,番子寮段,6.45,非都市：一般農業區 ; 非都市編定：甲種建築用地
RPVOMLTJMHKFFCH09CA,番子寮段,1.41,非都市：一般農業區 ; 非都市編定：甲種建築用地
RPVOMLTJMHKFFCH09CA,番子寮段,8.30,非都市：一般農業區 ; 非都市編定：甲種建築用地
RPRNMLKKMHKFFCH77CA,三洽水段,.62,非都市：山坡地保育區 ; 非都市編定：丙種建築用地
RPRNMLKKMHKFFCH77CA,三洽水段,147.00,非都市：山坡地保育區 ; 非都市編定：丙種建築用地
RPRNMLKKMHKFFCH77CA,三洽水段,3.33,非都市：山坡地保育區 ; 非都市編定：丙種建築用地
RPRNMLKKMHKFFCH77CA,三洽水段,34.69,非都市：山坡地保育區 ; 非都市編定：丙種建築用地
RPQPMLSJMHKFFCH58CA,三層段三層小段,17.15,非都市：鄉村區 ; 非都市編定：乙種建築用地
RPQPMLSJMHKFFCH58CA,三層段三層小段,49.38,非都市：風景區 ; 非都市編定：農牧用地
RPQPMLNKMHKFFDH28CA,上湖段,54.00,非都市：特定農業區 ; 非都市編定：甲種建築用地
RPQPMLNKMHKFFDH28CA,上湖段,22.39,非都市：特定農業區 ; 非都市編定：甲種建築用地
RPTQMLNLMHKFFDH78CA,員富段,187.06,都市：住
RPRNMLNKMHKFFDH18CA,梅獅段,119.50,都市：工
RPRNMLNKMHKFFDH18CA,梅獅段,.20,都市：工
RPVPMLKMMHKFFCH58CA,三洽水段,128.00,非都市：山坡地保育區 ; 非都市編定：丙種建築用地
RPQOMLKLMHKFFDH97CA,永寧段,33.74,非都市：山坡地保育區 ; 非都市編定：丙種建築用地
RPQOMLKLMHKFFDH97CA,永寧段,88.13,非都市：山坡地保育區 ; 非都市編定：丙種建築用地
RPQOMLKLMHKFFDH97CA,永寧段,.29,非都市：山坡地保育區 ; 非都市編定：丙種建築用地
RPQOMLKLMHKFFDH97CA,永寧段,5.40,非都市：山坡地保育區 ; 非都市編定：丙種建築用地
RPQOMLKLMHKFFDH97CA,永寧段,.01,非都市：山坡地保育區 ; 非都市編定：丙種建築用地
RPVOMLRJMHKFFAH68CA,埔子段埔子小段,1.60,都市：住
RPVOMLRJMHKFFAH68CA,埔子段埔子小段,21.60,都市：住
RPQNMLTJMHKFFAH28CA,大同段,11.03,都市：住
RPQNMLSJMHKFFAH18CA,和平段,12.55,都市：住
RPRPMLSLMHKFFDH98CA,楊梅段,23.95,都市：住
RPPNMLMLMHKFFCH87CA,銅鑼圈段,56.50,非都市：山坡地保育區 ; 非都市編定：丙種建築用地
RPPNMLMLMHKFFCH87CA,銅鑼圈段,56.50,非都市：山坡地保育區 ; 非都市編定：丙種建築用地
RPQOMLTJMHKFFAH38CA,大有段,18.26,都市：住
RPUQMLKKMHKFFAH18CA,三元段,72.86,都市：農
RPUQMLKKMHKFFAH18CA,三元段,5.21,都市：農
RPUQMLKKMHKFFAH18CA,三元段,29.56,都市：農
RPRNMLOJNHKFFCH18CA,新溪洲段,405.98,非都市：風景區 ; 非都市編定：林業用地
RPRNMLOJNHKFFCH18CA,新溪洲段,4.33,非都市：風景區 ; 非都市編定：林業用地
RPVQMLKKMHKFFAH28CA,忠義段,.01,都市：農
RPVQMLKKMHKFFAH28CA,三聖段,6.03,都市：其他
RPVQMLKKMHKFFAH28CA,三聖段,20.32,都市：其他
RPVQMLKKMHKFFAH28CA,三聖段,31.09,都市：其他
RPVQMLKKMHKFFAH28CA,三聖段,.02,都市：其他
RPVQMLKKMHKFFAH28CA,三聖段,.05,都市：其他
RPVQMLKKMHKFFAH28CA,三聖段,7.51,都市：其他
RPVQMLKKMHKFFAH28CA,三聖段,.06,都市：其他
RPVQMLKKMHKFFAH28CA,三元段,.24,都市：其他
RPVQMLKKMHKFFAH28CA,三元段,.82,都市：農
RPSPMLKKMHKFFAH87CA,文化段,61.10,都市：住
RPQNMLKKMHKFFAH47CA,大興段,4.68,都市：住
RPRNMLKKMHKFFAH57CA,自強段,40.72,都市：住
RPQNMLKKMHKFFAH47CA,大興段,.02,都市：其他
RPQNMLKKMHKFFAH47CA,大興段,.00,都市：其他
RPXNMLOKMHKFFAH58CA,新埔段,.83,都市：其他
RPXNMLOKMHKFFAH58CA,新埔段,2.78,都市：其他
RPXNMLOKMHKFFAH58CA,新埔段,2.28,都市：其他
RPOOMLQKMHKFFCH28DA,新烏樹林段,21.15,非都市：特定農業區 ; 非都市編定：甲種建築用地
RPRNMLQKMHKFFAH18CA,中山段,8.26,都市：商
RPXQMLQKMHKFFAH09CA,埔子段埔子小段,18.25,都市：住
RPXQMLQKMHKFFAH09CA,埔子段埔子小段,1.50,都市：住
RPUOMLSJMHKFFBH88DA,復興段,16.24,都市：住
RPVNMLOKMHKFFFH98DA,大和段,14.73,都市：住
RPRNMLNKMHKFFGH58DA,廣南段,15.42,都市：住
RPPNMLMJNHKFFCH77CA,仁善段,24.62,都市：住
RPPNMLMJNHKFFCH77CA,仁善段,54.67,都市：住
RPSOMLNKMHKFFDH58EA,楊梅段,59.20,都市：住
RPSOMLNKMHKFFDH58EA,楊梅段,27.22,都市：住
RPSOMLNKMHKFFDH58EA,楊梅段,27.22,都市：住
RPSOMLNKMHKFFDH58EA,楊梅段,13.20,都市：住
RPSOMLNKMHKFFDH58EA,楊梅段,54.45,都市：住
RPSOMLNKMHKFFDH58EA,楊梅段,29.70,都市：住
RPWNMLLLMHKFFDH78EA,民豐段,490.98,非都市：特定農業區 ; 非都市編定：水利用地
RPPNMLTJMHKFFGH98EA,新富段,25.70,都市：住
RPTOMLRJMHKFFDH98EA,大金山下段大金山下小段,32.67,都市：住
RPVNMLTJMHKFFFH86EA,大和段,23.73,都市：住
RPRNMLKLMHKFFDH08DA,新洲段,122.67,都市：住
RPXNMLLLMHKFFDH88EA,民豐段,3.01,非都市：特定農業區 ; 非都市編定：水利用地
RPQNMLSJMHKFFGH98EA,北興段,72.80,非都市：特定農業區 ; 非都市編定：甲種建築用地
RPTPMLSLMHKFFGH86CA,北商段,1179.01,非都市：特定農業區 ; 非都市編定：農牧用地
RPSPMLTJMHKFFBH98EA,普仁段,65.63,都市：住
RPPOMLOLMHKFFAH97CA,大有段,33.46,都市：住
RPSOMLTLMHKFFDH66EA,民豐段,494.31,非都市：特定農業區 ; 非都市編定：農牧用地
RPTOMLRKMHKFFDH98DA,新洲段,119.90,都市：住
RPQOMLLJNHKFFGH28CA,廣南段,27.25,都市：住
RPVOMLTJMHKFFAH98DA,江南段,1.23,都市：住
RPVOMLTJMHKFFAH98DA,江南段,15.77,都市：住
RPPNMLOLMHKFFGH48CA,金星段,19.19,都市：住
RPUOMLNKMHKFFAH38DA,寶山段,30.82,都市：住
RPUOMLKKMHKFFAH08DA,埔子段埔子小段,20.36,都市：住
SPVOMLTJMHKFFAH09DA,江南段,1.23,都市：住
SPVOMLTJMHKFFAH09DA,江南段,15.77,都市：住
RPPNMLQKMHKFFAH08DA,迴龍段,51.55,都市：住
RPWPMLSJMHKFFAH09DA,大有段,8.26,都市：住
RPTRMLQJNHKFFAH78CA,大樹林段,.75,都市：商
RPTRMLQJNHKFFAH78CA,大樹林段,4.50,都市：商
RPSNMLSJMHKFFBH58DA,遠東段,15.63,都市：住
RPPNMLPJNHKFFGH48CA,新勢段,46.06,都市：商
RPXOMLKLMHKFFGH98CA,福林段,16.16,非都市：特定農業區 ; 非都市編定：甲種建築用地
RPWOMLKLMHKFFGH88CA,福林段,24.09,非都市：特定農業區 ; 非都市編定：甲種建築用地
RPOPMLKLMHKFFGH18CA,福林段,16.14,非都市：特定農業區 ; 非都市編定：甲種建築用地
RPROMLKMMHKFFGH48CA,環南段,8.86,都市：其他
RPSOMLKMMHKFFGH58CA,環南段,6.07,都市：其他
RPRNMLRKMHKFFGH88CA,東金段,862.00,非都市：特定農業區 ; 非都市編定：甲種建築用地
RPTNMLPKMHKFFGH88CA,宋屋段高山下小段,33.20,都市：住
RPSNMLKLMHKFFAH87DA,福元段,11.94,都市：住
RPQPMLKLMHKFFAH87DA,富國段,17.64,都市：住
RPRNMLKLMHKFFAH77DA,中埔段,32.16,都市：住
RPUNMLNKMHKFFGH78CA,南華段,100.36,非都市：鄉村區 ; 非都市編定：乙種建築用地
RPSOMLRKMHKFFGH09CA,山子頂段,75.31,都市：住
RPWNMLRKMHKFFGH76CA,高雙段,.41,都市：農
RPWNMLRKMHKFFGH76CA,高雙段,79.74,都市：農
RPWNMLTJMHKFFGH86CA,新光段,20.67,都市：住
RPXPMLKKMHKFFGH98CA,復旦段,29.79,都市：住
RPTNMLNKMHKFFGH68CA,南華段,102.96,非都市：鄉村區 ; 非都市編定：乙種建築用地
RPPNMLTKMHKFFGH88CA,東北段,39.49,都市：住
RPPNMLKKMHKFFGH97CA,東豐段,60.02,都市：住
RPPNMLKKMHKFFGH97CA,東豐段,.07,都市：住
RPSNMLKKMHKFFGH28CA,東豐段,61.08,都市：住
RPSNMLKKMHKFFGH28CA,東豐段,.07,都市：住
RPTNMLKKMHKFFGH38CA,東豐段,35.56,都市：住
RPQNMLKKMHKFFGH08CA,東豐段,59.52,都市：住
RPQNMLKKMHKFFGH08CA,東豐段,.07,都市：住
RPRNMLKKMHKFFGH18CA,東豐段,46.22,都市：住
RPRNMLKKMHKFFGH18CA,東豐段,.07,都市：住
RPRNMLPJNHKFFFH58CA,大和段,18.80,都市：住
RPOOMLTJMHKFFGH78CA,平鎮段,46.82,都市：商
RPTNMLLLMHKFFFH48CA,營盤段,635.72,非都市：特定農業區 ; 非都市編定：農牧用地
RPTNMLLLMHKFFFH48CA,營盤段,15.25,非都市：特定農業區 ; 非都市編定：農牧用地
RPPOMLRJMHKFFFH58CA,竹園段,47.12,非都市：鄉村區 ; 非都市編定：乙種建築用地
RPUNMLLLMHKFFFH58CA,高明段,17.73,都市：商
RPSNMLSJMHKFFFH88CA,豐田段,51.04,都市：住
RPXNMLNKMHKFFFH98CA,麻園段,75.63,非都市：鄉村區 ; 非都市編定：乙種建築用地
RPVNMLRJMHKFFFH09CA,中華段,39.27,非都市：特定農業區 ; 非都市編定：甲種建築用地
RPOOMLKKMHKFFEH77CA,羊稠段,16.99,都市：住
RPOOMLOKMHKFFEH18CA,河底段,32.69,都市：住
RPSOMLNLMHKFFEH58CA,錦興段,22.11,都市：住
RPQNMLRKMHKFFFH68CA,福興段,15.73,都市：商
RPPNMLRKMHKFFFH58CA,福興段,14.59,都市：商
RPTOMLNLMHKFFEH68CA,錦興段,30.20,都市：住
RPUOMLRLMHKFFEH56CA,青峰段,37.56,都市：住
RPTOMLRLMHKFFEH09CA,青峰段,27.32,都市：住
RPRNMLSJMHKFFEH68CA,北港段,26.88,非都市：工業區 ; 非都市編定：丁種建築用地
RPUNMLRJMHKFFFH98CA,瑞豐段,63.85,非都市：鄉村區 ; 非都市編定：乙種建築用地
RPUNMLRJMHKFFFH98CA,瑞豐段,8.80,非都市：鄉村區 ; 非都市編定：乙種建築用地
RPVOMLRLMHKFFEH66CA,青峰段,38.80,都市：住
RPPNMLPKMHKFFFH38CA,興豐段,23.23,都市：住
RPWNMLTJMHKFFEH66CA,富興段,278.10,都市：農
RPSNMLTJMHKFFEH88CA,坑子口段海湖小段,1269.00,非都市：一般農業區 ; 非都市編定：農牧用地
RPROMLRLMHKFFEH88CA,青峰段,36.32,都市：住
RPPNMLTJMHKFFEH58CA,竹圍段三塊石小段,96.96,都市：農
RPTNMLTJMHKFFEH98CA,坑子口段海湖小段,1870.00,非都市：一般農業區 ; 非都市編定：甲種建築用地
RPRNMLTJMHKFFEH78CA,坑子口段海湖小段,297.00,非都市：一般農業區 ; 非都市編定：交通用地
RPUNMLTJMHKFFEH09CA,竹圍段拔子林小段,56.00,都市：住
RPPNMLKKMHKFFEH77CA,南崁廟口段廟口小段,20.92,都市：住
RPVNMLOKMHKFFEH78CA,南崁廟口段羊稠坑小段,23.24,都市：住
RPTNMLNKMHKFFEH48CA,南青段,90.04,都市：農
RPPNMLKKMHKFFFH87CA,中華段,46071.77,非都市：特定農業區 ; 非都市編定：丁種建築用地
RPPNMLKKMHKFFFH87CA,中華段,14.14,非都市：特定農業區 ; 非都市編定：丁種建築用地
RPQNMLLKMHKFFEH97CA,河底段,25.94,都市：住
RPQOMLLLMHKFFFH28CA,大竹段,191.68,非都市：特定農業區 ; 非都市編定：甲種建築用地
RPPNMLLKMHKFFEH87CA,青峰段,60.49,都市：住
RPROMLTJMHKFFGH09CA,新勢段,3.32,都市：住
RPRNMLTJMHKFFFH88CA,大勇段,14.82,都市：其他
RPRNMLQKMHKFFFH68CA,高城段,10.43,都市：住
RPUOMLTJMHKFFGH76CA,復旦段,162.67,都市：農
RPPNMLMKMHKFFEH97CA,南崁下段,10.00,都市：農
RPPNMLMKMHKFFEH97CA,南崁下段,6.12,都市：農
RPPNMLMKMHKFFEH97CA,南崁下段,9.31,都市：其他
RPPNMLMKMHKFFEH97CA,南崁下段,2.81,都市：農
RPPNMLMKMHKFFEH97CA,南崁下段,.94,都市：其他
RPPNMLMKMHKFFEH97CA,南崁下段,96.19,都市：農
RPPNMLMKMHKFFEH97CA,南崁下段,89.31,都市：農
RPPNMLMKMHKFFEH97CA,南崁下段,72.56,都市：農
RPPNMLMKMHKFFEH97CA,南崁下段,16.56,都市：其他
RPPNMLMKMHKFFEH97CA,南崁下段,23.50,都市：其他
RPPNMLMKMHKFFEH97CA,南崁下段,6.56,都市：其他
RPPNMLMKMHKFFEH97CA,南崁下段,10.31,都市：農
RPPNMLMKMHKFFEH97CA,富竹段,45.46,都市：農
RPPNMLMKMHKFFEH97CA,富竹段,180.04,都市：農
RPPNMLMKMHKFFEH97CA,富竹段,11.34,都市：農
RPPNMLMKMHKFFEH97CA,富竹段,135.02,都市：農
RPQOMLTJMHKFFGH98CA,環南段,8.67,都市：住
RPQOMLTJMHKFFGH98CA,環南段,15.57,都市：住
RPRNMLTJMHKFFAH48DA,長安段,168.00,都市：住
RPTQMLTJMHKFFBH09DA,石頭段,16.00,都市：住
RPRNMLKKMHKFFBH77DA,榮民段,7.99,都市：住
RPQPMLKLMHKFFGH38CA,山子頂段,3.06,都市：住
RPQPMLKLMHKFFGH38CA,山子頂段,2.40,都市：住
RPQPMLKLMHKFFGH38CA,山子頂段,62.64,都市：住
RPVNMLPKMHKFFGH09CA,廣東段,108.00,都市：住
RPVNMLPKMHKFFGH09CA,廣東段,2.39,都市：住
RPVNMLPKMHKFFGH09CA,廣東段,3.06,都市：住
RPPNMLMKMHKFFFH08CA,廣福段,23.55,都市：住
RPROMLTJMHKFFAH58DA,國強段,20.97,都市：住
RPSPMLSJMHKFFAH68DA,龜山段,3.31,都市：住
RPUNMLLLMHKFFGH68CA,德育段,25.25,都市：住
RPTNMLNKMHKFFAH18DA,西門段,6.28,都市：住
RPSNMLPKMHKFFDH68EA,幼獅段,5.40,非都市：工業區 ; 非都市編定：丁種建築用地
RPSNMLPKMHKFFDH68EA,幼獅段,15.25,非都市：工業區 ; 非都市編定：丁種建築用地
RPSNMLPKMHKFFDH68EA,幼獅段,585.70,非都市：工業區 ; 非都市編定：丁種建築用地
RPSNMLLKMHKFFEH28DA,五福段,22.25,都市：住
RPSNMLLKMHKFFEH28DA,五福段,.02,都市：其他
RPPNMLRLMHKFFFH68CA,營盤段,36.44,非都市：特定農業區 ; 非都市編定：甲種建築用地
RPQNMLOLMHKFFFH48CA,豐田段,15.99,都市：住
RPQNMLRLMHKFFFH78CA,營盤段,32.42,非都市：特定農業區 ; 非都市編定：甲種建築用地
RPWNMLNKMHKFFEH88DA,南新段,3.44,都市：住
RPSNMLKLMHKFFFH48EA,瑞豐段,21.51,非都市：鄉村區 ; 非都市編定：乙種建築用地
RPROMLOKMHKFFEH58DA,錦興段,22.73,都市：住
RPROMLSJMHKFFFH98DA,興隆段,59.55,都市：住
RPSNMLLLMHKFFCH18DA,仁義段,90.41,都市：住
RPSNMLLLMHKFFCH18DA,仁義段,4.30,都市：其他
RPPNMLSLNHKFFGH98CA,平鎮段,25.19,都市：住
RPPNMLSLNHKFFGH98CA,平鎮段,53.00,都市：住
RPSNMLKLMHKFFFH38DA,建國段,817.09,非都市：特定農業區 ; 非都市編定：農牧用地
RPRNMLSLNHKFFGH56CA,平鎮段,25.19,都市：住
RPRNMLSLNHKFFGH56CA,平鎮段,48.00,都市：住
RPROMLNLMHKFFGH68CA,金星段,50.61,都市：住
RPRNMLKKMHKFFAH77EA,龍壽段,26.02,都市：住
RPTNMLOLMHKFFAH28CA,春日段,29.16,都市：住
RPWNMLQKMHKFFAH68CA,大樹林段,3.06,都市：商
RPQNMLPKMHKFFBH18DA,忠福段,25.37,都市：住
RPQNMLPKMHKFFBH18DA,忠福段,25.19,都市：住
RPVOMLNKMHKFFAH38CA,埔子段埔子小段,18.67,都市：住
RPROMLMLMHKFFAH97CA,富國段,3.88,都市：住
RPPOMLTLMHLFFGH76EA,新富段,13.45,都市：住
RPTOMLOKMHKFFAH28CA,中正段,59.26,都市：住
RPWNMLPKMHKFFAH58CA,大興段,42.68,都市：住
RPQPMLTJMHKFFAH48CA,興華段,224.00,都市：住
RPXNMLKKMHKFFAH18CA,星見段,63.80,都市：農
RPPOMLKKMHKFFAH47CA,中平段,23.80,都市：住
RPQOMLKKMHKFFAH57CA,延壽段,13.36,都市：住
RPRRMLNKMHKFFAH28CA,大有段,4.88,都市：住
RPRRMLNKMHKFFAH28CA,大有段,6.79,都市：住
RPRPMLTJMHKFFAH58CA,山鶯段,28.06,都市：住
RPXNMLQKMHKFFAH78CA,大樹林段,3.02,都市：商
RPQOMLPKMHKFFAH08CA,大興段,40.42,都市：住
RPTPMLNKMHKFFAH28CA,龍華段,172.91,都市：工
RPPOMLTJMHKFFAH28CA,富國段,12.61,都市：住
RPVOMLKKMHKFFAH08CA,興華段,25.11,都市：商
RPUPMLSJMHKFFAH78CA,東嶺段,13.42,非都市：山坡地保育區 ; 非都市編定：丙種建築用地
RPUPMLSJMHKFFAH78CA,東嶺段,4.09,非都市：山坡地保育區 ; 非都市編定：丙種建築用地
RPUPMLSJMHKFFAH78CA,東嶺段,1.80,非都市：山坡地保育區 ; 非都市編定：丙種建築用地
RPUPMLSJMHKFFAH78CA,東嶺段,.26,非都市：山坡地保育區 ; 非都市編定：丙種建築用地
RPSNMLTJMHKFFAH48CA,大有段,3.06,都市：住
RPWNMLTLMHKFFCH66CA,高義段,1430.00,非都市：山坡地保育區 ; 非都市編定：林業用地
RPQOMLOLMHKFFDH38CA,社子段,3584.00,非都市：特定農業區 ; 非都市編定：丁種建築用地
RPQOMLOLMHKFFDH38CA,社子段,1.93,非都市：特定農業區 ; 非都市編定：遊憩用地
RPQOMLOLMHKFFDH38CA,社子段,160.75,非都市：特定農業區 ; 非都市編定：丁種建築用地
RPQOMLOLMHKFFDH38CA,社子段,18.22,非都市：特定農業區 ; 非都市編定：水利用地
RPQOMLOLMHKFFDH38CA,社子段,26.69,非都市：特定農業區 ; 非都市編定：丁種建築用地
RPQOMLOLMHKFFDH38CA,社子段,43.02,非都市：特定農業區 ; 非都市編定：丁種建築用地
RPQOMLOLMHKFFDH38CA,社子段,26.62,非都市：特定農業區 ; 非都市編定：丁種建築用地
RPQOMLOLMHKFFDH38CA,社子段,22.51,非都市：特定農業區 ; 非都市編定：丁種建築用地
RPQOMLOLMHKFFDH38CA,社子段,13.77,非都市：特定農業區 ; 非都市編定：水利用地
RPQOMLOLMHKFFDH38CA,社子段,24.57,非都市：特定農業區 ; 非都市編定：交通用地
RPQOMLOLMHKFFDH38CA,社子段,13.89,非都市：特定農業區 ; 非都市編定：水利用地
RPQOMLOLMHKFFDH38CA,社子段,42.34,非都市：特定農業區 ; 非都市編定：農牧用地
RPQOMLOLMHKFFDH38CA,社子段,12.65,非都市：特定農業區 ; 非都市編定：農牧用地
RPQOMLOLMHKFFDH38CA,社子段,16.57,非都市：特定農業區 ; 非都市編定：農牧用地
RPQOMLOLMHKFFDH38CA,社子段,23.93,非都市：特定農業區 ; 非都市編定：農牧用地
RPQOMLOLMHKFFDH38CA,社子段,10.40,非都市：特定農業區 ; 非都市編定：農牧用地
RPQOMLOLMHKFFDH38CA,社子段,90.89,非都市：特定農業區 ; 非都市編定：農牧用地
RPVNMLNKMHKFFDH58CA,石磊子段石磊子小段,132.00,非都市：特定農業區 ; 非都市編定：農牧用地
RPTPMLSLMHKFFAH88CA,山福段,19.03,都市：住
RPXPMLRLMHKFFAH56CA,龍祥段,14.53,都市：商
RPPOMLSLMHKFFDH68CA,新秀段,1024.62,非都市：山坡地保育區 ; 非都市編定：丁種建築用地
RPQNMLTJMHKFFDH58CA,永福段,79.95,都市：住
RPSNMLKKMHKFFDH97CA,富岡段,307.80,非都市：特定農業區 ; 非都市編定：水利用地
RPSNMLKKMHKFFDH97CA,富岡段,47.00,非都市：特定農業區 ; 非都市編定：水利用地
RPUNMLRKMHKFFDH88CA,長紅段,118.48,非都市：山坡地保育區 ; 非都市編定：丙種建築用地
RPTQMLSKNHKFFAH98CA,龍華段,176.53,都市：工
RPVPMLSKNHKFFAH09CA,中埔段,27.74,都市：住
RPSOMLSKNHKFFAH68CA,大樹林段,6.37,都市：住
RPUOMLSKNHKFFAH88CA,中正段,27.90,都市：住
RPUOMLSKNHKFFAH88CA,中正段,.32,都市：住
RPSPMLPKMHKFFDH68CA,楊梅段,.39,都市：住
RPSPMLPKMHKFFDH68CA,楊梅段,1.06,都市：住
RPSPMLPKMHKFFDH68CA,楊梅段,.50,都市：住
RPSPMLPKMHKFFDH68CA,永福段,14.59,都市：住
RPOPMLPKMHKFFDH28CA,幼獅段,23.27,都市：住
RPPPMLPKMHKFFDH38CA,草湳坡段草湳坡小段,20.52,都市：住
RPPPMLPKMHKFFDH38CA,幼獅段,2.79,都市：住
RPVPMLLLMHKFFBH48CA,仁愛段,24.54,都市：住
RPXPMLPJNHKFFAH88CA,大崗段,235.20,都市：其他
RPVPMLPJNHKFFAH68CA,大崗段,95.41,都市：其他
RPOOMLQKMHKFFBH08CA,三座屋段舊社小段,12.80,都市：其他
RPRQMLPKMHKFFBH48CA,青溪段,41.35,都市：住
RPUOMLNKMHKFFBH38CA,青平段,21.20,都市：住
RPTOMLNKMHKFFBH28CA,青平段,23.00,都市：住
RPQQMLPKMHKFFBH38CA,青溪段,41.35,都市：住
RPOOMLPKMHKFFBH97CA,仁美段,68.00,都市：住
RPQPMLTJMHKFFBH58CA,普義段,20.75,都市：住
RPRNMLNKMHKFFBH97CA,興崙段,94.23,非都市：特定農業區 ; 非都市編定：甲種建築用地
RPTOMLPKMHKFFBH48CA,忠福段,97.00,都市：農
RPTPMLSJMHKFFBH78CA,青平段,51.19,都市：住
RPTPMLSJMHKFFBH78CA,青平段,51.42,都市：住
RPTPMLSJMHKFFBH78CA,青平段,36.88,都市：住
RPTPMLSJMHKFFBH78CA,青平段,92.49,都市：住
RPPOMLTJMHKFFBH38CA,後寮段,25.84,都市：住
RPWOMLTJMHKFFBH09CA,內厝段,78.00,非都市：特定農業區 ; 非都市編定：甲種建築用地
RPQQMLTJMHKFFBH68CA,忠福段,102.00,都市：住
RPUNMLQLMHKFFBH68CA,甘泉段,100.08,都市：住
RPWNMLQLMHKFFBH88CA,工業區段二小段,104.00,非都市：工業區 ; 非都市編定：丁種建築用地
RPWNMLQLMHKFFBH88CA,工業區段二小段,105.00,非都市：工業區 ; 非都市編定：丁種建築用地
RPWNMLQLMHKFFBH88CA,工業區段二小段,105.00,非都市：工業區 ; 非都市編定：丁種建築用地
RPUOMLLJNHKFFBH18CA,中工段,12.42,都市：住
RPRPMLOKMHKFFBH28CA,中寮段,16.14,都市：住
RPXRMLTJMHKFFBH86CA,大享段,26.85,非都市：特定農業區 ; 非都市編定：甲種建築用地
RPXRMLTJMHKFFBH86CA,大享段,465.81,非都市：特定農業區 ; 非都市編定：甲種建築用地
RPSRMLSLMHKFFBH09CA,中壢埔頂段,71.50,都市：住
RPQQMLMKNHKFFBH18CA,新坡段新坡小段,6.89,都市：其他
RPQQMLMKNHKFFBH18CA,新坡段新坡小段,24.40,都市：住
RPQQMLMKNHKFFBH18CA,新坡段新坡小段,40.88,都市：其他
RPQQMLMKNHKFFBH18CA,新坡段新坡小段,18.35,都市：住
RPQQMLMKNHKFFBH18CA,新坡段新坡小段,138.25,都市：其他
RPQQMLMKNHKFFBH18CA,新坡段新坡小段,2.66,都市：其他
RPQQMLMKNHKFFBH18CA,新坡段新坡小段,4.33,都市：住
RPQQMLMKNHKFFBH18CA,新坡段新坡小段,10.14,都市：其他
RPQQMLMKNHKFFBH18CA,新坡段新坡小段,51.70,都市：住
RPQQMLMKNHKFFBH18CA,新坡段新坡小段,17.42,都市：其他
RPXNMLQJNHKFFBH88CA,草新段,78.80,都市：住
RPPOMLQJNHKFFBH18CA,水尾段水尾小段,19.00,都市：住
RPPOMLQJNHKFFBH18CA,水尾段水尾小段,111.00,都市：住
RPWPMLMKNHKFFBH68CA,自立段,27.12,都市：住
RPQOMLKMMHKFFBH87CA,培英段,25.11,都市：住
RPQPMLMKNHKFFBH08CA,青溪段,39.65,都市：住
RPPPMLMKNHKFFBH97CA,青溪段,39.64,都市：住
RPROMLRJNHKFFBH48CA,青溪段,34.22,都市：住
RPROMLRJNHKFFBH48CA,青溪段,53.19,都市：住
RPPNMLLKMHKFFBH57CA,中壢埔頂段,4.36,都市：住
RPPNMLLKMHKFFBH57CA,中壢埔頂段,17.33,都市：住
RPROMLKMMHKFFBH97CA,培英段,25.71,都市：住
RPUPMLKKMHKFFBH18CA,新興段,36.78,都市：農
RPUPMLKKMHKFFBH18CA,新興段,440.20,都市：農
RPURMLSLMHKFFBH66CA,環東段,8.59,都市：住
RPVRMLSLMHKFFBH76CA,自立段,25.12,都市：住
RPOQMLKKMHKFFBH67CA,工業區段二小段,78.00,非都市：工業區 ; 非都市編定：丁種建築用地
RPQPMLKKMHKFFBH77CA,石頭段,5.36,都市：住
RPVNMLKKMHKFFBH08CA,復興段,18.25,都市：住
RPXPMLOKMHKFFBH88CA,青平段,19.90,都市：商
RPQPMLPKMHKFFBH28CA,中壢埔頂段,80.00,都市：住
RPUQMLPKMHKFFBH78CA,興南段興南小段,31.65,都市：商
RPURMLTJMHKFFBH56CA,自立段,33.88,都市：住
SPSPMLOKMHKFFBH48CA,藍埔段,29.88,非都市：特定農業區 ; 非都市編定：甲種建築用地
RPVNMLTLMHKFFBH09CA,忠義段,73.87,都市：工
RPSNMLNKMHKFFBH08CA,工業區段二小段,100.00,非都市：工業區 ; 非都市編定：丁種建築用地
RPQQMLKKMHKFFBH87CA,大湖段,812.42,非都市：特定農業區 ; 非都市編定：甲種建築用地
RPTNMLNKMHKFFBH18CA,工業區段二小段,83.00,非都市：工業區 ; 非都市編定：丁種建築用地
RPTNMLNKMHKFFBH18CA,工業區段二小段,83.00,非都市：工業區 ; 非都市編定：丁種建築用地
RPTNMLNKMHKFFBH18CA,工業區段二小段,83.00,非都市：工業區 ; 非都市編定：丁種建築用地
RPTNMLNKMHKFFBH18CA,工業區段二小段,46.00,非都市：工業區 ; 非都市編定：丁種建築用地
RPWNMLOKMHKFFBH58CA,內厝段,2675.00,非都市：特定農業區 ; 非都市編定：甲種建築用地
RPWPMLRKMHKFFBH09CA,仁美段,55.00,都市：住
RPVNMLKLMHKFFBH18CA,崙尾段,1390.53,非都市：一般農業區 ; 非都市編定：甲種建築用地
RPVNMLPJNHKFFBH58CA,普仁段,10.36,都市：住
RPXOMLNKMHKFFBH68CA,三座屋段三座屋小段,1.53,都市：住
RPXOMLNKMHKFFBH68CA,三座屋段舊社小段,7.12,都市：住
RPWNMLRKMHKFFDH09CA,草湳坡段埔心小段,13.89,都市：住
RPXNMLRKMHKFFDH56CA,梅獅段,73.01,都市：住
RPXNMLKLMHKFFDH58CA,永福段,7.23,都市：住
RPXNMLKLMHKFFDH58CA,永福段,65.69,都市：住
RPXNMLKLMHKFFDH58CA,永福段,70.37,都市：住
RPQOMLKLMHKFFBH77CA,前寮段,48.56,都市：住
RPQOMLKLMHKFFBH77CA,前寮段,29.67,都市：其他
RPWRMLOLMHKFFBH09CA,草新段,74.96,都市：住
RPTPMLKLMHKFFBH18CA,石頭段,28.60,都市：住
RPRRMLRLMHKFFBH88CA,後興段,22.37,都市：住
RPUPMLRLMHKFFBH98CA,中寮段,22.14,都市：住
RPPNMLMKMHKFFDH87CA,石磊子段石磊子小段,76.00,非都市：鄉村區 ; 非都市編定：乙種建築用地
RPSNMLQLMHKFFBH48CA,草新段,78.00,都市：住
RPOPMLOLMHKFFDH28CA,草湳坡段埔心小段,3.67,都市：住
RPOPMLOLMHKFFDH28CA,草湳坡段埔心小段,95.59,都市：住
RPRNMLRKMHKFFCH48CA,埔頂段,32.73,都市：住
RPRNMLRKMHKFFCH48CA,埔頂段,.21,都市：商
RPXNMLPKMHKFFDH98CA,草湳坡段埔心小段,14.93,都市：住
RPPPMLOLMHKFFDH38CA,草湳坡段埔心小段,3.71,都市：住
RPPPMLOLMHKFFDH38CA,草湳坡段埔心小段,96.65,都市：住
RPSNMLPKMHKFFDH48CA,草湳坡段埔心小段,23.02,都市：住
RPRNMLPLMHKFFCH38CA,八張犁段,30.95,非都市：鄉村區 ; 非都市編定：乙種建築用地
RPPQMLTJMHKFFAH48CA,雲盟段,5.65,都市：住
RPPOMLPKMHKFFAH97CA,同安段,4.00,都市：其他
RPTQMLKKMHKFFAH08CA,忠義段,4.53,都市：農
RPTQMLKKMHKFFAH08CA,忠義段,6.74,都市：農
RPTQMLKKMHKFFAH08CA,忠義段,.03,都市：農
RPTQMLKKMHKFFAH08CA,三元段,.02,都市：其他
RPTQMLKKMHKFFAH08CA,三元段,.82,都市：其他
RPTQMLKKMHKFFAH08CA,三元段,.27,都市：其他
RPTQMLKKMHKFFAH08CA,三元段,20.46,都市：農
RPTQMLKKMHKFFAH08CA,三元段,.75,都市：其他
RPTQMLKKMHKFFAH08CA,三元段,7.44,都市：農
RPTQMLKKMHKFFAH08CA,三元段,1.61,都市：農
RPTQMLKKMHKFFAH08CA,三元段,3.29,都市：農
RPTQMLKKMHKFFAH08CA,三元段,20.26,都市：農
RPTQMLKKMHKFFAH08CA,三元段,27.91,都市：農
RPTQMLKKMHKFFAH08CA,三元段,16.28,都市：農
RPTQMLKKMHKFFAH08CA,三元段,2.88,都市：農
RPTQMLKKMHKFFAH08CA,三元段,3.99,都市：農
RPSNMLPKMHKFFAH18CA,中路段,7.00,都市：其他
RPOOMLKKMHKFFAH37CA,星見段,63.80,都市：農
RPTPMLKKMHKFFAH97CA,西門段,28.31,都市：住
RPSOMLNKMHKFFAH08CA,幸褔段,34.55,非都市：鄉村區 ; 非都市編定：乙種建築用地
RPVPMLNKMHKFFAH48CA,大興段,10.22,都市：住
RPVPMLNKMHKFFAH48CA,大興段,7.87,都市：住
RPRPMLQKMHKFFAH38CA,中路段,21.23,都市：工
RPTOMLQKMHKFFAH48CA,新埔段,41.82,都市：住
RPROMLPKMHKFFAH18CA,桃鶯段,17.87,都市：住
RPOQMLOKMHKFFAH97CA,大樹林段,32.75,都市：住
RPVOMLPKMHKFFAH58CA,塔寮坑段坑底小段,2517.00,非都市：山坡地保育區 ; 非都市編定：農牧用地
RPVPMLOKMHKFFAH58CA,大有段,8.70,都市：住
RPUNMLMJNHKFFAH08CA,大樹林段,12.51,都市：商
RPPPMLKMMHKFFAH77CA,東國段,52.30,都市：商
RPQPMLLLMHKFFAH87CA,和平段,28.58,都市：住
RPOPMLPKMHKFFAH97CA,忠義段,3.88,都市：住
RPUPMLTJMHKFFAH09EA,和平段,22.00,都市：其他
RPQQMLMLMHKFFAH08CA,興華段,27.67,都市：其他
RPVNMLLJNHKFFAH08CA,同安段,21.56,都市：住
RPOSMLRKMHKFFAH48CA,山德段,35.35,都市：住
RPUPMLRKMHKFFAH78CA,埔子段北門埔子小段,4.06,都市：商
RPUPMLRKMHKFFAH78CA,埔子段北門埔子小段,4.52,都市：商
RPXPMLRKMHKFFAH09CA,大有段,28.10,都市：住
RPOPMLLLMHKFFAH67CA,和平段,27.01,都市：住
RPVNMLKLMHKFFAH08CA,興華段,44.65,都市：住
RPRNMLLKMHKFFEH18DA,河底段,21.90,都市：住
RPTNMLKMMHKFFAH18EA,大樹林段,22.75,都市：商
RPXNMLKKMHKFFFH88EA,營盤段,697.65,非都市：特定農業區 ; 非都市編定：交通用地
RPPNMLKKMHKFFDH77DA,草湳坡段埔心小段,22.70,都市：住
RPROMLRKMHKFFDH78DA,新洲段,120.33,都市：住
RPTNMLOKMHKFFGH88DA,環南段,25.44,都市：住
RPUOMLKKMHKFFFH68EA,高城段,72.04,都市：住
RPUOMLKKMHKFFFH68EA,高城段,2.00,都市：住
RPRNMLNKMHKFFCH28EA,缺子段粟子園小段,104.51,非都市：河川區 ; 非都市編定：丁種建築用地
RPRNMLNKMHKFFCH28EA,缺子段粟子園小段,16.06,非都市：河川區 ; 非都市編定：丁種建築用地
RPRNMLTJMHKFFDH88EA,草湳坡段埔心小段,23.58,都市：住
RPPNMLOKMHKFFGH48DA,廣東段,35.71,都市：住
RPOOMLTLMHKFFDH88EA,下田心子段赤牛欄小段,51.78,非都市：特定農業區 ; 非都市編定：甲種建築用地
RPQOMLTLMHKFFDH09EA,下田心子段赤牛欄小段,51.78,非都市：特定農業區 ; 非都市編定：甲種建築用地
RPTPMLOLMHKFFBH78EA,中工段,355.00,都市：住
RPTNMLNLMHKFFAH18CA,小檜溪段,6.61,都市：商
RPUPMLKKMHKFFBH38EA,三座屋段舊社小段,14.60,都市：住
RPUPMLKLMHKFFAH28DA,三元段,18.17,都市：住
RPOOMLLJNHKFFGH08CA,忠貞段,69.00,都市：商
RPTNMLNLMHKFFGH78CA,復旦段,23.25,都市：住
RPWNMLKKMHKFFBH28DA,前寮段,71.69,都市：住
RPSNMLNLMHKFFGH68CA,平鎮段,14.96,都市：住
RPOOMLKKMHKFFBH57DA,中工段,22.50,都市：住
RPOOMLKKMHKFFBH57DA,中工段,3.42,非都市：工業區 ; 非都市編定：丁種建築用地
RPRNMLLKMHKFFBH87DA,新街段,10.87,都市：其他
RPRNMLMKMHKFFBH97DA,西寮段,76.82,都市：住
RPRPMLRLMHKFFGH56CA,平鎮段,14.13,都市：住
RPPNMLOKMHKFFBH97DA,石頭段,30.14,都市：住
RPTPMLRLMHKFFGH76CA,環南段,23.95,都市：住
RPQOMLLKNHKFFAH97EA,桃鶯段,60.79,都市：工
RPSRMLLKNHKFFAH48EA,同安段,27.68,都市：住
RPRNMLOKMHKFFBH18DA,仁美段,13.70,都市：商
RPUNMLPKMHKFFGH98CA,西社段,59.47,都市：住
RPUNMLPKMHKFFGH98CA,西社段,11.59,都市：住
RPQPMLRKMHKFFGH98CA,雙連段,76.30,都市：住
RPQPMLRKMHKFFGH98CA,雙連段,.27,都市：其他
RPXPMLSLNHKFFFH47EA,福興段,29.65,都市：商
RPXNMLPKMHKFFGH66CA,金星段,15.27,都市：住
RPTOMLKKMHKFFGH48CA,新富段,13.81,都市：住
RPOOMLRKMHKFFGH68CA,新勢段,2.78,都市：住
RPTPMLOKMHKFFGH98CA,東豐段,77.10,都市：住
RPOQMLKKMHKFFGH18CA,新富段,17.01,都市：住
RPQOMLKKMHKFFFH08CA,大仁段,13.13,非都市：特定農業區 ; 非都市編定：甲種建築用地
RPSNMLLJNHKFFFH28CA,大華段,17.55,都市：住
RPVNMLOKMHKFFGH98CA,東豐段,30.49,都市：住
RPVNMLOKMHKFFGH98CA,東豐段,.40,都市：住
RPUNMLKKMHKFFFH38CA,大義段,18.63,都市：住
RPWNMLKKMHKFFFH58CA,前程段,6.41,都市：住
RPROMLKKMHKFFFH18CA,大華段,9.23,都市：住
RPVNMLOLMHKFFFH98CA,興豐段,111.18,都市：住
RPOOMLPKMHKFFEH28CA,錦興段,27.49,都市：住
RPVNMLNKMHKFFEH68CA,青峰段,48.60,都市：住
RPUNMLNKMHKFFEH58CA,青峰段,36.16,都市：住
RPUNMLKKMHKFFEH28CA,錦明段,27.86,都市：工
RPWOMLRLMHKFFEH76CA,青峰段,32.60,都市：住
RPXOMLRLMHKFFEH86CA,青峰段,40.98,都市：住
RPWOMLQJNHKFFEH56CA,竹圍段崁下小段,141.12,都市：住
RPWOMLQJNHKFFEH56CA,竹圍段崁下小段,3.50,都市：其他
RPWOMLQJNHKFFEH56CA,竹圍段崁下小段,19.88,都市：其他
RPWOMLQJNHKFFEH56CA,竹圍段崁下小段,60.50,都市：住
RPWOMLQJNHKFFEH56CA,竹圍段崁下小段,318.38,都市：住
RPWOMLQJNHKFFEH56CA,竹圍段崁下小段,32.30,都市：住
RPWOMLQJNHKFFEH56CA,竹圍段崁下小段,12.32,都市：住
RPWOMLQJNHKFFEH56CA,竹圍段崁下小段,216.38,都市：其他
RPWOMLQJNHKFFEH56CA,竹圍段崁下小段,4.88,都市：其他
RPWOMLQJNHKFFEH56CA,竹圍段崁下小段,9.88,都市：住
RPWOMLQJNHKFFEH56CA,竹圍段崁下小段,22.38,都市：住
RPWOMLQJNHKFFEH56CA,竹圍段崁下小段,5.88,都市：住
RPWOMLQJNHKFFEH56CA,竹圍段崁下小段,29.10,都市：其他
RPWOMLQJNHKFFEH56CA,竹圍段崁下小段,5.52,都市：其他
RPWOMLQJNHKFFEH56CA,竹圍段崁下小段,4.68,都市：其他
RPWOMLQJNHKFFEH56CA,竹圍段崁下小段,8.52,都市：住
RPWOMLQJNHKFFEH56CA,竹圍段崁下小段,23.75,都市：住
RPSNMLOLMHKFFEH58CA,富竹段,1.45,都市：農
RPSNMLOLMHKFFEH58CA,富竹段,77.66,都市：農
RPTOMLKKMHKFFFH38CA,建國段,221.79,非都市：特定農業區 ; 非都市編定：農牧用地
RPTOMLRKMHKFFEH98CA,圳股頭段古亭小段,17.95,非都市：一般農業區 ; 非都市編定：甲種建築用地
RPTOMLRKMHKFFEH98CA,圳股頭段古亭小段,68.00,非都市：一般農業區 ; 非都市編定：甲種建築用地
RPPNMLNKMHKFFFH18CA,力行段,33.94,都市：住
RPUNMLOKMHKFFFH78CA,興仁段,13.21,都市：商
RPTOMLRKMHKFFFH09CA,大和段,15.43,都市：住
RPWNMLOKMHKFFGH09CA,東豐段,45.16,都市：住
RPWNMLOKMHKFFGH09CA,東豐段,.07,都市：住
RPXPMLPJNHKFFEH66CA,錦中段,17.11,都市：工
RPXPMLPJNHKFFEH66CA,錦中段,.05,都市：工
RPVOMLOJNHKFFEH88CA,大興段,22.63,都市：住
RPXNMLOKMHKFFGH56CA,東豐段,45.16,都市：住
RPXNMLOKMHKFFGH56CA,東豐段,.07,都市：住
RPRNMLMLMHKFFFH38CA,豐田段,34.10,都市：住
RPWNMLPJNHKFFEH98CA,大新段,115.45,都市：住
RPUOMLKLMHKFFFH58CA,大明段,35.84,非都市：鄉村區 ; 非都市編定：乙種建築用地
RPWPMLKMMHKFFFH98CA,興豐段,6.98,都市：住
RPWPMLKMMHKFFFH98CA,興豐段,15.18,都市：其他
RPRPMLSLNHKFFEH56CA,五塊厝段大埔小段,31.00,非都市：特定農業區 ; 非都市編定：甲種建築用地
SPRPMLSLNHKFFEH66CA,五塊厝段大埔小段,43.00,非都市：特定農業區 ; 非都市編定：甲種建築用地
RPWPMLKKMHKFFBH48DA,復興段,20.60,都市：住
RPROMLMLPHKFFDH58CA,高上段,55.08,非都市：特定農業區 ; 非都市編定：甲種建築用地
RPXPMLKKMHKFFBH58DA,三座屋段三座屋小段,25.82,都市：住
RPSOMLOKMHKFFGH78CA,東豐段,35.56,都市：住
RPQPMLOKMHKFFAH18DA,慈文段,34.40,都市：住
RPQPMLOKMHKFFGH68CA,廣北段,13.60,都市：商
RPROMLOKMHKFFGH68CA,東豐段,35.56,都市：住
RPROMLOKMHKFFGH68CA,東豐段,.07,都市：住
RPQOMLOKMHKFFGH58CA,東豐段,46.22,都市：住
RPQOMLOKMHKFFGH58CA,東豐段,.07,都市：住
RPPPMLOKMHKFFGH58CA,廣北段,9.71,都市：商
RPPOMLOKMHKFFGH48CA,東豐段,59.45,都市：住
RPPOMLOKMHKFFGH48CA,東豐段,.07,都市：住
RPOOMLOKMHKFFGH38CA,東豐段,44.66,都市：住
RPOOMLOKMHKFFGH38CA,東豐段,.07,都市：住
RPQNMLOKMHKFFGH48CA,新富段,6.77,都市：住
RPQNMLOKMHKFFGH48CA,新富段,.02,都市：其他
RPTNMLLJNHKFFGH48CA,平鎮段,17.03,都市：住
RPTNMLLJNHKFFGH48CA,平鎮段,100.58,都市：住
RPUNMLLJNHKFFGH58CA,平鎮段,17.03,都市：住
RPUNMLLJNHKFFGH58CA,平鎮段,100.58,都市：住
RPWOMLLLMHKFFGH98CA,湧星段,83.72,都市：商
RPQOMLNLMHKFFGH58CA,環南段,8.58,都市：住
RPWNMLOLMHKFFGH56CA,廣東段,26.39,都市：住
RPSPMLSLMHKFFGH76CA,廣豐段,12.30,都市：其他
RPQNMLNKMHKFFFH48EA,豐田段,57.02,非都市：鄉村區 ; 非都市編定：乙種建築用地
RPQNMLNKMHKFFFH48EA,豐田段,15.48,非都市：鄉村區 ; 非都市編定：乙種建築用地
RPQNMLNKMHKFFFH48EA,豐田段,7.10,非都市：鄉村區 ; 非都市編定：乙種建築用地
RPSOMLKKMHKFFFH48EA,大智段,27.10,都市：住
RPPNMLKMMHKFFGH18CA,富貴段,189.88,非都市：特定農業區 ; 非都市編定：甲種建築用地
RPOOMLKMMHKFFGH18CA,平鎮段,11.48,都市：商
RPXNMLRLMHKFFGH96CA,金星段,22.92,都市：住
RPPOMLKMMHKFFGH28CA,環南段,11.33,都市：住
RPROMLLLMHKFFAH97DA,大樹林段,6.39,都市：其他
RPOOMLPKMHKFFDH28DA,瑞上段,91.52,非都市：特定農業區 ; 非都市編定：甲種建築用地
RPPNMLQKMHKFFBH18DA,三座屋段舊社小段,119.00,都市：住
RPPOMLTLMHKFFGH09CA,義民段,7.92,都市：住
RPPNMLKMPHKFFDH38EA,石磊子段石磊子小段,6.04,非都市：特定農業區 ; 非都市編定：甲種建築用地
RPPNMLKMPHKFFDH38EA,石磊子段石磊子小段,7.41,非都市：特定農業區 ; 非都市編定：甲種建築用地
RPUNMLTLNHKFFEH96EA,公埔段,15.96,都市：住
RPSNMLMKOHKFFDH58EA,高洲段,107.48,都市：住
RPQPMLPKMHKFFAH38EA,富國段,80.83,都市：住
RPUNMLKLMHKFFAH97CA,大樹林段,13.15,都市：住
RPUNMLKLMHKFFAH97CA,大樹林段,.07,都市：其他
RPVOMLKLMHKFFEH68DA,河底段,17.89,都市：其他
RPSNMLRLMHKFFAH48CA,和平段,18.72,都市：住
RPWPMLKLMHKFFAH38CA,山德段,5.94,都市：其他
RPWPMLKLMHKFFAH38CA,山德段,61.88,都市：其他
RPQNMLOLMHKFFAH97CA,春日段,30.01,都市：住
RPVOMLKLMHKFFAH18CA,國聖段,21.82,都市：住
RPPRMLRKMHKFFAH48CA,幸褔段,2.52,非都市：鄉村區 ; 非都市編定：乙種建築用地
RPPRMLRKMHKFFAH48CA,幸褔段,13.26,非都市：鄉村區 ; 非都市編定：乙種建築用地
RPPRMLRKMHKFFAH48CA,幸褔段,5.06,非都市：鄉村區 ; 非都市編定：乙種建築用地
RPWQMLMLMHKFFAH68CA,中平段,7.36,都市：住
RPQPMLMLMHKFFAH97CA,新路段,91.00,都市：住
RPSNMLLLMHKFFAH87CA,大有段,9.40,都市：住
RPTPMLQKMHKFFDH98DA,二重溪段,110.00,非都市：山坡地保育區 ; 非都市編定：丙種建築用地
RPRQMLRKMHKFFAH58CA,中埔段,28.00,都市：住
RPSQMLRKMHKFFAH68CA,慈文段,16.67,都市：住
RPPPMLPKMHKFFAH08CA,幸褔段,1.08,非都市：鄉村區 ; 非都市編定：乙種建築用地
RPPPMLPKMHKFFAH08CA,幸褔段,15.12,非都市：鄉村區 ; 非都市編定：乙種建築用地
RPPNMLRKMHKFFAH08CA,埔子段埔子小段,.73,都市：住
RPUQMLRKMHKFFAH88CA,慈文段,22.37,都市：住
RPQOMLNKMHKFFAH87CA,幸褔段,14.56,非都市：鄉村區 ; 非都市編定：乙種建築用地
RPQNMLLKMHKFFAH57CA,成功段,7.63,都市：住
RPQNMLLKMHKFFAH57CA,成功段,.11,都市：住
RPQNMLLKMHKFFAH57CA,成功段,2.89,都市：其他
RPWNMLNKMHKFFAH38CA,幸褔段,34.55,非都市：鄉村區 ; 非都市編定：乙種建築用地
RPWNMLRKMHKFFAH78CA,桃園段武陵小段,5.86,都市：商
RPSQMLKLMHKFFAH08CA,寶山段,10.53,都市：住
RPSRMLNKMHKFFAH38CA,玉山段,111.78,都市：農
RPXPMLNKMHKFFAH68CA,興華段,140.00,都市：住
RPQRMLNKMHKFFAH18CA,明興段,12.19,都市：住
RPQRMLNKMHKFFAH18CA,明興段,50.02,都市：住
RPQRMLNKMHKFFAH18CA,明興段,.75,都市：住
RPUQMLNKMHKFFAH48CA,和平段,15.40,都市：住
RPXQMLNKMHKFFAH78CA,明興段,10.95,都市：住
RPXQMLNKMHKFFAH78CA,明興段,44.93,都市：住
RPXQMLNKMHKFFAH78CA,明興段,.68,都市：住
RPPRMLNKMHKFFAH08CA,明興段,12.19,都市：住
RPPRMLNKMHKFFAH08CA,明興段,50.02,都市：住
RPPRMLNKMHKFFAH08CA,明興段,.75,都市：住
RPORMLNKMHKFFAH97CA,明興段,12.19,都市：住
RPORMLNKMHKFFAH97CA,明興段,50.02,都市：住
RPORMLNKMHKFFAH97CA,明興段,.75,都市：住
RPWQMLNKMHKFFAH68CA,明興段,10.95,都市：住
RPWQMLNKMHKFFAH68CA,明興段,44.93,都市：住
RPWQMLNKMHKFFAH68CA,明興段,.68,都市：住
RPSPMLOKMHKFFAH28CA,延壽段,14.11,都市：住
RPWOMLQKMHKFFCH98CA,缺子段粟子園小段,50.00,都市：其他
RPWOMLQKMHKFFCH98CA,缺子段粟子園小段,50.00,都市：其他
RPWOMLQKMHKFFCH98CA,缺子段粟子園小段,20.00,都市：其他
RPWOMLQKMHKFFCH98CA,缺子段粟子園小段,20.00,都市：其他
RPWOMLQKMHKFFCH98CA,缺子段粟子園小段,20.00,都市：其他
RPWOMLQKMHKFFCH98CA,缺子段粟子園小段,20.00,都市：其他
RPWOMLQKMHKFFCH98CA,缺子段粟子園小段,20.00,都市：其他
RPWOMLQKMHKFFCH98CA,缺子段粟子園小段,20.00,都市：其他
RPWOMLQKMHKFFCH98CA,缺子段粟子園小段,20.00,都市：其他
RPRNMLOKMHKFFAH97CA,法政段,234.00,都市：其他
RPRNMLOKMHKFFAH97CA,東國段,18.33,都市：其他
RPRNMLOKMHKFFAH97CA,東國段,86.67,都市：其他
RPRNMLOKMHKFFAH97CA,成功段,15.54,都市：其他
RPOOMLNKMHKFFCH87CA,三洽水段,2536.00,非都市：山坡地保育區 ; 非都市編定：農牧用地
RPOOMLNKMHKFFCH87CA,三洽水段,49.00,非都市：河川區 ; 非都市編定：農牧用地
RPUNMLOKMHKFFCH48CA,干城段,55.84,非都市：鄉村區 ; 非都市編定：乙種建築用地
RPPNMLOKMHKFFCH97CA,爺亨段,1340.00,非都市：一般農業區 ; 非都市編定：農牧用地
RPRNMLPKMHKFFAH08CA,新路段,27.73,都市：住
RPRNMLPKMHKFFAH08CA,新路段,.69,都市：住
RPVNMLKKMHKFFCH18CA,烏樹林段,83.00,非都市：鄉村區 ; 非都市編定：乙種建築用地
RPXQMLLKNHKFFAH68CA,埔子段埔子小段,22.72,都市：住
RPSNMLOKMHKFFCH28CA,干城段,45.36,非都市：鄉村區 ; 非都市編定：乙種建築用地
RPRNMLOKMHKFFCH18CA,干城段,45.36,非都市：鄉村區 ; 非都市編定：乙種建築用地
RPOQMLOKMHKFFCH18CA,石門段,16.06,都市：其他
RPSNMLMJNHKFFCH08CA,三洽水段,38.11,非都市：鄉村區 ; 非都市編定：乙種建築用地
RPSNMLMJNHKFFCH08CA,三洽水段,398.00,非都市：鄉村區 ; 非都市編定：乙種建築用地
RPRNMLMJNHKFFCH97CA,三洽水段,298.00,非都市：鄉村區 ; 非都市編定：乙種建築用地
RPRNMLMJNHKFFCH97CA,三洽水段,38.11,非都市：鄉村區 ; 非都市編定：乙種建築用地
RPUOMLPJNHKFFCH68CA,三洽水段,2500.00,非都市：山坡地保育區 ; 非都市編定：農牧用地
RPUOMLPJNHKFFCH68CA,南龍段,268.18,非都市：一般農業區 ; 非都市編定：農牧用地
RPUOMLPJNHKFFCH68CA,南龍段,54.31,非都市：一般農業區 ; 非都市編定：農牧用地
RPRQMLNLMHKFFDH58CA,高洲段,151.17,都市：住
RPPPMLOKMHKFFAH97CA,興華段,44.56,都市：住
RPVQMLOKMHKFFAH68CA,東門段,11.00,都市：住
RPXOMLSJNHKFFAH09CA,福林段,18.07,都市：農
RPXOMLSJNHKFFAH09CA,福林段,.24,都市：農
RPXOMLSJNHKFFAH09CA,福林段,1.13,都市：其他
RPXOMLSJNHKFFAH09CA,福林段,111.37,都市：農
RPQNMLMKNHKFFCH97CA,民有段,8.91,都市：其他
RPQNMLMKNHKFFCH97CA,民有段,3.57,都市：其他
RPWTMLSJNHKFFAH86CA,大有段,11.63,都市：住
RPSPMLNKMHKFFDH48CA,頭重溪段,10.61,都市：住
RPSPMLNKMHKFFDH48CA,大金山下段大金山下小段,2.18,都市：住
RPTOMLPKMHKFFDH68CA,啟文段,32.15,非都市：特定農業區 ; 非都市編定：甲種建築用地
RPRPMLPKMHKFFDH58CA,頭重溪段,19.74,都市：住
RPVOMLPKMHKFFDH88CA,二重溪段,23.94,都市：住
RPSNMLSLNHKFFCH88CA,潛龍段,27.74,非都市：鄉村區 ; 非都市編定：乙種建築用地
RPSNMLSLNHKFFCH88CA,潛龍段,.60,非都市：鄉村區 ; 非都市編定：乙種建築用地
RPUPMLPKMHKFFDH88CA,楊梅段,26.98,都市：住
RPOPMLNKMHKFFDH08CA,頭重溪段,18.30,都市：住
RPRNMLOKPHKFFAH48EA,埔子段北門埔子小段,25.67,都市：商
RPVNMLRLMHKFFDH09CA,二重溪段,126.00,非都市：山坡地保育區 ; 非都市編定：丙種建築用地
RPVNMLRLMHKFFDH09CA,二重溪段,103.00,非都市：山坡地保育區 ; 非都市編定：丙種建築用地
RPXNMLMLMHKFFDH78CA,後庄段,1933.00,非都市：特定農業區 ; 非都市編定：農牧用地
RPXNMLMLMHKFFDH78CA,後庄段,1190.00,非都市：特定農業區 ; 非都市編定：農牧用地
RPXNMLMLMHKFFDH78CA,後庄段,870.00,非都市：特定農業區 ; 非都市編定：農牧用地
RPVOMLNLMHKFFDH78CA,二重溪段,40.42,非都市：山坡地保育區 ; 非都市編定：丙種建築用地
RPVOMLSLMHKFFDH66CA,高洲段,90.77,都市：住
RPVOMLSLMHKFFDH66CA,高洲段,1.11,都市：住
RPXNMLKMMHKFFDH68CA,永福段,14.11,都市：住
RPOOMLMLMHKFFDH97CA,楊梅段,13.22,都市：商
RPOPMLMLMHKFFDH08CA,梅園段,75.70,非都市：山坡地保育區 ; 非都市編定：丙種建築用地
RPTPMLLLMHKFFBH28CA,忠福段,12.47,都市：其他
RPTPMLLLMHKFFBH28CA,忠福段,.58,都市：住
RPTPMLLLMHKFFBH28CA,忠福段,1.56,都市：住
RPTPMLLLMHKFFBH28CA,培英段,13.27,都市：住
RPSOMLKLMHKFFDH18CA,永寧段,196.70,非都市：山坡地保育區 ; 非都市編定：丙種建築用地
RPSOMLKLMHKFFDH18CA,永寧段,.26,非都市：山坡地保育區 ; 非都市編定：丙種建築用地
RPSOMLKLMHKFFDH18CA,永寧段,5.40,非都市：山坡地保育區 ; 非都市編定：丙種建築用地
RPSOMLKLMHKFFDH18CA,永寧段,.01,非都市：山坡地保育區 ; 非都市編定：丙種建築用地
RPSOMLKLMHKFFDH18CA,永寧段,25.27,非都市：山坡地保育區 ; 非都市編定：丙種建築用地
RPUOMLQKMHKFFBH68CA,樹林子段崁頭子小段,12.70,非都市：特定農業區 ; 非都市編定：甲種建築用地
RPUOMLQKMHKFFBH68CA,樹林子段崁頭子小段,3.20,非都市：特定農業區 ; 非都市編定：甲種建築用地
RPUOMLQKMHKFFBH68CA,樹林子段崁頭子小段,14.00,非都市：特定農業區 ; 非都市編定：甲種建築用地
RPUOMLQKMHKFFBH68CA,樹林子段崁頭子小段,50.00,非都市：特定農業區 ; 非都市編定：甲種建築用地
RPQNMLOKMHKFFBH97CA,三座屋段舊社小段,112.00,都市：農
RPVOMLRKMHKFFBH88CA,興南段興南小段,17.60,都市：住
RPSNMLMLMHKFFBH08CA,環東段,11.85,都市：住
RPUNMLMLMHKFFBH28CA,普義段,29.25,都市：住
RPWQMLPKMHKFFBH98CA,新街段,3.98,都市：商
RPWQMLPKMHKFFBH98CA,新街段,.01,都市：住
RPPOMLRKMHKFFBH28CA,新街段,11.76,都市：商
RPPNMLMKMHKFFBH67CA,三座屋段舊社小段,5.15,都市：商
RPPNMLNLMHKFFBH87CA,忠福段,21.58,都市：住
RPQPMLNKMHKFFBH08CA,草漯段,137.00,都市：住
RPQPMLNKMHKFFBH08CA,草漯段,137.00,都市：住
RPQPMLNKMHKFFBH08CA,草漯段,136.00,都市：住
RPQPMLNKMHKFFBH08CA,草漯段,136.00,都市：住
RPQPMLNKMHKFFBH08CA,草漯段,136.00,都市：住
RPQQMLOKMHKFFBH28CA,中壢埔頂段,27.03,都市：住
RPPPMLNKMHKFFBH97CA,紫雲段,16.95,都市：住
RPWNMLTLMHKFFBH56CA,忠義段,101.02,都市：工
RPOOMLTLMHKFFBH48CA,忠義段,82.71,都市：工
RPQOMLMLMHKFFBH97CA,中壢埔頂段,32.50,都市：住
RPQOMLMLMHKFFBH97CA,中壢埔頂段,5.75,都市：住
RPROMLTLMHKFFBH78CA,忠義段,73.87,都市：工
RPTOMLTLMHKFFBH98CA,忠義段,73.87,都市：工
RPSOMLTLMHKFFBH88CA,忠義段,73.87,都市：工
RPVOMLTLMHKFFBH56CA,忠義段,88.39,都市：工
RPOPMLOKMHKFFBH97CA,草新段,24.48,都市：住
RPOPMLOKMHKFFBH97CA,草新段,52.15,都市：住
RPRNMLQLMHKFFBH38CA,內厝段,2337.00,非都市：特定農業區 ; 非都市編定：農牧用地
RPWOMLNKMHKFFBH58CA,富源段,27.83,非都市：特定農業區 ; 非都市編定：甲種建築用地
RPWPMLRLMHKFFBH56CA,山上段,16.83,非都市：特定農業區 ; 非都市編定：甲種建築用地
RPWPMLRLMHKFFBH56CA,山上段,56.00,非都市：特定農業區 ; 非都市編定：甲種建築用地
RPPQMLTLMHKFFBH78CA,忠義段,88.39,都市：工
RPQQMLTLMHKFFBH88CA,忠義段,88.39,都市：工
RPVQMLTLMHKFFBH76CA,忠義段,78.29,都市：工
RPSQMLTLMHKFFBH09CA,忠義段,142.06,都市：工
RPPSMLTLMHKFFBH98CA,忠義段,73.87,都市：工
RPWRMLTLMHKFFBH96CA,忠義段,73.87,都市：工
RPRSMLTLMHKFFBH56CA,忠義段,73.87,都市：工
RPTRMLTLMHKFFBH66CA,忠義段,73.87,都市：工
RPSSMLTLMHKFFBH66CA,忠義段,88.39,都市：工
RPRRMLTLMHKFFBH09CA,忠義段,73.87,都市：工
RPPRMLTLMHKFFBH88CA,忠義段,73.87,都市：工
RPXQMLTLMHKFFBH96CA,忠義段,73.87,都市：工
RPSOMLPJNHKFFBH38CA,中寮段,914.15,都市：其他
RPPNMLPJNHKFFBH97CA,普義段,13.96,都市：住
RPPNMLPJNHKFFBH97CA,普義段,13.96,都市：住
RPUOMLOJNHKFFBH48CA,青溪段,39.64,都市：住
RPTOMLOJNHKFFBH38CA,青溪段,39.64,都市：住
RPOQMLOKMHKFFBH08CA,忠福段,5.05,都市：住
RPVQMLPKMHKFFBH88CA,後興段,85.96,都市：住
RPRPMLNKMHKFFBH18CA,草漯段,136.00,都市：住
RPTPMLOKMHKFFBH48CA,普義段,34.00,都市：其他
RPSNMLOKMHKFFBH18CA,內壢段,10.09,都市：其他
RPSNMLOKMHKFFBH18CA,內壢段,53.58,都市：住
RPUOMLOKMHKFFBH48CA,興崙段,284.26,非都市：特定農業區 ; 非都市編定：農牧用地
RPUOMLOKMHKFFBH48CA,興崙段,284.26,非都市：特定農業區 ; 非都市編定：農牧用地
RPUOMLOKMHKFFBH48CA,興崙段,284.26,非都市：特定農業區 ; 非都市編定：農牧用地
RPUOMLOKMHKFFBH48CA,興崙段,455.32,非都市：特定農業區 ; 非都市編定：農牧用地
RPUOMLOKMHKFFBH48CA,興崙段,455.32,非都市：特定農業區 ; 非都市編定：農牧用地
RPUOMLOKMHKFFBH48CA,興崙段,455.32,非都市：特定農業區 ; 非都市編定：農牧用地
RPUOMLOKMHKFFBH48CA,興崙段,337.66,非都市：特定農業區 ; 非都市編定：農牧用地
RPUOMLOKMHKFFBH48CA,興崙段,337.66,非都市：特定農業區 ; 非都市編定：農牧用地
RPUOMLOKMHKFFBH48CA,興崙段,337.66,非都市：特定農業區 ; 非都市編定：農牧用地
RPUOMLOKMHKFFBH48CA,興崙段,162.60,非都市：特定農業區 ; 非都市編定：農牧用地
RPUOMLOKMHKFFBH48CA,興崙段,162.60,非都市：特定農業區 ; 非都市編定：農牧用地
RPUOMLOKMHKFFBH48CA,興崙段,162.60,非都市：特定農業區 ; 非都市編定：農牧用地
RPUOMLOKMHKFFBH48CA,興崙段,418.74,非都市：特定農業區 ; 非都市編定：農牧用地
RPUOMLOKMHKFFBH48CA,興崙段,418.74,非都市：特定農業區 ; 非都市編定：農牧用地
RPUOMLOKMHKFFBH48CA,興崙段,418.74,非都市：特定農業區 ; 非都市編定：農牧用地
RPUOMLOKMHKFFBH48CA,興崙段,364.46,非都市：特定農業區 ; 非都市編定：農牧用地
RPUOMLOKMHKFFBH48CA,興崙段,364.46,非都市：特定農業區 ; 非都市編定：農牧用地
RPUOMLOKMHKFFBH48CA,興崙段,364.46,非都市：特定農業區 ; 非都市編定：農牧用地
RPRQMLSJNHKFFBH78CA,內壢段,151.43,非都市：特定農業區 ; 非都市編定：農牧用地
RPORMLSJNHKFFBH58CA,中寮段,27.91,都市：住
RPSNMLRKMHKFFBH48CA,草新段,79.00,都市：住
RPSNMLRKMHKFFBH48CA,草新段,15.38,都市：住
RPWNMLRKMHKFFBH88CA,三座屋段三座屋小段,12.46,都市：住
RPWNMLRKMHKFFBH88CA,三座屋段舊社小段,8.33,都市：住
RPRNMLRKMHKFFBH38CA,中壢埔頂段,5.65,都市：住
RPWPMLKMMHKFFBH58CA,中壢埔頂段,33.94,都市：住
RPVOMLSJOHKFFBH09CA,自立段,13.35,都市：住
RPWNMLQKMHKFFBH78CA,水尾段水尾小段,11.43,都市：住
RPOPMLQKMHKFFBH18CA,忠孝段,24.47,都市：住
RPTOMLQKMHKFFBH58CA,興南段公坡小段,32.00,都市：其他
RPROMLQKMHKFFBH38CA,保障段,2036.06,非都市：一般農業區 ; 非都市編定：農牧用地
RPRPMLKLNHKFFBH08CA,工業區段二小段,249.00,非都市：工業區 ; 非都市編定：丁種建築用地
RPSOMLQKMHKFFBH48CA,中北段,4.66,都市：住
RPQOMLQKMHKFFBH28CA,自立段,22.06,都市：住
RPPNMLLLMHKFFBH67CA,仁美段,8.00,都市：住
RPRNMLKLMHKFFBH77CA,大堀段,68.00,非都市：特定農業區 ; 非都市編定：甲種建築用地
RPROMLSLNHKFFBH78CA,三座屋段三座屋小段,22.00,都市：住
RPROMLSLNHKFFBH78CA,三座屋段三座屋小段,49.00,都市：住
RPROMLSLNHKFFBH78CA,三座屋段三座屋小段,19.00,都市：住
RPROMLSLNHKFFBH78CA,三座屋段三座屋小段,2.00,都市：住
RPROMLSLNHKFFBH78CA,三座屋段三座屋小段,46.00,都市：住
RPQOMLLLMHKFFBH87CA,自立段,10.75,都市：住
RPXRMLTKNHKFFBH07CA,石頭段,32.57,都市：住
RPUPMLRKMHKFFBH88CA,忠福段,15.85,都市：住
RPUPMLRKMHKFFBH88CA,忠福段,.01,都市：住
RPUPMLRKMHKFFBH88CA,忠福段,.00,都市：住
RPUPMLRKMHKFFBH88CA,忠福段,.01,都市：住
RPUPMLRKMHKFFBH88CA,忠福段,.00,都市：住
RPUPMLRKMHKFFBH88CA,忠福段,68.51,都市：住
RPUPMLRKMHKFFBH88CA,忠福段,.31,都市：住
RPUPMLRKMHKFFBH88CA,忠福段,.01,都市：住
RPUPMLRKMHKFFBH88CA,忠福段,.01,都市：住
RPUPMLRKMHKFFBH88CA,忠福段,.05,都市：住
RPUPMLRKMHKFFBH88CA,忠福段,.22,都市：住
RPPNMLTKMHKFFDH58CA,楊梅段,6.19,都市：商
RPRPMLNKMHKFFDH38CA,草湳坡段埔心小段,7.09,都市：住
RPRPMLNKMHKFFDH38CA,草湳坡段埔心小段,2.09,都市：住
RPRPMLNKMHKFFDH38CA,草湳坡段埔心小段,87.00,都市：住
RPTNMLOKMHKFFDH48CA,幼獅段,507.82,非都市：工業區 ; 非都市編定：丁種建築用地
RPPNMLKLMHKFFDH77CA,和平段,430.00,非都市：特定農業區 ; 非都市編定：農牧用地
RPOQMLKLMHKFFBH77CA,三座屋段三座屋小段,47.36,都市：住
RPTNMLMJNHKFFCH18CA,建國段,23.85,非都市：一般農業區 ; 非都市編定：甲種建築用地
RPTNMLMJNHKFFCH18CA,建國段,499.08,非都市：一般農業區 ; 非都市編定：甲種建築用地
RPTNMLMJNHKFFCH18CA,建國段,93.41,非都市：一般農業區 ; 非都市編定：交通用地
RPUNMLMJNHKFFCH28CA,五福段,154.81,都市：農
RPQNMLPLMHKFFDH38CA,楊梅段,51.00,都市：其他
RPQNMLPLMHKFFDH38CA,楊梅段,4.00,都市：商
RPQPMLNLMHKFFBH18CA,復興段,19.31,都市：住
RPSQMLNLMHKFFDH68CA,瑞上段,101.19,非都市：特定農業區 ; 非都市編定：甲種建築用地
RPXOMLNLMHKFFDH98CA,楊梅段,4.78,都市：商
RPOPMLNLMHKFFDH18CA,草湳坡段埔心小段,99.75,都市：住
RPTOMLOLMHKFFDH68CA,長岡嶺段,35.66,非都市：山坡地保育區 ; 非都市編定：丙種建築用地
RPVNMLMJNHKFFCH38CA,五福段,153.45,都市：農
RPUOMLOKMHKFFCH58CA,田心子段下田心子小段,304.80,都市：其他
RPUOMLOKMHKFFCH58CA,田心子段下田心子小段,201.87,都市：其他
RPUOMLOKMHKFFCH58CA,田心子段下田心子小段,35.73,都市：其他
RPUOMLOKMHKFFCH58CA,田心子段下田心子小段,115.07,都市：其他
RPVNMLRJNHKFFDH98CA,永福段,2.06,都市：商
RPTNMLOKMHKFFCH38CA,干城段,53.67,非都市：鄉村區 ; 非都市編定：乙種建築用地
RPQNMLOKMHKFFCH08CA,干城段,53.67,非都市：鄉村區 ; 非都市編定：乙種建築用地
RPTNMLRKMHKFFCH68CA,埔頂段,54.00,非都市：鄉村區 ; 非都市編定：乙種建築用地
RPTNMLRKMHKFFCH68CA,埔頂段,14.00,都市：其他
RPSPMLTLMHKFFCH09CA,烏樹林段,34.14,非都市：鄉村區 ; 非都市編定：乙種建築用地
RPXNMLOKMHKFFCH78CA,仁善段,99.84,都市：住
RPQNMLQKMHKFFCH28CA,缺子段頂山腳小段,316.00,非都市：一般農業區 ; 非都市編定：甲種建築用地
RPQOMLRLMHKFFCH58CA,北興段,2901.00,非都市：一般農業區 ; 非都市編定：農牧用地
RPQOMLRLMHKFFCH58CA,北興段,809.67,非都市：一般農業區 ; 非都市編定：農牧用地
RPQOMLRLMHKFFCH58CA,北興段,809.67,非都市：一般農業區 ; 非都市編定：農牧用地
RPSNMLQKMHKFFCH48CA,水流東段,2600.00,非都市：山坡地保育區 ; 非都市編定：農牧用地
RPQNMLKLMHKFFCH77CA,田心子段下田心子小段,14.45,都市：住
RPPNMLQLMHKFFCH28CA,仁文段,30.54,都市：商
RPRNMLQKMHKFFCH38CA,僑愛段,9.74,都市：其他
RPRNMLQKMHKFFCH38CA,僑愛段,8.45,都市：其他
RPPOMLSLMHKFFCH58CA,烏樹林段,22.56,非都市：鄉村區 ; 非都市編定：乙種建築用地
RPQOMLSLMHKFFCH68CA,烏樹林段,24.99,非都市：鄉村區 ; 非都市編定：乙種建築用地
RPPOMLOJNHKFFDH18CA,老莊段,83.89,都市：住
TPPQMLMKNHKFFAH18CA,塔寮坑段嶺腳小段,5.00,非都市：山坡地保育區 ; 非都市編定：農牧用地
YPPQMLMKNHKFFAH68CA,塔寮坑段嶺腳小段,56.00,非都市：山坡地保育區 ; 非都市編定：農牧用地
VPPQMLMKNHKFFAH38CA,塔寮坑段嶺腳小段,10.00,非都市：山坡地保育區 ; 非都市編定：農牧用地
SPPQMLMKNHKFFAH08CA,塔寮坑段嶺腳小段,10.00,非都市：山坡地保育區 ; 非都市編定：農牧用地
XPPQMLMKNHKFFAH58CA,塔寮坑段嶺腳小段,31.00,非都市：山坡地保育區 ; 非都市編定：農牧用地
UPPQMLMKNHKFFAH28CA,塔寮坑段嶺腳小段,14.00,非都市：山坡地保育區 ; 非都市編定：農牧用地
WPPQMLMKNHKFFAH48CA,塔寮坑段嶺腳小段,14.00,非都市：山坡地保育區 ; 非都市編定：農牧用地
RPPQMLMKNHKFFAH97CA,塔寮坑段嶺腳小段,19.00,非都市：山坡地保育區 ; 非都市編定：農牧用地
RPTOMLRJNHKFFAH58CA,埔子段埔子小段,.22,都市：住
RPTOMLRJNHKFFAH58CA,埔子段埔子小段,.02,都市：住
RPTOMLRJNHKFFAH58CA,埔子段埔子小段,13.91,都市：住
RPTOMLRJNHKFFAH58CA,埔子段埔子小段,.21,都市：住
RPTOMLRJNHKFFAH58CA,埔子段埔子小段,1.18,都市：住
RPTOMLRJNHKFFAH58CA,埔子段埔子小段,2.65,都市：住
RPUOMLRJNHKFFAH68CA,埔子段埔子小段,.32,都市：住
RPUOMLRJNHKFFAH68CA,埔子段埔子小段,.03,都市：住
RPUOMLRJNHKFFAH68CA,埔子段埔子小段,20.41,都市：住
RPUOMLRJNHKFFAH68CA,埔子段埔子小段,.31,都市：住
RPUOMLRJNHKFFAH68CA,埔子段埔子小段,1.73,都市：住
RPUOMLRJNHKFFAH68CA,埔子段埔子小段,3.88,都市：住
RPQOMLRJNHKFFAH28CA,埔子段埔子小段,.29,都市：住
RPQOMLRJNHKFFAH28CA,埔子段埔子小段,.03,都市：住
RPQOMLRJNHKFFAH28CA,埔子段埔子小段,18.55,都市：住
RPQOMLRJNHKFFAH28CA,埔子段埔子小段,.28,都市：住
RPQOMLRJNHKFFAH28CA,埔子段埔子小段,1.58,都市：住
RPQOMLRJNHKFFAH28CA,埔子段埔子小段,3.53,都市：住
RPROMLRJNHKFFAH38CA,埔子段埔子小段,.30,都市：住
RPROMLRJNHKFFAH38CA,埔子段埔子小段,.03,都市：住
RPROMLRJNHKFFAH38CA,埔子段埔子小段,19.02,都市：住
RPROMLRJNHKFFAH38CA,埔子段埔子小段,.29,都市：住
RPROMLRJNHKFFAH38CA,埔子段埔子小段,1.62,都市：住
RPROMLRJNHKFFAH38CA,埔子段埔子小段,3.62,都市：住
RPVPMLKMMHKFFAH38CA,大樹林段,102.00,都市：工
RPWQMLOKMHKFFAH78CA,小檜溪段,433.33,都市：其他
RPRQMLKMMHKFFAH08CA,東門段,4.51,都市：住
RPTPMLRLMHKFFAH78CA,中埔段,6.42,都市：住
RPXNMLPKMHKFFAH68CA,富國段,43.81,都市：住
RPUNMLPKMHKFFAH38CA,文化段,34.14,都市：住
RPWPMLOKMHKFFAH68CA,中路五段,107.26,非都市：特定農業區 ; 非都市編定：農牧用地
RPWPMLOKMHKFFAH68CA,中路五段,13.21,非都市：特定農業區 ; 非都市編定：農牧用地
RPSNMLMJNHKFFAH87CA,慈文段,22.12,都市：住
RPXPMLOKMHKFFAH78CA,中路五段,237.86,非都市：特定農業區 ; 非都市編定：農牧用地
RPXPMLOKMHKFFAH78CA,中路五段,314.48,非都市：特定農業區 ; 非都市編定：農牧用地
RPTRMLNKMHKFFAH48CA,玉山段,112.95,都市：農
RPUPMLOKMHKFFAH48CA,寶山段,29.21,都市：住
RPWPMLQJNHKFFAH88CA,煉油段,108.62,都市：工
RPWPMLQJNHKFFAH88CA,煉油段,4.41,都市：工
RPSOMLLLMHKFFAH97CA,大樹林段,23.60,都市：住
RPSOMLLLMHKFFAH97CA,大樹林段,8.40,都市：住
RPVNMLLLMHKFFAH18CA,寶山段,14.75,都市：商
RPOPMLKLMHKFFAH57CA,國聖段,7.34,都市：住
RPRPMLPKMHKFFAH28CA,中路段,14.96,都市：住
RPTPMLPKMHKFFAH48CA,文化段,68.12,都市：住
RPPNMLKLMHKFFAH47CA,興華段,23.24,都市：住
RPWQMLQKMHKFFAH98CA,和平段,21.57,都市：住
RPXOMLOJNHKFFAH68CA,三聖段,520.63,都市：住
RPXOMLOJNHKFFAH68CA,三聖段,347.09,都市：住
RPUPMLQKMHKFFAH68CA,新埔段,19.51,都市：住
RPOOMLMLMHKFFAH67CA,忠義段,7.87,都市：住
RPWOMLNKMHKFFAH68EA,小檜溪段,28.20,都市：住
RPURMLMLMHKFFAH58CA,新埔段,23.88,都市：其他
RPWNMLOKMHKFFAH68EA,塔寮坑段嶺腳小段,10.00,非都市：山坡地保育區 ; 非都市編定：農牧用地
RPROMLOKMHKFFAH28EA,塔寮坑段嶺腳小段,46.00,非都市：山坡地保育區 ; 非都市編定：農牧用地
RPPNMLRLMHKFFAH18CA,和平段,27.57,都市：住
RPPNMLRLMHKFFAH18CA,和平段,3.61,都市：住
RPPOMLOKMHKFFAH08EA,塔寮坑段嶺腳小段,176.00,非都市：山坡地保育區 ; 非都市編定：農牧用地
RPVOMLTKNHKFFAH09CA,興華段,14.67,都市：商
RPOOMLOKMHKFFAH97EA,塔寮坑段嶺腳小段,8.00,非都市：山坡地保育區 ; 非都市編定：農牧用地
RPSOMLOKMHKFFAH38EA,塔寮坑段嶺腳小段,7.00,非都市：山坡地保育區 ; 非都市編定：農牧用地
RPQOMLOKMHKFFAH18EA,塔寮坑段嶺腳小段,104.00,非都市：山坡地保育區 ; 非都市編定：農牧用地
RPRNMLNJNHKFFCH18DA,中庄段中庄小段,589.00,非都市： ; 非都市編定：
RPSOMLQKMHKFFCH68DA,南興段南興小段,364.00,非都市：特定農業區 ; 非都市編定：農牧用地
RPXNMLTLNHKFFEH27EA,六福段,.05,都市：住
RPPNMLSJNHKFFAH38EA,埔子段北門埔子小段,29.72,都市：商
RPQPMLOLMHKFFAH18CA,福元段,.28,都市：住
RPQPMLOLMHKFFAH18CA,福元段,24.64,都市：住
RPQNMLOKMHKFFFH58EA,中華段,44.57,非都市：特定農業區 ; 非都市編定：水利用地
RPWPMLOLMHKFFAH78CA,介壽段,27.84,都市：住
RPSNMLLLMHKFFFH48DA,高明段,14.51,都市：商
RPQOMLRKMHKFFFH98EA,興仁段,3.51,都市：商
RPQOMLRKMHKFFFH98EA,興仁段,22.00,都市：住
RPQOMLRKMHKFFFH98EA,興仁段,.22,都市：住
RPQOMLRKMHKFFFH98EA,興仁段,5.07,都市：商
RPQOMLRKMHKFFFH98EA,興仁段,54.75,都市：住
RPUNMLNKMHKFFDH68EA,二重溪段,12.66,非都市：山坡地保育區 ; 非都市編定：丙種建築用地
RPUPMLOJNHKFFBH78EA,三座屋段三座屋小段,30.00,都市：住
RPPOMLKLMHKFFFH28EA,大華段,41.99,都市：住
RPTOMLPKMHKFFAH48DA,大樹林段,25.99,都市：住
RPUOMLPKMHKFFAH58DA,和平段,16.44,都市：住
RPUOMLPKMHKFFAH58DA,和平段,.01,都市：住
RPQQMLPKMHKFFAH38DA,中埔段,11.85,都市：住
RPUNMLKMMHKFFGH68CA,平鎮段,11.40,都市：商
RPUNMLKMMHKFFGH68CA,平鎮段,2.56,都市：商
RPSOMLOLMHKFFCH58DA,民豐段,1119.92,非都市：一般農業區 ; 非都市編定：農牧用地
RPQOMLQKMHKFFAH28DA,埔子段埔子小段,14.42,都市：住
RPOOMLNLMHKFFAH87DA,埔子段埔子小段,21.63,都市：住
RPXNMLSKOHKFFEH17EA,埔心段三塊厝小段,1951.00,非都市：特定農業區 ; 非都市編定：丁種建築用地
RPTOMLRKMHKFFGH56CA,南華段,102.96,非都市：鄉村區 ; 非都市編定：乙種建築用地
RPXNMLLLMHKFFAH48DA,富國段,16.64,都市：住
RPPOMLLLMHKFFAH77DA,寶山段,19.69,都市：住
RPOOMLLLMHKFFAH67DA,同安段,13.09,都市：住
RPPNMLLLMHKFFGH18CA,南華段,102.96,非都市：鄉村區 ; 非都市編定：乙種建築用地
RPQNMLLLMHKFFGH28CA,南華段,102.96,非都市：鄉村區 ; 非都市編定：乙種建築用地
RPRNMLLLMHKFFGH38CA,南華段,102.96,非都市：鄉村區 ; 非都市編定：乙種建築用地
RPWOMLSKRHKFFCH17DA,仁善段,71.40,都市：住
RPRNMLRKMHKFFFH78CA,大忠段,9.02,都市：商
RPSNMLSKMHKFFFH98CA,中華段,2022.05,非都市：特定農業區 ; 非都市編定：丁種建築用地
RPSNMLSKMHKFFFH98CA,中華段,45.97,非都市：特定農業區 ; 非都市編定：丁種建築用地
RPSNMLSKMHKFFFH98CA,中華段,13020.08,非都市：特定農業區 ; 非都市編定：丁種建築用地
RPWNMLOKMHKFFFH98CA,中華段,29.90,非都市：特定農業區 ; 非都市編定：甲種建築用地
RPWNMLOKMHKFFFH98CA,中華段,68.24,非都市：特定農業區 ; 非都市編定：甲種建築用地
RPTOMLLLMHKFFFH58CA,大華段,61.72,都市：住
RPPNMLOKMHKFFFH28CA,茄明段,12.57,都市：住
RPQOMLNLMHKFFFH48CA,龍友段,74.87,都市：住
RPVNMLQKMHKFFDH09EA,草湳坡段埔心小段,18.16,都市：住
RPVNMLQKMHKFFDH09EA,草湳坡段埔心小段,87.00,都市：住
RPVNMLQKMHKFFDH09EA,草湳坡段埔心小段,1.90,都市：住
RPWNMLQKMHKFFDH56EA,草湳坡段埔心小段,75.00,都市：住
RPWNMLQKMHKFFDH56EA,草湳坡段埔心小段,18.16,都市：住
RPWNMLQKMHKFFDH56EA,草湳坡段埔心小段,1.90,都市：住
RPQNMLPKMHKFFFH48CA,興豐段,22.93,都市：住
RPWNMLNKMHKFFFH88CA,茄苳段,586.90,都市：工
RPTNMLPKMHKFFFH78CA,永福段,180.93,都市：住
RPOPMLPJNHKFFEH38CA,南竹段,330.78,都市：農
RPXNMLOKMHKFFEH98CA,南華段,9.80,都市：其他
RPUOMLOLMHKFFEH88CA,新庄子段,42.50,都市：其他
RPSNMLPKMHKFFEH58CA,北園段,19.63,都市：其他
RPUOMLKLMHKFFEH48CA,河底段,25.03,都市：住
RPQPMLRLMHKFFEH88CA,青峰段,45.94,都市：住
RPOPMLRLMHKFFEH68CA,青峰段,41.29,都市：住
RPPPMLRLMHKFFEH78CA,青峰段,30.73,都市：住
RPVNMLPKMHKFFEH88CA,南青段,97.21,都市：農
RPXNMLPKMHKFFEH09CA,大新段,11.60,都市：住
RPXNMLPKMHKFFEH09CA,大新段,43.62,都市：住
RPQOMLSJNHKFFEH78CA,南華段,59.62,都市：住
RPUOMLKMMHKFFEH58CA,河底段,20.25,都市：住
RPOOMLQKMHKFFEH38CA,富興段,75.78,都市：農
RPOOMLQKMHKFFEH38CA,富興段,3.45,都市：農
RPRNMLKLMHKFFEH08CA,埔心段海豐坡小段,2054.00,非都市：特定農業區 ; 非都市編定：農牧用地
RPUNMLQKMHKFFEH88CA,南新段,3.31,都市：住
RPWNMLQKMHKFFEH09CA,五福段,25.51,都市：住
RPROMLLLMHKFFEH28CA,坑子口段海湖小段,35.00,非都市：一般農業區 ; 非都市編定：農牧用地
RPROMLLLMHKFFEH28CA,坑子口段海湖小段,4.00,非都市：一般農業區 ; 非都市編定：農牧用地
RPUNMLKLMHKFFEH38CA,錦中段,19.88,都市：工
RPSNMLQKMHKFFEH68CA,羊稠段,50.11,都市：住
RPTNMLQKMHKFFEH78CA,河底段,4.98,都市：住
RPSNMLMLMHKFFFH48CA,豐田段,78.97,都市：住
RPTNMLMLMHKFFFH58CA,豐田段,35.00,都市：住
RPTNMLQJNHKFFEH78CA,大竹圍段,70.00,都市：住
RPVNMLQKMHKFFFH09CA,廣隆段,74.91,都市：住
RPUNMLMLMHKFFFH68CA,豐田段,26.92,都市：住
RPVPMLMKNHKFFEH88CA,大竹圍段,165.31,都市：住
RPTOMLKLMHKFFFH48CA,廣隆段,204.62,非都市：鄉村區 ; 非都市編定：丁種建築用地
RPOQMLKMMHKFFFH28CA,高城段,10.38,都市：住
RPWNMLMLMHKFFFH88CA,豐田段,26.92,都市：住
RPQOMLRKMHKFFGH88CA,關爺段,16.14,非都市：鄉村區 ; 非都市編定：乙種建築用地
RPXNMLMLMHKFFFH98CA,豐田段,26.92,都市：住
RPOOMLMLMHKFFFH18CA,豐田段,46.66,都市：住
RPROMLRKMHKFFGH98CA,廣東段,5.00,都市：住
RPROMLRKMHKFFGH98CA,廣東段,13.25,都市：住
RPOOMLPKMHKFFGH48CA,湧星段,65.82,都市：住
RPPOMLQKMHKFFGH68CA,東安段,19.87,都市：住
RPPOMLQKMHKFFGH68CA,東安段,.36,都市：住
RPSNMLQKMHKFFGH88CA,忠貞段,61.67,都市：住
RPPNMLNJNHKFFGH28CA,湧星段,18.69,都市：住
RPPNMLNJNHKFFGH28CA,湧星段,72.16,都市：住
RPVNMLLJOHKFFEH58CA,埔心段埔心小段,27.00,非都市：特定農業區 ; 非都市編定：甲種建築用地
RPWNMLQJNHKFFGH66CA,福林段,16.10,非都市：特定農業區 ; 非都市編定：甲種建築用地
RPTNMLQJNHKFFGH98CA,福林段,16.19,非都市：特定農業區 ; 非都市編定：甲種建築用地
RPUNMLQJNHKFFGH09CA,福林段,15.97,非都市：特定農業區 ; 非都市編定：甲種建築用地
RPSNMLQJNHKFFGH88CA,福林段,16.10,非都市：特定農業區 ; 非都市編定：甲種建築用地
RPVNMLQJNHKFFGH56CA,福林段,15.97,非都市：特定農業區 ; 非都市編定：甲種建築用地
RPROMLQJNHKFFGH88CA,福林段,16.10,非都市：特定農業區 ; 非都市編定：甲種建築用地
RPSOMLQJNHKFFGH98CA,福林段,16.19,非都市：特定農業區 ; 非都市編定：甲種建築用地
RPXNMLQJNHKFFGH76CA,福林段,16.10,非都市：特定農業區 ; 非都市編定：甲種建築用地
RPTOMLQJNHKFFGH09CA,福林段,15.97,非都市：特定農業區 ; 非都市編定：甲種建築用地
RPPPMLRJNHKFFFH78CA,大勇段,23.07,都市：住
RPSNMLTLMHKFFDH56EA,民豐段,281.91,非都市：特定農業區 ; 非都市編定：農牧用地
RPUOMLQJNHKFFGH56CA,福林段,24.09,非都市：特定農業區 ; 非都市編定：甲種建築用地
RPVOMLQJNHKFFGH66CA,福林段,15.97,非都市：特定農業區 ; 非都市編定：甲種建築用地
RPWOMLQJNHKFFGH76CA,福林段,15.97,非都市：特定農業區 ; 非都市編定：甲種建築用地
RPXOMLQJNHKFFGH86CA,福林段,15.97,非都市：特定農業區 ; 非都市編定：甲種建築用地
RPTNMLTLMHKFFDH66EA,民豐段,986.66,非都市：特定農業區 ; 非都市編定：農牧用地
RPPOMLNLMHKFFGH48CA,新富段,5.26,都市：住
RPPOMLNLMHKFFGH48CA,新富段,5.26,都市：住
RPVNMLLLMHKFFDH68EA,民豐段,58.78,非都市：特定農業區 ; 非都市編定：農牧用地
RPSNMLOKMHKFFGH88EA,鎮東段,70.11,非都市：鄉村區 ; 非都市編定：乙種建築用地
RPTNMLRLMHKFFGH56CA,廣仁段,27.04,都市：住
RPUOMLLLMHKFFCH48DA,巴陵段,330.00,非都市：山坡地保育區 ; 非都市編定：農牧用地
RPQNMLPLMHKFFGH68CA,德育段,82.05,都市：住
RPVNMLLLMHKFFBH38DA,五權段,2.60,都市：農
RPVNMLLLMHKFFBH38DA,五權段,.12,都市：農
RPVNMLLLMHKFFBH38DA,五權段,3.19,都市：農
RPVNMLLLMHKFFBH38DA,五權段,3.69,都市：農
RPWNMLRJNHKFFCH56EA,缺子段粟子園小段,4.68,非都市：一般農業區 ; 非都市編定：交通用地
RPWNMLRJNHKFFCH56EA,缺子段粟子園小段,.27,非都市：一般農業區 ; 非都市編定：交通用地
RPWNMLRJNHKFFCH56EA,缺子段粟子園小段,.04,非都市：一般農業區 ; 非都市編定：農牧用地
RPROMLPKMHKFFEH78EA,新福段,155.48,都市：其他
RPTOMLRLMHKFFGH76DA,新榮段,14.19,都市：住
RPQQMLOKMHKFFCH48DA,缺子段粟子園小段,179.00,非都市：特定農業區 ; 非都市編定：農牧用地
RPUOMLRLMHKFFGH86DA,新榮段,14.19,都市：住
RPVOMLRKMHKFFGH86DA,廣西段,18.28,都市：住
RPVOMLRKMHKFFGH86DA,廣西段,.88,都市：住
RPVOMLRKMHKFFGH86DA,廣西段,.90,都市：住
RPSOMLMLMHKFFCH38DA,北龍段,5.46,都市：商
RPROMLPKMHKFFAH38EA,新埔段,14.46,都市：住
RPVOMLMJRHKFFEH66EA,羊稠段,6.68,都市：商
RPPNMLQKMHKFFEH48DA,河底段,62.09,都市：農
RPVRMLMLMHKFFAH68CA,中興段,21.99,都市：商
RPQNMLQKMHKFFAH28EA,新埔段,2.46,都市：住
RPQNMLQKMHKFFAH28EA,新埔段,46.79,都市：住
RPXPMLMLPHLFFAH66EA,三聖段,166.96,都市：住
RPXPMLMLPHLFFAH66EA,三聖段,161.12,都市：住
RPTQMLKLMHKFFAH18CA,富國段,.77,都市：住
RPPNMLPLMHKFFAH97CA,樂善段,38.12,都市：住
RPTOMLKLMHKFFAH97CA,中埔段,35.22,都市：住
RPRNMLRKMHKFFAH28CA,中山段,6.61,都市：商
RPWPMLQKMHKFFAH88CA,會稽段,16.16,都市：住
RPVRMLRKMHKFFAH09CA,同安段,25.54,都市：住
RPQRMLRKMHKFFAH58CA,龍祥段,9.95,都市：住
RPWOMLKLMHKFFAH28CA,中埔段,31.39,都市：住
RPXPMLQKMHKFFAH98CA,福元段,11.48,都市：住
RPXOMLPKMHKFFAH78CA,慈文段,25.76,都市：住
RPPOMLPKMHKFFEH58EA,內海墘段,7.31,非都市：一般農業區 ; 非都市編定：交通用地
RPVNMLMJNHKFFAH18CA,中山段,13.85,都市：住
RPSQMLOKMHKFFAH38CA,桃鶯段,14.42,都市：住
RPTPMLQKMHKFFAH58CA,同安段,34.00,都市：住
RPTPMLQKMHKFFAH58CA,同安段,34.00,都市：住
RPTPMLQKMHKFFAH58CA,同安段,34.00,都市：住
RPVQMLKMMHKFFAH48CA,楓樹坑段楓樹坑小段,61.00,都市：其他
RPWOMLRLMHKFFCH56CA,仁武段,29.76,都市：住
RPWOMLRLMHKFFCH56CA,埔頂段,.32,都市：其他
RPWOMLRLMHKFFCH56CA,埔頂段,.07,都市：其他
RPWOMLRLMHKFFCH56CA,埔頂段,.19,都市：其他
RPWOMLRLMHKFFCH56CA,埔頂段,.07,都市：其他
SPVOMLRLMHKFFCH56CA,仁武段,48.04,都市：住
SPVOMLRLMHKFFCH56CA,埔頂段,.52,都市：其他
SPVOMLRLMHKFFCH56CA,埔頂段,.11,都市：其他
SPVOMLRLMHKFFCH56CA,埔頂段,.30,都市：其他
SPVOMLRLMHKFFCH56CA,埔頂段,.12,都市：其他
RPVOMLRLMHKFFCH09CA,仁武段,29.76,都市：住
RPVOMLRLMHKFFCH09CA,埔頂段,.32,都市：其他
RPVOMLRLMHKFFCH09CA,埔頂段,.07,都市：其他
RPVOMLRLMHKFFCH09CA,埔頂段,.19,都市：其他
RPVOMLRLMHKFFCH09CA,埔頂段,.07,都市：其他
RPTOMLRLMHKFFCH88CA,仁武段,29.76,都市：住
RPTOMLRLMHKFFCH88CA,埔頂段,.32,都市：其他
RPTOMLRLMHKFFCH88CA,埔頂段,.07,都市：其他
RPTOMLRLMHKFFCH88CA,埔頂段,.19,都市：其他
RPTOMLRLMHKFFCH88CA,埔頂段,.07,都市：其他
RPROMLRLMHKFFCH68CA,仁武段,48.41,都市：住
RPROMLRLMHKFFCH68CA,埔頂段,.52,都市：其他
RPROMLRLMHKFFCH68CA,埔頂段,.11,都市：其他
RPROMLRLMHKFFCH68CA,埔頂段,.31,都市：其他
RPROMLRLMHKFFCH68CA,埔頂段,.12,都市：其他
RPQOMLKLNHKFFAH97EA,興華段,49.07,都市：住
RPVNMLNLMHKFFCH58CA,五福段,30.32,都市：住
RPXOMLRLMHKFFCH66CA,仁武段,29.76,都市：住
RPXOMLRLMHKFFCH66CA,埔頂段,.32,都市：其他
RPXOMLRLMHKFFCH66CA,埔頂段,.07,都市：其他
RPXOMLRLMHKFFCH66CA,埔頂段,.19,都市：其他
RPXOMLRLMHKFFCH66CA,埔頂段,.07,都市：其他
RPOPMLRLMHKFFCH48CA,仁武段,64.61,都市：住
RPOPMLRLMHKFFCH48CA,埔頂段,.70,都市：其他
RPOPMLRLMHKFFCH48CA,埔頂段,.15,都市：其他
RPOPMLRLMHKFFCH48CA,埔頂段,.41,都市：其他
RPOPMLRLMHKFFCH48CA,埔頂段,.16,都市：其他
RPSNMLRKMHKFFCH58CA,三洽水段,.62,非都市：山坡地保育區 ; 非都市編定：丙種建築用地
RPSNMLRKMHKFFCH58CA,三洽水段,3.33,非都市：山坡地保育區 ; 非都市編定：丙種建築用地
RPSNMLRKMHKFFCH58CA,三洽水段,34.69,非都市：山坡地保育區 ; 非都市編定：丙種建築用地
RPSNMLRKMHKFFCH58CA,三洽水段,147.00,非都市：山坡地保育區 ; 非都市編定：丙種建築用地
RPPNMLLLMHKFFCH77CA,南興段南興小段,74.82,非都市：特定農業區 ; 非都市編定：甲種建築用地
RPVNMLMKNHKFFGH09EA,福林段,158.09,都市：其他
RPXNMLNLMHKFFCH78CA,五福段,32.33,都市：住
RPSNMLNLMHKFFCH28CA,石門段,14.79,都市：住
RPSNMLNLMHKFFCH28CA,石門段,40.00,都市：住
RPSNMLNLMHKFFCH28CA,石門段,22.71,都市：住
RPXNMLRLMHKFFCH56CA,仁武段,64.24,都市：住
RPOOMLRLMHKFFCH38CA,仁武段,48.04,都市：住
RPXNMLRLMHKFFCH56CA,埔頂段,.69,都市：其他
RPOOMLRLMHKFFCH38CA,埔頂段,.52,都市：其他
RPXNMLRLMHKFFCH56CA,埔頂段,.15,都市：其他
RPOOMLRLMHKFFCH38CA,埔頂段,.11,都市：其他
RPXNMLRLMHKFFCH56CA,埔頂段,.41,都市：其他
RPOOMLRLMHKFFCH38CA,埔頂段,.30,都市：其他
RPXNMLRLMHKFFCH56CA,埔頂段,.16,都市：其他
RPOOMLRLMHKFFCH38CA,埔頂段,.12,都市：其他
RPXNMLLLMHKFFCH58CA,仁武段,48.04,都市：住
RPXNMLLLMHKFFCH58CA,埔頂段,.52,都市：其他
RPXNMLLLMHKFFCH58CA,埔頂段,.11,都市：其他
RPXNMLLLMHKFFCH58CA,埔頂段,.30,都市：其他
RPXNMLLLMHKFFCH58CA,埔頂段,.12,都市：其他
RPOOMLLLMHKFFCH77CA,仁武段,48.04,都市：住
RPOOMLLLMHKFFCH77CA,埔頂段,.52,都市：其他
RPOOMLLLMHKFFCH77CA,埔頂段,.11,都市：其他
RPOOMLLLMHKFFCH77CA,埔頂段,.30,都市：其他
RPOOMLLLMHKFFCH77CA,埔頂段,.12,都市：其他
SPOOMLLLMHKFFCH87CA,仁武段,48.04,都市：住
SPOOMLLLMHKFFCH87CA,埔頂段,.52,都市：其他
SPOOMLLLMHKFFCH87CA,埔頂段,.11,都市：其他
SPOOMLLLMHKFFCH87CA,埔頂段,.30,都市：其他
SPOOMLLLMHKFFCH87CA,埔頂段,.12,都市：其他
RPPOMLLLMHKFFCH87CA,仁武段,48.41,都市：住
RPPOMLLLMHKFFCH87CA,埔頂段,.52,都市：其他
RPPOMLLLMHKFFCH87CA,埔頂段,.11,都市：其他
RPPOMLLLMHKFFCH87CA,埔頂段,.31,都市：其他
RPPOMLLLMHKFFCH87CA,埔頂段,.12,都市：其他
RPSOMLLLMHKFFCH18CA,四方林段四方林小段,24.98,非都市：特定農業區 ; 非都市編定：甲種建築用地
RPPOMLOKMHKFFCH08CA,仁文段,30.00,都市：住
RPROMLLLMHKFFCH08CA,仁武段,48.04,都市：住
RPROMLLLMHKFFCH08CA,埔頂段,.52,都市：其他
RPROMLLLMHKFFCH08CA,埔頂段,.11,都市：其他
RPROMLLLMHKFFCH08CA,埔頂段,.30,都市：其他
RPROMLLLMHKFFCH08CA,埔頂段,.12,都市：其他
RPTOMLLLMHKFFCH28CA,仁武段,48.04,都市：住
RPTOMLLLMHKFFCH28CA,埔頂段,.52,都市：其他
RPTOMLLLMHKFFCH28CA,埔頂段,.11,都市：其他
RPTOMLLLMHKFFCH28CA,埔頂段,.30,都市：其他
RPTOMLLLMHKFFCH28CA,埔頂段,.12,都市：其他
RPVOMLLLMHKFFCH48CA,仁武段,64.24,都市：住
RPVOMLLLMHKFFCH48CA,埔頂段,.69,都市：其他
RPVOMLLLMHKFFCH48CA,埔頂段,.15,都市：其他
RPVOMLLLMHKFFCH48CA,埔頂段,.41,都市：其他
RPVOMLLLMHKFFCH48CA,埔頂段,.16,都市：其他
RPPNMLQKMHKFFCH18CA,仁和段,41.20,都市：住
RPWOMLLLMHKFFCH58CA,仁武段,48.41,都市：住
RPWOMLLLMHKFFCH58CA,埔頂段,.52,都市：其他
RPTOMLQKMHKFFCH68CA,八張犁段,13.12,非都市：鄉村區 ; 非都市編定：交通用地
RPWOMLLLMHKFFCH58CA,埔頂段,.11,都市：其他
RPWOMLLLMHKFFCH58CA,埔頂段,.31,都市：其他
RPWOMLLLMHKFFCH58CA,埔頂段,.12,都市：其他
RPXOMLLLMHKFFCH68CA,仁武段,48.41,都市：住
RPXOMLLLMHKFFCH68CA,埔頂段,.52,都市：其他
RPXOMLLLMHKFFCH68CA,埔頂段,.11,都市：其他
RPXOMLLLMHKFFCH68CA,埔頂段,.31,都市：其他
RPXOMLLLMHKFFCH68CA,埔頂段,.12,都市：其他
RPOPMLLLMHKFFCH87CA,仁武段,48.04,都市：住
RPOPMLLLMHKFFCH87CA,埔頂段,.52,都市：其他
RPOPMLLLMHKFFCH87CA,埔頂段,.11,都市：其他
RPOPMLLLMHKFFCH87CA,埔頂段,.30,都市：其他
RPOPMLLLMHKFFCH87CA,埔頂段,.12,都市：其他
RPXOMLQKMHKFFCH09CA,黃龍段,90.64,都市：住
RPWNMLMJNHKFFCH48CA,九座段,34.91,非都市：鄉村區 ; 非都市編定：乙種建築用地
RPXNMLOKMHKFFDH88CA,啟文段,53.89,非都市：特定農業區 ; 非都市編定：甲種建築用地
RPTNMLRKMHKFFDH78CA,高榮段,423.31,非都市：一般農業區 ; 非都市編定：農牧用地
RPTNMLPKMHKFFCH48CA,新溪洲段,81.80,非都市：風景區 ; 非都市編定：農牧用地
RPTNMLPKMHKFFCH48CA,新溪洲段,1069.00,非都市：風景區 ; 非都市編定：農牧用地
RPTNMLPKMHKFFCH48CA,新溪洲段,4.29,非都市：風景區 ; 非都市編定：農牧用地
RPTNMLPKMHKFFCH48CA,新溪洲段,23.78,非都市：風景區 ; 非都市編定：農牧用地
RPWOMLNLMHKFFDH88CA,啟文段,120.00,非都市：特定農業區 ; 非都市編定：甲種建築用地
RPWNMLPKMHKFFDH88CA,高山段,100.41,非都市：特定農業區 ; 非都市編定：農牧用地
RPUOMLKLMHKFFBH18CA,雙嶺段,88.00,都市：住
RPTOMLMLMHKFFDH48CA,二重溪段,12.56,都市：其他
RPRNMLOLMHKFFBH18CA,中工段,23.06,都市：住
RPRNMLOLMHKFFBH18CA,中工段,3.51,非都市：工業區 ; 非都市編定：丁種建築用地
RPROMLQJNHKFFDH58CA,高上段,89.33,非都市：特定農業區 ; 非都市編定：甲種建築用地
RPROMLQJNHKFFDH58CA,高上段,12.03,非都市：特定農業區 ; 非都市編定：甲種建築用地
RPROMLQJNHKFFDH58CA,高上段,.83,非都市：特定農業區 ; 非都市編定：甲種建築用地
RPROMLQJNHKFFDH58CA,高上段,5.66,非都市：特定農業區 ; 非都市編定：甲種建築用地
RPROMLQJNHKFFDH58CA,高上段,4.06,非都市：特定農業區 ; 非都市編定：農牧用地
RPTNMLQKMHKFFBH48CA,石頭段,2.72,都市：商
RPWNMLPJNHKFFDH88CA,永寧段,5.40,非都市：山坡地保育區 ; 非都市編定：丙種建築用地
RPWNMLPJNHKFFDH88CA,永寧段,.01,非都市：山坡地保育區 ; 非都市編定：丙種建築用地
RPWNMLPJNHKFFDH88CA,永寧段,34.14,非都市：山坡地保育區 ; 非都市編定：丙種建築用地
RPWNMLPJNHKFFDH88CA,永寧段,304.57,非都市：山坡地保育區 ; 非都市編定：丙種建築用地
RPWNMLPJNHKFFDH88CA,永寧段,.33,非都市：山坡地保育區 ; 非都市編定：丙種建築用地
RPQOMLRKMHKFFBH38CA,三民段,21.86,都市：其他
RPQOMLRKMHKFFBH38CA,三民段,1412.67,都市：其他
RPQOMLRKMHKFFBH38CA,三民段,804.00,都市：其他
RPQNMLLLMHKFFBH77CA,三座屋段三座屋小段,36.59,都市：住
RPXNMLRKMHKFFBH98CA,三座屋段三座屋小段,14.14,都市：住
RPXNMLRKMHKFFBH98CA,三座屋段舊社小段,9.45,都市：住
RPUNMLPKMHKFFCH58CA,仁愛段,23.10,非都市：特定農業區 ; 非都市編定：甲種建築用地
RPSNMLPKMHKFFCH38CA,民有段,3.57,都市：其他
RPSNMLPKMHKFFCH38CA,民有段,8.91,都市：其他
RPOQMLPKMHKFFBH18CA,石頭段,162.63,都市：住
RPOQMLPKMHKFFBH18CA,石頭段,1.64,都市：住
RPXPMLSJNHKFFCH76CA,烏林段,82.11,非都市：鄉村區 ; 非都市編定：乙種建築用地
RPOPMLSLMHKFFBH48CA,忠福段,18.63,都市：住
RPWPMLKMMHKFFCH68CA,三洽水段,110.00,非都市：山坡地保育區 ; 非都市編定：農牧用地
RPWPMLKMMHKFFCH68CA,三洽水段,572.00,非都市：山坡地保育區 ; 非都市編定：農牧用地
RPWPMLKMMHKFFCH68CA,三洽水段,110.00,非都市：山坡地保育區 ; 非都市編定：農牧用地
RPVOMLQKMHKFFDH98CA,幼獅段,396.62,非都市：工業區 ; 非都市編定：丁種建築用地
RPVOMLQKMHKFFDH98CA,幼獅段,396.62,非都市：工業區 ; 非都市編定：丁種建築用地
RPVOMLQKMHKFFDH98CA,幼獅段,9.07,非都市：工業區 ; 非都市編定：丁種建築用地
RPVOMLQKMHKFFDH98CA,幼獅段,9.07,非都市：工業區 ; 非都市編定：丁種建築用地
RPVOMLQKMHKFFDH98CA,幼獅段,5.22,非都市：工業區 ; 非都市編定：丁種建築用地
RPVOMLQKMHKFFDH98CA,幼獅段,5.22,非都市：工業區 ; 非都市編定：丁種建築用地
RPVOMLQKMHKFFDH98CA,幼獅段,14.83,非都市：工業區 ; 非都市編定：丁種建築用地
RPVOMLQKMHKFFDH98CA,幼獅段,14.83,非都市：工業區 ; 非都市編定：丁種建築用地
RPVOMLQKMHKFFDH98CA,幼獅段,14.72,非都市：工業區 ; 非都市編定：水利用地
RPVOMLQKMHKFFDH98CA,幼獅段,14.72,非都市：工業區 ; 非都市編定：水利用地
RPPQMLKLMHKFFBH87CA,忠孝段,6.02,都市：農
RPPQMLKLMHKFFBH87CA,忠孝段,80.71,都市：農
RPOQMLOJNHKFFBH08CA,青溪段,90.73,都市：住
RPWOMLPJNHKFFBH78CA,中寮段,73.08,都市：住
RPPNMLLJNHKFFBH57CA,三座屋段三座屋小段,1.43,都市：住
RPPNMLLJNHKFFBH57CA,三座屋段舊社小段,6.68,都市：住
RPPNMLLJNHKFFBH57CA,三座屋段三座屋小段,1.43,都市：住
RPPNMLLJNHKFFBH57CA,三座屋段舊社小段,6.68,都市：住
RPSOMLMKNHKFFBH18CA,青平段,19.90,都市：商
RPRNMLPKMHKFFBH18CA,新興段,732.11,都市：農
RPRNMLPKMHKFFBH18CA,新興段,82.83,都市：農
RPRNMLPKMHKFFBH18CA,新興段,.73,都市：其他
RPVPMLPKMHKFFBH78CA,內壢段,76.86,非都市：特定農業區 ; 非都市編定：甲種建築用地
RPPPMLSLMHKFFBH58CA,青溪段,52.71,都市：住
RPTPMLOJNHKFFBH48CA,忠福段,12.40,都市：住
RPTPMLOJNHKFFBH48CA,忠福段,22.54,都市：住
RPXPMLOKNHKFFBH98CA,三座屋段舊社小段,25.39,都市：住
RPVPMLOKNHKFFBH78CA,忠孝段,18.35,都市：住
RPXOMLSLMHKFFBH66CA,青溪段,41.59,都市：住
RPSNMLQJNHKFFBH38CA,東寮段,25.14,都市：住
RPVNMLLLNHKFFBH38CA,中壢埔頂段,9.77,都市：住
RPXNMLPKMHKFFBH78CA,廣青段,66.35,都市：農
RPXNMLPKMHKFFBH78CA,廣青段,597.37,都市：農
RPXNMLPKMHKFFBH78CA,廣青段,7.22,都市：農
RPUOMLPKMHKFFBH58CA,中寮段,12.79,都市：商
RPRQMLRLMHKFFBH78CA,草新段,40.25,都市：住
RPOSMLQJNHKFFBH48CA,自立段,24.91,都市：住
RPTOMLSLMHKFFBH88CA,青溪段,41.35,都市：住
RPVOMLSLMHKFFBH09CA,青溪段,41.59,都市：住
RPWOMLSLMHKFFBH56CA,青溪段,41.59,都市：住
RPQOMLSLMHKFFBH58CA,青溪段,41.59,都市：住
RPPQMLPKMHKFFBH28CA,遠東段,2.40,都市：住
RPPQMLPKMHKFFBH28CA,遠東段,20.00,都市：住
RPUNMLQKMHKFFBH58CA,興和段,2207.79,都市：農
RPVNMLQKMHKFFBH68CA,興和段,1652.90,都市：農
RPPNMLRLMHKFFBH28CA,富台段,14.78,都市：住
RPRPMLQKMHKFFBH48CA,石頭段,24.00,都市：住
RPRPMLQKMHKFFBH48CA,石頭段,69.00,都市：住
RPRPMLQKMHKFFBH48CA,石頭段,34.00,都市：住
RPPOMLQKMHKFFBH18CA,草新段,77.15,都市：住
RPWOMLQKMHKFFBH88CA,雙嶺段,87.89,都市：工
RPWOMLQKMHKFFBH88CA,雙嶺段,54.54,都市：工
RPWOMLQKMHKFFBH88CA,雙嶺段,.95,都市：工
RPWOMLQKMHKFFBH88CA,雙嶺段,1.31,都市：工
RPWOMLQKMHKFFBH88CA,雙嶺段,4.59,都市：工
RPWOMLQKMHKFFBH88CA,雙嶺段,.03,都市：工
RPWOMLQKMHKFFBH88CA,雙嶺段,.25,都市：工
RPWOMLQKMHKFFBH88CA,雙嶺段,3.24,都市：工
RPWOMLQKMHKFFBH88CA,雙嶺段,.02,都市：工
RPWOMLQKMHKFFBH88CA,雙嶺段,.32,都市：工
RPWOMLQKMHKFFBH88CA,雙嶺段,.17,都市：工
RPWOMLQKMHKFFBH88CA,雙嶺段,.02,都市：工
RPWOMLQKMHKFFBH88CA,雙嶺段,4.39,都市：工
RPWOMLQKMHKFFBH88CA,雙嶺段,.25,都市：工
RPWOMLQKMHKFFBH88CA,雙嶺段,.07,都市：工
RPWOMLQKMHKFFBH88CA,雙嶺段,.22,都市：工
RPWOMLQKMHKFFBH88CA,雙嶺段,53.58,都市：工
RPWOMLQKMHKFFBH88CA,雙嶺段,1.73,都市：工
RPWOMLQKMHKFFBH88CA,雙嶺段,1.73,都市：工
RPWOMLQKMHKFFBH88CA,雙嶺段,20.73,都市：工
RPWOMLQKMHKFFBH88CA,雙嶺段,.69,都市：工
RPWOMLQKMHKFFBH88CA,中觀段,16.51,都市：工
RPWOMLQKMHKFFBH88CA,中觀段,51.64,都市：工
RPWOMLQKMHKFFBH88CA,中觀段,2933.72,都市：工
RPWOMLQKMHKFFBH88CA,中觀段,43.60,都市：工
RPWOMLQKMHKFFBH88CA,中觀段,22.47,都市：工
RPVPMLKLMHKFFBH38CA,工業區段二小段,17.11,非都市：工業區 ; 非都市編定：丁種建築用地
RPOQMLPKNHKFFBH28CA,興南段興南小段,8.68,都市：商
RPRNMLLJNHKFFBH77CA,中壢埔頂段,6.68,都市：住
RPVNMLRKMHKFFDH98CA,田心段,95.55,非都市：特定農業區 ; 非都市編定：甲種建築用地
RPQOMLRKMHKFFDH58CA,下田心子段赤牛欄小段,1000.00,非都市：特定農業區 ; 非都市編定：農牧用地
RPQOMLRKMHKFFDH58CA,下田心子段赤牛欄小段,1995.00,非都市：特定農業區 ; 非都市編定：農牧用地
RPQOMLRKMHKFFDH58CA,下田心子段赤牛欄小段,1847.00,非都市：特定農業區 ; 非都市編定：農牧用地
RPSOMLRKMHKFFDH78CA,富岡段,1500.00,非都市：特定農業區 ; 非都市編定：農牧用地
RPRNMLSKMHKFFBH48CA,中壢埔頂段,9.07,都市：住
RPRPMLKMMHKFFBH08CA,三座屋段舊社小段,143.98,都市：住
RPRPMLKMMHKFFBH08CA,三座屋段舊社小段,8.76,都市：住
RPUOMLPKMHKFFDH78CA,二重溪段,4.26,非都市：山坡地保育區 ; 非都市編定：丙種建築用地
RPQPMLNLMHKFFDH38CA,大金山下段大金山下小段,22.73,都市：住
RPPNMLSKMHKFFDH48CA,幼獅段,12.52,都市：住
RPVOMLLLMHKFFDH58CA,二重溪段,72.25,非都市：山坡地保育區 ; 非都市編定：丙種建築用地
RPXNMLMKNHKFFDH78CA,幼獅段,6857.00,都市：住
RPOOMLMKNHKFFDH97CA,幼獅段,11467.74,都市：住
RPOOMLMKNHKFFDH97CA,幼獅段,78.06,都市：住
RPROMLMKNHKFFDH28CA,草湳坡段草湳坡小段,186.00,都市：其他
RPROMLMKNHKFFDH28CA,幼獅段,142.19,都市：其他
RPROMLMKNHKFFDH28CA,幼獅段,1639.95,都市：其他
RPQOMLMKNHKFFDH18CA,幼獅段,603.83,都市：其他
RPQOMLMKNHKFFDH18CA,幼獅段,14.65,都市：其他
RPQOMLMKNHKFFDH18CA,幼獅段,330.10,都市：其他
RPQOMLMKNHKFFDH18CA,幼獅段,479.07,都市：其他
RPQOMLMKNHKFFDH18CA,幼獅段,20.41,都市：其他
RPQOMLMKNHKFFDH18CA,幼獅段,76.51,都市：其他
RPPOMLMKNHKFFDH08CA,幼獅段,1258.76,都市：住
RPQOMLMKNHKFFDH18CA,幼獅段,8.81,都市：住
RPQOMLMKNHKFFDH18CA,幼獅段,76.69,都市：其他
RPSNMLOLMHKFFDH48CA,笨子港段榕樹下小段,490.67,非都市：一般農業區 ; 非都市編定：農牧用地
RPSNMLOLMHKFFDH48CA,笨子港段榕樹下小段,291.33,非都市：一般農業區 ; 非都市編定：農牧用地
RPSNMLOLMHKFFDH48CA,笨子港段榕樹下小段,340.00,非都市：一般農業區 ; 非都市編定：農牧用地
RPSNMLOLMHKFFDH48CA,笨子港段榕樹下小段,457.00,非都市：一般農業區 ; 非都市編定：農牧用地
RPOPMLQKMHKFFDH38CA,楊湖段,1408.00,非都市：特定農業區 ; 非都市編定：農牧用地
RPRPMLQKMHKFFDH68CA,上田段,115.50,非都市：特定農業區 ; 非都市編定：甲種建築用地
RPSNMLRLMHKFFDH78CA,蚵殼港段深圳小段,438.00,非都市：一般農業區 ; 非都市編定：農牧用地
RPXOMLQKMHKFFDH56CA,石磊子段石磊子小段,37.50,非都市：鄉村區 ; 非都市編定：乙種建築用地
RPXOMLQKMHKFFDH56CA,石磊子段石磊子小段,37.50,非都市：鄉村區 ; 非都市編定：乙種建築用地
RPQOMLQKMHKFFCH38CA,番子寮段,446.00,非都市：一般農業區 ; 非都市編定：甲種建築用地
RPPNMLPJNHKFFDH18CA,頂湖段,288.49,非都市：山坡地保育區 ; 非都市編定：丁種建築用地
RPPNMLPJNHKFFDH18CA,頂湖段,1162.31,非都市：山坡地保育區 ; 非都市編定：丁種建築用地
RPXNMLQKMHKFFCH98CA,仁德段,316.08,非都市：特定農業區 ; 非都市編定：農牧用地
RPXNMLQKMHKFFCH98CA,仁德段,183.49,非都市：特定農業區 ; 非都市編定：農牧用地
RPXPMLKMMHKFFCH78CA,三洽水段,100.00,非都市：山坡地保育區 ; 非都市編定：農牧用地
RPUNMLQKMHKFFCH68CA,北興段,19.58,非都市：一般農業區 ; 非都市編定：甲種建築用地
RPUNMLQKMHKFFCH68CA,北興段,48.55,非都市：一般農業區 ; 非都市編定：甲種建築用地
RPVNMLQKMHKFFCH78CA,成功段,25.27,非都市：特定農業區 ; 非都市編定：甲種建築用地
RPVPMLSLMHKFFDH76CA,草湳坡段埔心小段,16.43,都市：住
RPWPMLPJNHKFFAH78CA,桃園段武陵小段,48.53,都市：其他
RPWPMLPJNHKFFAH78CA,桃園段武陵小段,33.77,都市：其他
RPWPMLPJNHKFFAH78CA,桃園段武陵小段,4.52,都市：其他
RPWPMLPJNHKFFAH78CA,小檜溪段,166.28,都市：其他
RPWPMLPJNHKFFAH78CA,小檜溪段,2.28,都市：其他
RPWPMLPJNHKFFAH78CA,小檜溪段,16.91,都市：其他
RPWPMLPJNHKFFAH78CA,小檜溪段,13.58,都市：其他
RPWPMLPJNHKFFAH78CA,大樹林段,.40,都市：其他
RPWPMLPJNHKFFAH78CA,大樹林段,1.28,都市：其他
RPWPMLPJNHKFFAH78CA,埔子段埔子小段,21.54,都市：其他
RPWPMLPJNHKFFAH78CA,法政段,72.00,都市：其他
RPWPMLPJNHKFFAH78CA,成功段,2.33,都市：其他
RPPPMLSJNHKFFCH58CA,仁善段,102.44,都市：住
RPVQMLRLMHKFFAH09CA,大有段,9.40,都市：住
RPOQMLPKMHKFFAH08CA,和平段,14.66,都市：住
RPTNMLMJNHKFFAH97CA,延壽段,8.67,都市：住
RPTNMLMJNHKFFAH97CA,延壽段,7.68,都市：住
RPTNMLMJNHKFFAH97CA,延壽段,4.42,都市：住
RPTNMLOJNHKFFCH38CA,烏樹林段,20.73,非都市：鄉村區 ; 非都市編定：乙種建築用地
RPWOMLPKMHKFFAH68CA,迴龍段,.00,都市：其他
RPWOMLPKMHKFFAH68CA,迴龍段,25.28,都市：住
RPVQMLSLMHKFFAH56CA,雲林段,.47,都市：住
SPVQMLSLMHKFFAH66CA,雲林段,.47,都市：住
RPQQMLLKNHKFFAH97CA,龍安段,18.63,都市：住
RPPRMLQKMHKFFAH38CA,自強段,25.25,都市：商
RPPRMLQKMHKFFAH38CA,自強段,4.75,都市：商
RPQRMLQKMHKFFAH48CA,自強段,25.25,都市：商
RPQRMLQKMHKFFAH48CA,自強段,4.75,都市：商
RPQQMLRKMHKFFAH48CA,新埔段,6.73,都市：住
RPXQMLRKMHKFFAH56CA,忠義段,5.49,都市：住
RPWQMLRKMHKFFAH09CA,三元段,21.19,都市：住
RPVQMLQKMHKFFAH88CA,新埔段,19.23,都市：住
RPXOMLNKNHKFFAH68CA,富國段,14.30,都市：住
RPXPMLOLMHKFFAH88CA,龍鳳段,20.13,都市：住
RPXPMLOLMHKFFAH88CA,龍鳳段,.43,都市：住
RPXPMLOLMHKFFAH88CA,龍鳳段,.87,都市：住
RPXPMLOLMHKFFAH88CA,龍鳳段,.19,都市：住
RPQOMLTKNHKFFAH58CA,文化段,30.28,都市：商
RPOOMLQKMHKFFAH18EA,龍祥段,25.71,都市：住
RPOOMLQKMHKFFAH18EA,龍祥段,.03,都市：住
RPQNMLKMMHKFFAH67CA,龍祥段,13.01,都市：住
RPSNMLNLMHKFFAH08CA,成功段,21.31,都市：住
RPVPMLLLMHKFFAH38CA,峨眉段,24.18,都市：住
RPOQMLOLMHKFFAH08CA,桃鶯段,28.88,都市：住
RPQOMLOLMHKFFAH08CA,龍鳳段,116.40,都市：工
RPUPMLOLMHKFFAH58CA,陸光段,24.36,都市：住
RPUOMLRKMHKFFBH88DA,普義段,20.75,都市：住
RPUNMLOLMHKFFFH98DA,茄明段,10.18,都市：住
RPUOMLLLMHKFFBH38DA,環東段,13.25,都市：住
RPQOMLPKMHKFFEH58DA,中園段,127.35,都市：其他
RPPOMLKLMHKFFEH08DA,河底段,24.70,都市：住
RPXNMLKLMHKFFBH48DA,石頭段,35.59,都市：其他
RPVNMLTLNHKFFEH07EA,南崁廟口段廟口小段,12.70,都市：住
RPSNMLKMMHKFFDH38EA,埔頂段埔頂小段,86.00,非都市：特定農業區 ; 非都市編定：甲種建築用地
RPROMLQKMHKFFBH58EA,自立段,35.39,都市：住
RPSPMLRLMHKFFGH66CA,金星段,24.64,都市：住
RPRNMLPKMHKFFCH48EA,仁善段,95.08,都市：住
RPQOMLPKMHKFFEH68EA,坑子口段頭前小段,29.20,非都市：一般農業區 ; 非都市編定：交通用地
RPQOMLPKMHKFFEH68EA,坑子口段頭前小段,55.00,非都市：一般農業區 ; 非都市編定：交通用地
RPSOMLLLMHKFFGH68DA,廣東段,13.40,都市：住
RPOPMLQJNHKFFGH68CA,福林段,15.97,非都市：特定農業區 ; 非都市編定：甲種建築用地
RPPPMLQJNHKFFGH78CA,福林段,16.12,非都市：特定農業區 ; 非都市編定：甲種建築用地
RPQPMLQJNHKFFGH88CA,福林段,16.31,非都市：特定農業區 ; 非都市編定：甲種建築用地
RPOQMLRKMHKFFAH38DA,三元段,20.14,都市：住
RPPRMLKLMHKFFAH97DA,慈文段,17.19,都市：住
RPPRMLKLMHKFFAH97DA,慈文段,.23,都市：住
RPROMLTLMHKFFGH66CA,平東段,76.04,都市：住
RPTNMLRKMHKFFGH09CA,東豐段,30.49,都市：住
RPTNMLRKMHKFFGH09CA,東豐段,.40,都市：住
RPXNMLRJNHKFFGH86CA,東安段,14.35,都市：住
RPXNMLRJNHKFFGH86CA,東安段,.26,都市：住
RPUNMLRKMHKFFGH56CA,東豐段,30.49,都市：住
RPUNMLRKMHKFFGH56CA,東豐段,.40,都市：住
RPVNMLRKMHKFFGH66CA,東豐段,26.48,都市：住
RPVNMLRKMHKFFGH66CA,東豐段,.40,都市：住
RPWNMLOKNHKFFGH56CA,福林段,16.31,非都市：特定農業區 ; 非都市編定：甲種建築用地
RPVNMLOKNHKFFGH09CA,福林段,16.14,非都市：特定農業區 ; 非都市編定：甲種建築用地
RPXNMLOKNHKFFGH66CA,福林段,16.31,非都市：特定農業區 ; 非都市編定：甲種建築用地
RPPNMLQKMHKFFGH58CA,平鎮段,59.00,都市：住
RPOOMLOLMHKFFFH38CA,新霄裡段,158.37,非都市：鄉村區 ; 非都市編定：乙種建築用地
RPTOMLQLNHKFFGH66CA,宋屋段高山下小段,33.14,都市：住
RPVNMLRKMHKFFFH56CA,大忠段,7.94,都市：住
RPROMLRKMHKFFEH78CA,六福段,3.39,都市：住
RPTNMLKLMHKFFEH28CA,錦中段,19.88,都市：工
RPPNMLKLMHKFFEH87CA,羊稠段,63.69,都市：住
RPWOMLRKMHKFFEH66CA,埔心段埔心小段,596.50,非都市：特定農業區 ; 非都市編定：農牧用地
RPUNMLQKMHKFFFH98CA,豐田段,37.55,都市：住
RPVPNLRLMHKFFAH56DA,新埔段,11.15,都市：住
RPPNMLSKMHKFFEH58CA,文新段,28.35,都市：農
RPVOMLRKMHKFFEH56CA,五福段,10.34,都市：住
RPWNMLKLMHKFFEH58CA,內海墘段,1491.00,非都市：一般農業區 ; 非都市編定：農牧用地
RPVNMLKLMHKFFEH48CA,河底段,13.12,都市：住
RPRNMLRKMHKFFEH68CA,竹圍段竹圍小段,380.00,非都市：一般農業區 ; 非都市編定：農牧用地
RPQNMLSKMHKFFFH78CA,福興段,31.61,都市：住
RPTNMLOLMHKFFEH68CA,公埔段,23.86,都市：住
RPVNMLRKMHKFFEH09CA,青峰段,48.69,都市：住
RPVNMLRKMHKFFEH09CA,青峰段,.05,都市：住
RPUNMLLLMHKFFEH48CA,文中段,15.18,都市：住
RPUNMLLLMHKFFEH48CA,文中段,55.93,都市：住
RPRNMLSKMHKFFFH88CA,桃德段,75.01,都市：工
RPSOMLKLMHKFFFH38CA,廣隆段,72.68,非都市：鄉村區 ; 非都市編定：乙種建築用地
RPSOMLKLMHKFFFH38CA,廣隆段,112.86,非都市：鄉村區 ; 非都市編定：乙種建築用地
RPSOMLKLMHKFFFH38CA,廣隆段,60.28,非都市：鄉村區 ; 非都市編定：丁種建築用地
RPROMLNLMHKFFEH48CA,南崁廟口段羊稠坑小段,36.05,都市：住
RPUNMLKLMHKFFFH48CA,營盤段,3488.25,非都市：特定農業區 ; 非都市編定：農牧用地
RPPOMLOJNHKFFEH28CA,河底段,11.93,都市：住
RPPNMLNLMHKFFFH28CA,大明段,21.98,非都市：鄉村區 ; 非都市編定：乙種建築用地
RPQOMLKLMHKFFFH18CA,大庄段,78.47,非都市：鄉村區 ; 非都市編定：乙種建築用地
RPQOMLNJOHKFFEH38CA,大牛稠段倒厝子小段,113.16,非都市：鄉村區 ; 非都市編定：乙種建築用地
RPQOMLNJOHKFFEH38CA,大牛稠段倒厝子小段,18.51,非都市：鄉村區 ; 非都市編定：乙種建築用地
RPUNMLKLMHKFFGH58CA,金獅段,340.51,非都市：特定農業區 ; 非都市編定：農牧用地
RPPNMLRKMHKFFGH68CA,關爺段,83.17,非都市：特定農業區 ; 非都市編定：甲種建築用地
RPPNMLRKMHKFFGH68CA,關爺段,.98,非都市：特定農業區 ; 非都市編定：甲種建築用地
RPVNMLLLMHKFFGH78CA,關爺段,18.48,非都市：鄉村區 ; 非都市編定：乙種建築用地
RPXNMLLLMHKFFEH78CA,河底段,16.43,都市：住
RPOOMLLLMHKFFEH97CA,南崁廟口段羊稠坑小段,45.34,都市：住
RPROMLQKMHKFFGH88CA,平南段,34.54,都市：工
RPROMLQKMHKFFGH88CA,平南段,34.54,都市：工
RPPOMLLLMHKFFGH28CA,北商段,48.20,非都市：特定農業區 ; 非都市編定：甲種建築用地
RPPOMLLLMHKFFGH28CA,北商段,14.91,非都市：特定農業區 ; 非都市編定：甲種建築用地
RPPOMLLLMHKFFGH28CA,北商段,8.01,非都市：特定農業區 ; 非都市編定：甲種建築用地
RPSNMLKMMHKFFFH38CA,豐田段,25.97,都市：住
RPSOMLRLMHKFFFH09CA,大和段,9.99,都市：住
SPOPMLKMMHKFFFH28CA,豐田段,34.81,都市：住
RPOPMLKMMHKFFFH18CA,豐田段,34.81,都市：住
RPTPMLKLMHKFFAH18DA,富國段,28.06,都市：住
RPPNMLSKMHKFFGH78CA,湧安段,74.58,都市：住
RPXPNLRLMHKFFAH76DA,東門段,11.11,都市：商
RPTPMLMLMHKFFAH38DA,小檜溪段,60.00,都市：住
RPPOMLQKMHKFFAH18DA,法政段,47.33,都市：其他
RPPOMLQKMHKFFAH18DA,埔子段埔子小段,9.00,都市：其他
RPVPMLQKMHKFFAH88DA,龍祥段,513.55,都市：其他
RPSRNLRLMHKFFAH09DA,國強段,5.25,都市：住
RPSRNLRLMHKFFAH09DA,江南段,9.77,都市：住
RPXNMLLJNHKFFGH88CA,廣德段,25.25,都市：住
RPXOMLRJNHKFFFH86CA,前程段,6.41,都市：商
RPOOMLSLMHKFFFH78CA,大華段,19.16,都市：住
RPXOMLLLMHKFFGH09CA,廣豐段,192.47,都市：其他
RPXOMLLLMHKFFGH09CA,高雙段,215.51,都市：其他
RPTOMLRKMHKFFBH88EA,水尾段水尾小段,4.40,都市：住
RPPNMLRKMHKFFCH48EA,民有段,13.64,都市：農
RPPNMLRKMHKFFCH48EA,民有段,19.12,都市：農
RPRNMLKMMHKFFDH28EA,長岡嶺段,44.47,非都市：山坡地保育區 ; 非都市編定：丙種建築用地
RPOOMLLKNHKFFFH08CA,大庄段,.19,非都市：鄉村區 ; 非都市編定：乙種建築用地
RPOOMLLKNHKFFFH08CA,大庄段,45.52,非都市：鄉村區 ; 非都市編定：乙種建築用地
RPOOMLLKNHKFFFH08CA,大庄段,28.63,非都市：鄉村區 ; 非都市編定：乙種建築用地
RPRNMLLKNHKFFGH38CA,金星段,28.25,都市：住
RPTNMLLKNHKFFGH58CA,金星段,19.19,都市：住
RPUOMLRKMHKFFEH56DA,羊稠段,20.89,都市：住
RPWNMLOJNHKFFGH09CA,平鎮段,77.99,都市：住
RPXNMLQKMHKFFDH56DA,瑞湖段,106.01,非都市：山坡地保育區 ; 非都市編定：丙種建築用地
RPQPMLSLMHKFFGH56CA,平鎮段,14.14,都市：商
RPXNMLSKNHKFFFH96CA,高明段,9.66,都市：住
RPXNMLSKNHKFFFH96CA,高明段,.52,都市：住
RPXNMLSKNHKFFFH96CA,高明段,13.06,都市：住
RPXNMLSKNHKFFFH96CA,高明段,3.19,都市：住
RPXNMLSKNHKFFFH96CA,高明段,.51,都市：住
RPTNMLSLMHKFFGH66CA,南華段,102.96,非都市：鄉村區 ; 非都市編定：乙種建築用地
RPVNMLRKMHKFFBH88DA,內壢段,39.00,都市：住
RPOOMLLLMHKFFBH77DA,三民段,40.88,都市：農
RPSNMLKLMHKFFBH97DA,仁德段,49.08,都市：農
RPSNMLKLMHKFFBH97DA,仁德段,8.75,都市：農
RPPOMLLLMHKFFBH87DA,三民段,48.80,都市：農
RPTOMLLLMHKFFBH28DA,普義段,13.64,都市：住
RPVOMLPJNHKFFBH78DA,復興段,24.93,都市：住
RPWPMLKLMHKFFBH58DA,石頭段,41.00,都市：住
RPOPMLPJNHKFFBH18DA,復興段,24.93,都市：住
RPOOMLKLMHKFFBH67DA,普義段,15.96,都市：住
RPPOMLKLMHKFFBH77DA,石頭段,6.57,都市：商
RPWOMLQKMHKFFAH98EA,中山段,9.01,都市：商
RPPNMLNLMHKFFAH77CA,寶山段,9.10,都市：住
RPSOMLKLMHKFFBH08DA,三座屋段三座屋小段,15.20,都市：商
RPRNMLOLMHKFFFH68DA,大義段,56.04,都市：住
RPPRMLMLMHKFFAH08CA,三元段,64.76,都市：農
RPPRMLMLMHKFFAH08CA,三元段,4.63,都市：農
RPPRMLMLMHKFFAH08CA,三元段,26.28,都市：農
RPWNMLNLMHKFFAH48CA,精忠段,17.54,都市：住
RPUNMLSLMHKFFFH76DA,瑞豐段,21.51,非都市：鄉村區 ; 非都市編定：乙種建築用地
RPWPMLMLMHKFFAH58CA,大有段,5.11,都市：住
RPPQMLMLMHKFFAH97CA,迴龍段,17.33,都市：其他
RPPPMLKLMHKFFGH38DA,廣南段,20.79,都市：商
RPWOMLMLMHKFFAH48CA,中路二段,70.38,都市：住
RPOPMLMLMHKFFAH77CA,中路二段,3.82,都市：住
RPPNMLLLMHKFFAH57CA,江南段,54.12,都市：住
RPVOMLPKPHKFFEH86EA,沙崙段沙崙小段,93.00,非都市：一般農業區 ; 非都市編定：甲種建築用地
RPUPMLMLMHKFFAH38CA,新埔段,.74,都市：住
RPUPMLMLMHKFFAH38CA,新埔段,84.26,都市：住
RPVPMLNLMHKFFAH58CA,慈文段,17.46,都市：住
RPSPMLOLMHKFFAH38CA,大有段,8.17,都市：住
RPOPMLOLMHKFFAH97CA,大興段,16.31,都市：住
RPOPMLOLMHKFFAH97CA,大興段,.11,都市：其他
RPWOMLLLMHKFFAH38CA,富國段,9.68,都市：住
RPWOMLLLMHKFFAH38CA,富國段,9.49,都市：住
RPPPMLKLMHKFFAH67CA,小檜溪段,21.72,都市：住
RPVQMLRKMHKFFAH98CA,福元段,12.57,都市：住
RPVPMLRKMHKFFAH88CA,中平段,28.01,都市：住
RPPQMLSKNHKFFAH58CA,中埔段,.70,都市：農
RPPQMLSKNHKFFAH58CA,中埔段,10.12,都市：農
RPPQMLSKNHKFFAH58CA,星見段,10.04,都市：農
RPPQMLSKNHKFFAH58CA,星見段,.34,都市：農
RPPQMLSKNHKFFAH58CA,星見段,.43,都市：農
RPPQMLSKNHKFFAH58CA,星見段,10.40,都市：農
RPPQMLSKNHKFFAH58CA,星見段,18.10,都市：農
RPPQMLSKNHKFFAH58CA,星見段,.12,都市：農
RPPQMLSKNHKFFAH58CA,星見段,1.75,都市：農
RPPQMLSKNHKFFAH58CA,星見段,3.41,都市：農
RPPQMLSKNHKFFAH58CA,星見段,.51,都市：農
RPPQMLSKNHKFFAH58CA,星見段,.07,都市：農
RPPQMLSKNHKFFAH58CA,星見段,6.32,都市：農
RPPQMLSKNHKFFAH58CA,星見段,7.43,都市：農
RPSNMLQKMHKFFAH28CA,龜山段,29.00,都市：其他
RPSNMLQKMHKFFAH28CA,龜山段,134.00,都市：商
RPTPMLRKMHKFFAH68CA,中平段,27.76,都市：住
RPPPMLQKMHKFFAH18CA,埔子段埔子小段,.20,都市：住
RPPPMLQKMHKFFAH18CA,埔子段埔子小段,.60,都市：住
RPPPMLQKMHKFFAH18CA,埔子段埔子小段,13.40,都市：住
RPWOMLRKMHKFFAH88CA,江南段,14.79,都市：住
RPWOMLRKMHKFFAH88CA,江南段,14.79,都市：住
RPOOMLRKMHKFFAH08CA,西門段,18.51,都市：住
RPOOMLRKMHKFFAH08CA,西門段,.33,都市：其他
RPSPMLRKMHKFFAH58CA,中平段,29.51,都市：住
RPOOMLNKNHKFFBH97DA,復興段,25.42,都市：住
RPPOMLQKMHKFFCH28CA,番子寮段,1.42,非都市：一般農業區 ; 非都市編定：甲種建築用地
RPPOMLQKMHKFFCH28CA,番子寮段,124.02,非都市：一般農業區 ; 非都市編定：甲種建築用地
RPROMLQKMHKFFCH48CA,番子寮段,1.42,非都市：一般農業區 ; 非都市編定：甲種建築用地
RPROMLQKMHKFFCH48CA,番子寮段,124.02,非都市：一般農業區 ; 非都市編定：甲種建築用地
RPTNMLQKMHKFFCH58CA,仁善段,51.50,都市：住
RPTNMLQKMHKFFCH58CA,仁善段,91.46,都市：住
RPUOMLQKMHKFFCH78CA,燈潭段,29.71,非都市：鄉村區 ; 非都市編定：乙種建築用地
RPQRNLRLMHKFFAH78CA,中平段,31.92,都市：住
RPQNMLRKMHKFFCH38CA,八張犁段,136.00,非都市：山坡地保育區 ; 非都市編定：丙種建築用地
RPORMLLKNHKFFAH87CA,埔子段埔子小段,.22,都市：住
RPORMLLKNHKFFAH87CA,埔子段埔子小段,.02,都市：住
RPORMLLKNHKFFAH87CA,埔子段埔子小段,13.91,都市：住
RPORMLLKNHKFFAH87CA,埔子段埔子小段,.21,都市：住
RPORMLLKNHKFFAH87CA,埔子段埔子小段,1.18,都市：住
RPORMLLKNHKFFAH87CA,埔子段埔子小段,2.65,都市：住
RPSOMLNLMHKFFCH38CA,仁善段,80.42,都市：住
RPOPMLMLMHKFFCH97CA,黃唐段,56.70,非都市：鄉村區 ; 非都市編定：乙種建築用地
RPVNMLRKOHKFFEH86EA,圳股頭段圳股頭小段,88.01,非都市：一般農業區 ; 非都市編定：甲種建築用地
RPRPMLRJNHKFFAH48CA,龍鳳段,18.29,都市：住
RPVPMLTLMHKFFCH76CA,仁武段,29.76,都市：住
RPVPMLTLMHKFFCH76CA,埔頂段,.32,都市：其他
RPVPMLTLMHKFFCH76CA,埔頂段,.07,都市：其他
RPVPMLTLMHKFFCH76CA,埔頂段,.19,都市：其他
RPVPMLTLMHKFFCH76CA,埔頂段,.07,都市：其他
RPXNMLLLNHKFFAH48CA,半嶺段,51.78,都市：住
RPXNMLLLNHKFFAH48CA,半嶺段,8.64,都市：住
RPTPMLTLMHKFFCH56CA,仁武段,48.41,都市：住
RPTPMLTLMHKFFCH56CA,埔頂段,.52,都市：其他
RPTPMLTLMHKFFCH56CA,埔頂段,.11,都市：其他
RPTPMLTLMHKFFCH56CA,埔頂段,.31,都市：其他
RPTPMLTLMHKFFCH56CA,埔頂段,.12,都市：其他
RPUNMLOJNHKFFCH48CA,烏樹林段,21.95,非都市：鄉村區 ; 非都市編定：乙種建築用地
RPWNMLPJNHKFFAH58CA,中山段,15.46,都市：住
RPXPMLTLMHKFFCH96CA,仁武段,48.04,都市：住
RPXPMLTLMHKFFCH96CA,埔頂段,.52,都市：其他
RPXPMLTLMHKFFCH96CA,埔頂段,.11,都市：其他
RPXPMLTLMHKFFCH96CA,埔頂段,.30,都市：其他
RPXPMLTLMHKFFCH96CA,埔頂段,.12,都市：其他
RPOQMLTLMHKFFCH78CA,仁武段,64.24,都市：住
RPOQMLTLMHKFFCH78CA,埔頂段,.69,都市：其他
RPOQMLTLMHKFFCH78CA,埔頂段,.15,都市：其他
RPOQMLTLMHKFFCH78CA,埔頂段,.41,都市：其他
RPOQMLTLMHKFFCH78CA,埔頂段,.16,都市：其他
RPUNMLKMMHKFFCH28CA,大成段,63.12,都市：住
RPWNMLKMMHKFFCH48CA,仁武段,64.24,都市：住
RPWNMLKMMHKFFCH48CA,埔頂段,.69,都市：其他
RPWNMLKMMHKFFCH48CA,埔頂段,.15,都市：其他
RPWNMLKMMHKFFCH48CA,埔頂段,.41,都市：其他
RPWNMLKMMHKFFCH48CA,埔頂段,.16,都市：其他
RPSNMLKMMHKFFCH08CA,大成段,63.13,都市：住
RPPPMLTLMHKFFCH78CA,仁武段,48.41,都市：住
RPPPMLTLMHKFFCH78CA,埔頂段,.52,都市：其他
RPPPMLTLMHKFFCH78CA,埔頂段,.11,都市：其他
RPPPMLTLMHKFFCH78CA,埔頂段,.31,都市：其他
RPPPMLTLMHKFFCH78CA,埔頂段,.12,都市：其他
RPQNMLKMMHKFFCH87CA,仁武段,64.24,都市：住
RPQNMLKMMHKFFCH87CA,埔頂段,.69,都市：其他
RPQNMLKMMHKFFCH87CA,埔頂段,.15,都市：其他
RPQNMLKMMHKFFCH87CA,埔頂段,.41,都市：其他
RPQNMLKMMHKFFCH87CA,埔頂段,.16,都市：其他
RPQOMLKMMHKFFCH97CA,仁武段,48.41,都市：住
RPQOMLKMMHKFFCH97CA,埔頂段,.52,都市：其他
RPQOMLKMMHKFFCH97CA,埔頂段,.11,都市：其他
RPQOMLKMMHKFFCH97CA,埔頂段,.31,都市：其他
RPQOMLKMMHKFFCH97CA,埔頂段,.12,都市：其他
RPPOMLKMMHKFFCH87CA,仁武段,48.04,都市：住
RPPOMLKMMHKFFCH87CA,埔頂段,.52,都市：其他
RPPOMLKMMHKFFCH87CA,埔頂段,.11,都市：其他
RPPOMLKMMHKFFCH87CA,埔頂段,.30,都市：其他
RPPOMLKMMHKFFCH87CA,埔頂段,.12,都市：其他
RPROMLKMMHKFFCH08CA,仁武段,48.41,都市：住
RPROMLKMMHKFFCH08CA,埔頂段,.52,都市：其他
RPROMLKMMHKFFCH08CA,埔頂段,.11,都市：其他
RPROMLKMMHKFFCH08CA,埔頂段,.31,都市：其他
RPROMLKMMHKFFCH08CA,埔頂段,.12,都市：其他
RPOOMLKMMHKFFCH77CA,仁武段,64.61,都市：住
RPOOMLKMMHKFFCH77CA,埔頂段,.70,都市：其他
RPOOMLKMMHKFFCH77CA,埔頂段,.15,都市：其他
RPOOMLKMMHKFFCH77CA,埔頂段,.41,都市：其他
RPOOMLKMMHKFFCH77CA,埔頂段,.16,都市：其他
RPQPMLTLMHKFFCH88CA,仁武段,29.76,都市：住
RPQPMLTLMHKFFCH88CA,埔頂段,.32,都市：其他
RPQPMLTLMHKFFCH88CA,埔頂段,.07,都市：其他
RPQPMLTLMHKFFCH88CA,埔頂段,.19,都市：其他
RPQPMLTLMHKFFCH88CA,埔頂段,.07,都市：其他
RPROMLOLMHKFFDH48CA,頭重溪段,20.53,都市：住
RPRPMLTLMHKFFCH98CA,仁武段,29.76,都市：住
RPRPMLTLMHKFFCH98CA,埔頂段,.32,都市：其他
RPRPMLTLMHKFFCH98CA,埔頂段,.07,都市：其他
RPRPMLTLMHKFFCH98CA,埔頂段,.19,都市：其他
RPRPMLTLMHKFFCH98CA,埔頂段,.07,都市：其他
RPUOMLOLMHKFFDH78CA,永福段,14.59,都市：住
RPRPMLPJNHKFFCH48CA,石門段,16.14,都市：其他
RPSPMLQJNHKFFCH68CA,義盛段,1168.00,都市：其他
RPSPMLQJNHKFFCH68CA,義盛段,41.00,都市：其他
RPSPMLQJNHKFFCH68CA,義盛段,2337.00,都市：其他
RPSPMLQJNHKFFCH68CA,義盛段,17.00,都市：其他
RPSPMLQJNHKFFCH68CA,義盛段,244.00,都市：其他
RPSPMLQJNHKFFCH68CA,義盛段,263.00,都市：其他
RPRPMLQJNHKFFCH58CA,義盛段,1915.00,都市：其他
RPRPMLQJNHKFFCH58CA,義盛段,138.00,都市：其他
RPRPMLQJNHKFFCH58CA,義盛段,377.00,都市：其他
RPRPMLQJNHKFFCH58CA,義盛段,220.00,都市：其他
RPRPMLQJNHKFFCH58CA,義盛段,2322.00,都市：其他
RPRPMLQJNHKFFCH58CA,義盛段,1.00,都市：其他
RPRPMLQJNHKFFCH58CA,義盛段,969.00,都市：其他
RPRPMLQJNHKFFCH58CA,義盛段,54.00,都市：其他
RPSOMLTLMHKFFDH09CA,頭重溪段,32.80,都市：住
RPUNMLRLMHKFFDH98CA,四湖段,56.00,非都市：特定農業區 ; 非都市編定：甲種建築用地
RPUNMLRLMHKFFDH98CA,四湖段,15.58,非都市：特定農業區 ; 非都市編定：甲種建築用地
RPUNMLRLMHKFFDH98CA,四湖段,7.36,非都市：特定農業區 ; 非都市編定：甲種建築用地
RPRPMLLKNHKFFAH97CA,中山段,19.49,都市：住
RPSPMLQKMHKFFDH78CA,楊梅段,5.00,都市：住
RPRNMLRKMHKFFDH58CA,東勢段東勢小段,17.00,非都市：特定農業區 ; 非都市編定：甲種建築用地
RPVOMLMLMHKFFDH68CA,二重溪段,40.42,非都市：山坡地保育區 ; 非都市編定：丙種建築用地
RPQNMLSKMHKFFBH38CA,興南段興南小段,84.00,都市：商
RPUNMLLJNHKFFDH28CA,頭重溪段,43.50,都市：住
RPUNMLLJNHKFFDH28CA,頭重溪段,43.50,都市：住
RPTNMLLLMHKFFBH08CA,草富段,91.80,都市：住
RPPNMLRKMHKFFBH18CA,青平段,22.80,都市：住
RPWNMLLJNHKFFDH48CA,永福段,18.47,都市：住
RPSOMLLJNHKFFDH18CA,梅獅段,13.82,都市：住
RPSPMLRKMHKFFBH68CA,萬能段,116.76,都市：住
RPTNMLRKMHKFFBH58CA,自立段,14.37,都市：商
RPQNMLMLMHKFFBH87CA,興南段興南小段,20.60,都市：住
RPXNMLMLMHKFFBH58CA,三座屋段新興小段,126.69,非都市：特定農業區 ; 非都市編定：甲種建築用地
RPVNMLNLMHKFFBH48CA,下青埔段樹子腳小段,165.00,非都市：特定農業區 ; 非都市編定：甲種建築用地
RPQNMLOLMHKFFBH08CA,月眉段,45.61,非都市：特定農業區 ; 非都市編定：甲種建築用地
RPXRMLTLMHKFFBH07CA,中北段,3.40,都市：住
RPXRMLTLMHKFFBH07CA,中北段,16.20,都市：住
RPVOMLQJNHKFFBH78CA,石頭段,11.00,都市：住
RPVOMLQJNHKFFBH78CA,石頭段,5.07,都市：住
RPOPMLLLMHKFFDH97CA,楊湖段,8.79,非都市：特定農業區 ; 非都市編定：甲種建築用地
RPXOMLQJNHKFFBH98CA,興南段興南小段,2.99,都市：商
RPOPMLQJNHKFFBH18CA,福德段,27.47,都市：住
RPPPMLQJNHKFFBH28CA,前寮段,27.23,都市：住
RPQPMLQJNHKFFBH38CA,前寮段,27.23,都市：住
RPSPMLQJNHKFFBH58CA,前寮段,27.23,都市：住
RPQNMLQLMHKFFBH28CA,育仁段,32.82,非都市：特定農業區 ; 非都市編定：甲種建築用地
RPRPMLQJNHKFFBH48CA,前寮段,27.23,都市：住
RPTPMLQJNHKFFBH68CA,前寮段,18.82,都市：住
RPUPMLQJNHKFFBH78CA,前寮段,15.48,都市：住
RPRNMLLKOHKFFCH08CA,仁武段,48.04,都市：住
RPRNMLLKOHKFFCH08CA,埔頂段,.52,都市：其他
RPRNMLLKOHKFFCH08CA,埔頂段,.11,都市：其他
RPRNMLLKOHKFFCH08CA,埔頂段,.30,都市：其他
RPRNMLLKOHKFFCH08CA,埔頂段,.12,都市：其他
RPWOMLQJNHKFFBH88CA,前寮段,27.23,都市：住
RPXPMLQJNHKFFBH09CA,前寮段,18.82,都市：住
RPSQMLQJNHKFFBH68CA,前寮段,27.70,都市：住
RPVPMLQJNHKFFBH88CA,前寮段,18.82,都市：住
RPORMLQJNHKFFBH38CA,前寮段,27.70,都市：住
RPSRMLQJNHKFFBH78CA,前寮段,30.34,都市：住
RPTRMLQJNHKFFBH88CA,前寮段,30.34,都市：住
RPPRMLQJNHKFFBH48CA,前寮段,27.70,都市：住
RPWQMLQJNHKFFBH09CA,前寮段,27.70,都市：住
RPQRMLQJNHKFFBH58CA,前寮段,30.34,都市：住
RPRNMLNJNHKFFBH97CA,振興段,162.26,都市：住
RPRNMLNJNHKFFBH97CA,振興段,3.95,都市：住
RPXPMLRJNHKFFBH56CA,前寮段,21.53,都市：住
RPRSMLSJNHKFFBH98CA,前寮段,26.80,都市：住
RPPSMLSJNHKFFBH78CA,前寮段,26.80,都市：住
RPVRMLSJNHKFFBH66CA,前寮段,18.82,都市：住
RPOSMLSJNHKFFBH68CA,前寮段,18.51,都市：住
RPSSMLSJNHKFFBH09CA,前寮段,28.33,都市：住
RPTSMLSJNHKFFBH56CA,前寮段,29.35,都市：住
RPUSMLSJNHKFFBH66CA,前寮段,28.33,都市：住
RPQSMLSJNHKFFBH88CA,前寮段,26.80,都市：住
RPVSMLSJNHKFFBH76CA,前寮段,30.45,都市：住
RPPQMLRJNHKFFBH48CA,前寮段,21.22,都市：住
RPQQMLRJNHKFFBH58CA,前寮段,21.53,都市：住
RPXQMLRJNHKFFBH66CA,前寮段,29.86,都市：住
RPVQMLRJNHKFFBH09CA,前寮段,29.86,都市：住
RPWQMLRJNHKFFBH56CA,前寮段,29.86,都市：住
RPQRMLRJNHKFFBH68CA,前寮段,26.96,都市：住
RPPRMLRJNHKFFBH58CA,前寮段,29.86,都市：住
RPORMLRJNHKFFBH48CA,前寮段,29.86,都市：住
RPSQMLRJNHKFFBH78CA,前寮段,29.86,都市：住
RPRQMLRJNHKFFBH68CA,前寮段,21.53,都市：住
RPTQMLRJNHKFFBH88CA,前寮段,29.86,都市：住
RPUQMLRJNHKFFBH98CA,前寮段,29.86,都市：住
RPSPMLLKNHKFFBH18CA,水尾段水尾小段,22.60,都市：住
RPTNMLLJNHKFFBH97CA,復興段,17.78,都市：住
RPXOMLLJNHKFFBH48CA,青溪段,42.58,都市：住
RPPPMLLJNHKFFBH77CA,青溪段,42.39,都市：住
RPWQMLTLMHKFFBH86CA,普義段,11.17,都市：住
RPXSMLSJNHKFFBH96CA,前寮段,27.39,都市：住
RPXNMLLLMHKFFBH48CA,環東段,16.84,都市：住
RPOTMLSJNHKFFBH78CA,前寮段,21.53,都市：住
RPRTMLSJNHKFFBH09CA,前寮段,30.34,都市：住
RPQTMLSJNHKFFBH98CA,前寮段,36.62,都市：住
RPPTMLSJNHKFFBH88CA,前寮段,29.39,都市：住
RPUOMLMLMHKFFBH38CA,自立段,35.69,都市：住
RPWOMLKLMHKFFBH38CA,東寮段,128.27,都市：農
RPWOMLKLMHKFFBH38CA,東寮段,21.11,都市：農
RPPPMLRKMHKFFBH38CA,萬能段,114.95,都市：住
RPWNMLNLMHKFFBH58CA,振興段,74.05,都市：住
RPTOMLKLMHKFFBH08CA,後興段,19.89,都市：住
RPRNMLNLMHKFFBH08CA,富強段,140.84,都市：住
RPRNMLNLMHKFFBH08CA,富強段,140.84,都市：住
RPSNMLMLMHKFFDH28CA,新洲段,237.34,非都市：特定農業區 ; 非都市編定：甲種建築用地
RPTNMLMLMHKFFDH38CA,中興段,3.66,都市：住
RPWNMLMLMHKFFDH68CA,中興段,3.72,都市：住
RPQPMLTKNHKFFBH78CA,中工段,20.00,非都市：工業區 ; 非都市編定：丁種建築用地
RPQPMLTKNHKFFBH78CA,中工段,7.80,非都市：工業區 ; 非都市編定：丁種建築用地
RPQNMLMLMHKFFDH08CA,草湳坡段埔心小段,24.60,都市：住
RPVNMLNLMHKFFDH68CA,石磊子段石磊子小段,16.93,非都市：特定農業區 ; 非都市編定：農牧用地
RPXNMLNLMHKFFDH88CA,石磊子段石磊子小段,4.03,非都市：特定農業區 ; 非都市編定：農牧用地
VPPPMLNLMHKFFDH68CA,楊湖段,9.92,非都市：特定農業區 ; 非都市編定：甲種建築用地
SPPPMLNLMHKFFDH38CA,楊湖段,9.92,非都市：特定農業區 ; 非都市編定：甲種建築用地
RPWNMLNLMHKFFDH78CA,石磊子段石磊子小段,14.13,非都市：特定農業區 ; 非都市編定：農牧用地
RPROMLNLMHKFFDH38CA,石磊子段石磊子小段,2.02,非都市：特定農業區 ; 非都市編定：農牧用地
RPOOMLNLMHKFFDH08CA,石磊子段石磊子小段,2.69,非都市：特定農業區 ; 非都市編定：農牧用地
RPPPMLNLMHKFFDH28CA,楊湖段,9.92,非都市：特定農業區 ; 非都市編定：甲種建築用地
UPPPMLNLMHKFFDH58CA,楊湖段,9.92,非都市：特定農業區 ; 非都市編定：甲種建築用地
TPPPMLNLMHKFFDH48CA,楊湖段,9.92,非都市：特定農業區 ; 非都市編定：甲種建築用地
RPQPMLOLMHKFFDH48CA,大坡段三角堀小段,2500.00,非都市：特定農業區 ; 非都市編定：農牧用地
RPPPMLQJNHKFFCH38CA,義盛段,466.00,都市：其他
RPUOMLLLMHKFFDH48CA,高洲段,487.17,都市：農
RPOOMLNLMHKFFCH97CA,仁文段,64.18,都市：住
RPPOMLNLMHKFFCH08CA,五福段,23.56,都市：住
RPXOMLTLMHKFFCH86CA,番子寮段,.50,非都市：一般農業區 ; 非都市編定：水利用地
RPXOMLTLMHKFFCH86CA,番子寮段,36.77,非都市：一般農業區 ; 非都市編定：甲種建築用地
RPTPMLNLMHKFFDH68CA,長岡嶺段,46.96,非都市：山坡地保育區 ; 非都市編定：丙種建築用地
RPSNMLKLMHKFFCH97CA,康莊段,26.32,都市：住
RPVOMLOJNHKFFDH78CA,大牛欄段大牛欄小段,69.00,非都市：一般農業區 ; 非都市編定：甲種建築用地
RPSOMLPJNHKFFAH28CA,埔子段北門埔子小段,2.56,都市：商
RPSOMLPJNHKFFAH28CA,埔子段北門埔子小段,3.20,都市：商
RPSOMLPJNHKFFAH28CA,埔子段北門埔子小段,69.12,都市：商
RPSOMLPJNHKFFAH28CA,埔子段北門埔子小段,76.80,都市：商
RPSOMLPJNHKFFAH28CA,埔子段北門埔子小段,78.08,都市：商
RPSOMLPJNHKFFAH28CA,埔子段北門埔子小段,14.08,都市：商
RPSOMLPJNHKFFAH28CA,埔子段北門埔子小段,8.96,都市：商
RPSOMLPJNHKFFAH28CA,埔子段北門埔子小段,4.48,都市：商
RPWQMLSLMHKFFAH66CA,國強段,15.98,都市：住
RPQOMLKLMHKFFCH87CA,仁義段,56.27,都市：住
RPOOMLRJNHKFFCH28CA,三層段三層小段,398.00,非都市：風景區 ; 非都市編定：農牧用地
RPXOMLKLMHKFFAH38CA,大林段,28.92,都市：工
RPXPMLKLMHKFFAH48CA,慈文段,120.00,都市：住
RPSQMLSKNHKFFAH88CA,埔子段北門埔子小段,1.44,都市：商
RPSQMLSKNHKFFAH88CA,埔子段北門埔子小段,1.80,都市：商
RPSQMLSKNHKFFAH88CA,埔子段北門埔子小段,38.88,都市：商
RPSQMLSKNHKFFAH88CA,埔子段北門埔子小段,43.20,都市：商
RPSQMLSKNHKFFAH88CA,埔子段北門埔子小段,43.92,都市：商
RPSQMLSKNHKFFAH88CA,埔子段北門埔子小段,7.92,都市：商
RPSQMLSKNHKFFAH88CA,埔子段北門埔子小段,5.04,都市：商
RPSQMLSKNHKFFAH88CA,埔子段北門埔子小段,2.52,都市：商
RPWQMLKLMHKFFAH48CA,寶山段,21.94,都市：住
RPORMLKLMHKFFAH77CA,龍鳳段,16.05,都市：住
RPQRMLKLMHKFFAH97CA,埔子段埔子小段,11.09,都市：住
RPXRMLRKMHKFFAH66CA,桃園段武陵小段,3.11,都市：商
RPVNMLSLMHKFFAH88CA,青溪段,43.45,都市：住
RPPPMLMLMHKFFAH87CA,中路二段,87.00,都市：住
RPUNMLMKNHKFFAH18CA,江南段,15.48,都市：住
RPVOMLMLMHKFFAH38CA,蔗園段,.33,都市：工
RPUOMLKLMHKFFAH08CA,大林段,27.59,都市：工
RPWNMLKLMHKFFAH18CA,寶山段,29.21,都市：住
RPTOMLMLMHKFFAH18CA,蔗園段,48.06,都市：工
RPQNMLSKMHKFFAH28CA,桃鶯段,.33,都市：住
RPPNMLSKMHKFFAH18CA,桃鶯段,68.13,都市：住
RPPNMLSKMHKFFAH18CA,桃鶯段,91.19,都市：住
RPPNMLSKMHKFFAH18CA,桃鶯段,410.86,都市：住
RPPNMLSKMHKFFAH18CA,桃鶯段,31.54,都市：住
RPRQMLMJOHKFFCH38CA,潛龍段,.60,非都市：鄉村區 ; 非都市編定：乙種建築用地
RPRQMLMJOHKFFCH38CA,潛龍段,23.47,非都市：鄉村區 ; 非都市編定：乙種建築用地
RPWPMLLLMHKFFAH48CA,兔子坑段大湖頂小段,33.94,非都市：山坡地保育區 ; 非都市編定：農牧用地
RPPNMLOLMHKFFAH87CA,大樹林段,3.04,都市：商
RPOQMLLLMHKFFAH77CA,中路段,186.00,都市：住
RPOQMLLLMHKFFAH77CA,中路段,4.00,都市：住
RPTPMLLLMHKFFAH18CA,兔子坑段大湖頂小段,36.05,非都市：山坡地保育區 ; 非都市編定：農牧用地
RPTPMLLLMHKFFAH18CA,兔子坑段大湖頂小段,54.85,非都市：山坡地保育區 ; 非都市編定：農牧用地
RPWRMLTKNHKFFAH86CA,大樹林段,10.15,都市：住
RPQQMLLLMHKFFAH97CA,龍壽段,34.02,都市：住
RPSQMLLLMHKFFAH18CA,同安段,62.26,都市：住
RPSPMLRLMHKFFAH88EA,埔子段北門埔子小段,29.87,都市：商
RPSPMLNLMHKFFAH28CA,西門段,124.00,都市：住
RPROMLKLMHKFFBH97DA,復興段,15.94,都市：住
RPTNMLNLMHKFFBH38DA,富強段,13.28,都市：住
RPTNMLNLMHKFFBH38DA,富強段,11.21,都市：住
RPVOMLNLMHKFFAH48CA,慈文段,23.00,都市：住
RPQNMLLLMHKFFAH87EA,中山段,26.68,都市：住
RPWRMLMLMHKFFAH78CA,同安段,17.20,都市：住
RPQQMLLLMHKFFBH18DA,前寮段,29.28,都市：住
RPUQMLMLMHKFFAH48CA,中埔段,6.42,都市：住
RPXNMLNLMHKFFAH58CA,同安段,6.87,都市：住
RPRPMLRLMHKFFEH09DA,五福段,24.35,都市：住
RPRPMLRLMHKFFEH09DA,五福段,.02,都市：其他
RPTNMLLLMHKFFDH48EA,草湳坡段埔心小段,227.00,都市：其他
RPRNMLKMPHKFFDH58EA,中華段,6.68,都市：農
RPRNMLKMPHKFFDH58EA,中華段,203.69,都市：農
RPRNMLKMPHKFFDH58EA,中華段,207.95,都市：農
RPUNMLKLMHKFFCH28DA,內柵段下崁小段,62.00,非都市：風景區 ; 非都市編定：丙種建築用地
RPSNMLKLMHKFFDH28EA,頭重溪段,109.00,都市：住
RPOOMLLKNHKFFGH18CA,台水段,1065.77,都市：工
RPUPMLSLMHKFFGH96CA,平鎮段,9.96,都市：商
RPVOMLSLMHKFFGH96CA,南勢段,.43,都市：住
RPVOMLSLMHKFFGH96CA,南勢段,76.12,都市：住
RPVOMLSLMHKFFGH96CA,南勢段,.36,都市：住
RPVPMLRLMHKFFGH96CA,東豐段,27.54,都市：住
RPVPMLRLMHKFFGH96CA,東豐段,.53,都市：住
RPQOMLLKNHKFFGH38CA,東豐段,25.95,都市：住
RPQOMLLKNHKFFGH38CA,東豐段,.53,都市：住
RPUNMLOJNHKFFGH88CA,廣平段,85.65,都市：住
RPUNMLOJNHKFFGH88CA,廣平段,1.00,都市：住
RPPQMLRKMHKFFAH48DA,大同段,7.00,都市：住
RPSPMLKLMHKFFAH08DA,國強段,22.59,都市：住
RPWNMLMJOHKFFCH78EA,仁義段,49.63,都市：住
RPTNMLKMMHKFFGH58CA,新富段,10.28,都市：住
RPTNMLKMMHKFFGH58CA,新富段,.03,都市：住
RPXQMLKLMHKFFAH68DA,大有段,15.96,都市：住
RPPOMLLKNHKFFFH18CA,永福段,18.72,都市：住
RPRNMLTLMHKFFGH56CA,復旦段,13.07,都市：住
RPSOMLSJNHKFFGH56CA,三興段,61.16,都市：住
RPOPMLLKNHKFFFH18CA,豐田段,28.08,都市：住
RPOPMLRJNHKFFFH68CA,豐田段,45.29,都市：住
RPRRMLQJNHKFFAH68DA,忠義段,28.68,都市：住
RPRRMLQJNHKFFAH68DA,忠義段,.50,都市：住
RPTNMLNKNHKFFGH78CA,義民段,70.26,都市：住
RPVNMLNKNHKFFGH98CA,西社段,44.86,都市：住
RPPOMLSJNHKFFFH78CA,豐田段,28.08,都市：住
RPPNMLSJNHKFFFH68CA,豐田段,20.83,都市：住
RPOOMLSJNHKFFFH68CA,豐田段,28.08,都市：住
RPXNMLSJNHKFFFH86CA,豐田段,28.08,都市：住
RPSNMLSJNHKFFFH98CA,豐田段,28.08,都市：住
RPVNMLSJNHKFFFH66CA,豐田段,28.08,都市：住
RPQNMLSJNHKFFFH78CA,豐田段,20.83,都市：住
RPRNMLSJNHKFFFH88CA,豐田段,28.08,都市：住
RPUNMLSJNHKFFFH56CA,豐田段,28.08,都市：住
RPTNMLSJNHKFFFH09CA,豐田段,28.08,都市：住
RPQOMLSJNHKFFFH88CA,豐田段,28.08,都市：住
RPVOMLSJNHKFFFH76CA,豐田段,27.17,都市：住
RPROMLSJNHKFFFH98CA,豐田段,28.08,都市：住
RPSOMLSJNHKFFFH09CA,豐田段,27.17,都市：住
RPTOMLSJNHKFFFH56CA,豐田段,27.17,都市：住
RPWOMLSJNHKFFFH86CA,豐田段,27.17,都市：住
RPXOMLSJNHKFFFH96CA,豐田段,27.17,都市：住
RPRNMLOJNHKFFFH48CA,豐田段,28.98,都市：住
RPPNMLPJNHKFFFH38CA,豐田段,33.51,都市：住
RPQNMLOJNHKFFFH38CA,豐田段,28.98,都市：住
RPSNMLOJNHKFFFH58CA,豐田段,32.61,都市：住
RPPNMLOJNHKFFFH28CA,豐田段,28.98,都市：住
RPOOMLOJNHKFFFH28CA,豐田段,33.51,都市：住
RPWNMLOJNHKFFFH98CA,豐田段,33.51,都市：住
RPUNMLOJNHKFFFH78CA,豐田段,33.51,都市：住
RPVNMLOJNHKFFFH88CA,豐田段,32.61,都市：住
RPTNMLOJNHKFFFH68CA,豐田段,33.51,都市：住
RPQNMLPJNHKFFFH48CA,豐田段,32.61,都市：住
RPSSMLPJNHKFFFH56CA,茄明段,752.28,都市：其他
RPSSMLPJNHKFFFH56CA,茄明段,163.61,都市：農
RPRPMLRKMHKFFGH09CA,西社段,56.86,都市：住
RPPNMLKLMHKFFGH08CA,廣仁段,24.30,都市：工
RPPNMLRJNHKFFFH58CA,豐田段,32.61,都市：住
RPRNMLRJNHKFFFH78CA,豐田段,28.98,都市：住
RPWNMLRJNHKFFFH66CA,豐田段,25.36,都市：住
RPVNMLRJNHKFFFH56CA,豐田段,25.36,都市：住
RPXNMLRJNHKFFFH76CA,豐田段,20.83,都市：住
RPTNMLRJNHKFFFH98CA,豐田段,28.98,都市：住
RPUNMLRJNHKFFFH09CA,豐田段,25.36,都市：住
RPSNMLRJNHKFFFH88CA,豐田段,28.98,都市：住
RPTNMLKMMHKFFFH48CA,豐田段,19.02,都市：住
RPRPMLKLMHKFFGH48CA,新富段,12.36,都市：住
RPUNMLKMMHKFFFH58CA,豐田段,19.02,都市：住
RPVNMLKMMHKFFFH68CA,豐田段,19.02,都市：住
RPWNMLKMMHKFFFH78CA,豐田段,19.02,都市：住
RPPOMLKMMHKFFFH18CA,豐田段,19.93,都市：住
RPQOMLKMMHKFFFH28CA,豐田段,19.93,都市：住
RPOOMLKMMHKFFFH08CA,豐田段,19.93,都市：住
RPXNMLKMMHKFFFH88CA,豐田段,19.93,都市：住
RPSOMLKMMHKFFFH48CA,豐田段,19.93,都市：住
RPTOMLKMMHKFFFH58CA,豐田段,19.93,都市：住
RPROMLKMMHKFFFH38CA,豐田段,19.93,都市：住
RPUOMLKMMHKFFFH68CA,豐田段,19.93,都市：住
RPVOMLKMMHKFFFH78CA,豐田段,20.83,都市：住
RPXOMLKMMHKFFFH98CA,豐田段,19.93,都市：住
RPWOMLKMMHKFFFH88CA,豐田段,20.83,都市：住
RPPPMLKMMHKFFFH28CA,豐田段,19.93,都市：住
RPQPMLKMMHKFFFH38CA,豐田段,19.93,都市：住
RPRPMLKMMHKFFFH48CA,豐田段,28.98,都市：住
RPTPMLTLMHKFFFH86CA,豐田段,28.98,都市：住
RPSPMLTLMHKFFFH76CA,豐田段,29.89,都市：住
RPRPMLTLMHKFFFH66CA,豐田段,28.98,都市：住
RPPPMLTLMHKFFFH09CA,豐田段,28.98,都市：住
RPUPMLTLMHKFFFH96CA,豐田段,26.27,都市：住
RPVPMLTLMHKFFFH07CA,豐田段,26.27,都市：住
RPQQMLTLMHKFFFH66CA,豐田段,19.02,都市：住
RPOQMLTLMHKFFFH09CA,豐田段,26.27,都市：住
RPWPMLTLMHKFFFH17CA,豐田段,26.27,都市：住
RPPQMLTLMHKFFFH56CA,豐田段,26.27,都市：住
RPSQMLTLMHKFFFH86CA,豐田段,26.27,都市：住
RPRQMLTLMHKFFFH76CA,豐田段,19.02,都市：住
RPTQMLTLMHKFFFH96CA,豐田段,26.27,都市：住
RPPNMLKMMHKFFFH08CA,豐田段,22.64,都市：住
RPTNMLOLMHKFFFH78CA,溪尾段,110.86,非都市：特定農業區 ; 非都市編定：甲種建築用地
RPTNMLTLMHKFFFH66CA,豐田段,27.17,都市：住
RPOOMLKLMHKFFFH97CA,榮興段,239.24,非都市：特定農業區 ; 非都市編定：農牧用地
RPOOMLKLMHKFFFH97CA,榮興段,2.95,非都市：特定農業區 ; 非都市編定：農牧用地
RPQNMLTLMHKFFFH98CA,茄苳段,98.26,都市：農
RPXOMLTLMHKFFFH17CA,豐田段,28.98,都市：住
RPRNMLTLMHKFFFH09CA,豐田段,22.64,都市：住
RPVOMLTLMHKFFFH96CA,豐田段,28.98,都市：住
RPPNMLSKMHKFFFH68CA,瑞祥段,74.34,都市：其他
RPPNMLSKMHKFFFH68CA,瑞祥段,47.62,都市：商
RPROMLTLMHKFFFH56CA,豐田段,30.79,都市：住
RPSOMLTLMHKFFFH66CA,豐田段,30.79,都市：住
RPTOMLOJNHKFFEH68CA,青峰段,34.19,都市：住
RPUOMLOJNHKFFEH78CA,青峰段,49.43,都市：住
RPTNMLPJNHKFFEH68CA,青峰段,36.52,都市：住
RPUOMLPJNHKFFEH88CA,青峰段,36.50,都市：住
RPSNMLPJNHKFFEH58CA,青峰段,34.41,都市：住
RPUNMLPJNHKFFEH78CA,青峰段,34.19,都市：住
RPVOMLPJNHKFFEH98CA,青峰段,36.50,都市：住
RPTQMLPJNHKFFEH98CA,河底段,15.94,都市：住
RPPPMLQJNHKFFEH58CA,青峰段,41.57,都市：住
RPOPMLQJNHKFFEH48CA,青峰段,40.84,都市：住
RPVNMLLLMHKFFEH58CA,客運一段,.04,都市：住
RPUNMLOJNHKFFEH68CA,客運一段,35.16,都市：住
RPRNMLLKNHKFFEH18CA,青峰段,41.60,都市：住
RPQOMLMLMHKFFEH28CA,竹圍段拔子林小段,12.15,都市：住
RPPOMLMLMHKFFEH18CA,竹圍段拔子林小段,12.15,都市：住
RPQNMLLLMHKFFEH08CA,河底段,15.99,都市：商
RPVNMLMLMHKFFEH68CA,五福段,21.21,都市：住
RPXNMLMLMHKFFEH88CA,羊稠段,20.03,都市：住
RPTOMLMLMHKFFEH58CA,河底段,27.20,都市：住
RPVNMLTLMHKFFEH76CA,河底段,25.03,都市：住
RPSOMLLKOHKFFEH48CA,大園段,1.50,都市：商
RPSOMLLKOHKFFEH48CA,大園段,3.00,都市：商
RPSOMLLKOHKFFEH48CA,大園段,1.00,都市：商
RPRNMLLLMHKFFEH18CA,大興段,37.34,都市：住
RPRNMLMLMHKFFEH28CA,沙崙段沙崙小段,590.00,非都市：一般農業區 ; 非都市編定：農牧用地
RPTNMLLLMHKFFEH38CA,雙溪口段溪洲子小段,35.02,非都市：特定農業區 ; 非都市編定：甲種建築用地
RPPNMLLLMHKFFEH97CA,南竹段,335.60,都市：農
RPPOMLLLMHKFFEH08CA,坑子口段海湖小段,28.30,非都市：鄉村區 ; 非都市編定：乙種建築用地
RPPOMLLLMHKFFEH08CA,坑子口段海湖小段,8.00,非都市：鄉村區 ; 非都市編定：乙種建築用地
RPPOMLLLMHKFFEH08CA,坑子口段海湖小段,53.00,非都市：鄉村區 ; 非都市編定：乙種建築用地
RPPOMLLLMHKFFEH08CA,坑子口段海湖小段,13.00,非都市：鄉村區 ; 非都市編定：乙種建築用地
RPUNMLNLMHKFFEH68CA,河底段,20.22,都市：住
RPXPMLQJNHKFFEH76CA,青峰段,41.46,都市：住
RPSPMLQJNHKFFEH88CA,青峰段,41.56,都市：住
RPWPMLQJNHKFFEH66CA,青峰段,41.72,都市：住
RPWOMLPJNHKFFEH09CA,青峰段,35.79,都市：住
RPOQMLQJNHKFFEH58CA,青峰段,41.23,都市：住
RPXOMLPJNHKFFEH56CA,青峰段,36.45,都市：住
RPPPMLPJNHKFFEH48CA,青峰段,36.45,都市：住
RPQPMLPJNHKFFEH58CA,青峰段,16.27,都市：住
RPRPMLPJNHKFFEH68CA,青峰段,17.29,都市：住
RPRNMLKMMHKFFEH18CA,六福段,7.56,都市：住
RPOOMLQJNHKFFEH38CA,青峰段,36.44,都市：住
RPTPMLPJNHKFFEH88CA,青峰段,17.29,都市：住
RPUPMLPJNHKFFEH98CA,青峰段,36.44,都市：住
RPSPMLPJNHKFFEH78CA,青峰段,16.27,都市：住
RPPQMLPJNHKFFEH58CA,坑子口段海湖小段,7254.00,非都市：工業區 ; 非都市編定：丁種建築用地
RPPQMLPJNHKFFEH58CA,坑子口段海湖小段,245.00,非都市：工業區 ; 非都市編定：農牧用地
RPPQMLPJNHKFFEH58CA,坑子口段海湖小段,14.00,非都市：工業區 ; 非都市編定：農牧用地
RPPQMLPJNHKFFEH58CA,坑子口段海湖小段,36.00,非都市：工業區 ; 非都市編定：農牧用地
RPPQMLPJNHKFFEH58CA,坑子口段海湖小段,1116.00,非都市：工業區 ; 非都市編定：農牧用地
RPVPMLPJNHKFFEH09CA,橫山段湳子小段,170.00,都市：其他
RPOOMLPJNHKFFEH28CA,中園段,94.21,都市：其他
RPVNMLMLMHKFFFH78CA,八塊段,23.80,都市：住
RPTOMLKLNHKFFDH38CA,白鶴段,84.37,都市：其他
RPTOMLKLNHKFFDH38CA,白鶴段,84.37,都市：其他
RPTOMLKLNHKFFDH38CA,白鶴段,42.18,都市：其他
RPTOMLKLNHKFFDH38CA,白鶴段,42.18,都市：其他
RPTOMLKLNHKFFDH38CA,白鶴段,84.37,都市：其他
RPTOMLKLNHKFFDH38CA,白鶴段,.25,都市：農
RPTOMLKLNHKFFDH38CA,白鶴段,.25,都市：農
RPTOMLKLNHKFFDH38CA,白鶴段,.12,都市：農
RPTOMLKLNHKFFDH38CA,白鶴段,.12,都市：農
RPTOMLKLNHKFFDH38CA,白鶴段,.25,都市：農
RPTOMLKLNHKFFDH38CA,白鶴段,1.17,都市：農
RPTOMLKLNHKFFDH38CA,白鶴段,1.17,都市：農
RPTOMLKLNHKFFDH38CA,白鶴段,.59,都市：農
RPTOMLKLNHKFFDH38CA,白鶴段,.59,都市：農
RPTOMLKLNHKFFDH38CA,白鶴段,1.17,都市：農
RPRNMLSLMHKFFFH98CA,大興段,66.27,都市：住
RPSPMLKMMHKFFFH58CA,連城段,24.97,非都市：特定農業區 ; 非都市編定：甲種建築用地
RPSNMLOLMHKFFFH68CA,興豐段,30.72,非都市：鄉村區 ; 非都市編定：乙種建築用地
RPQNMLMLMHKFFFH28CA,八塊段,26.50,都市：住
RPPOMLMLMHKFFFH28CA,豐田段,34.10,都市：住
RPROMLKLMHKFFFH28CA,大福段,86.31,都市：住
RPQOMLLLMHKFFAH87DA,大崗段,12.44,都市：其他
RPUOMLLLMHKFFAH28DA,大崗段,5.18,都市：其他
RPVOMLNKNHKFFGH09CA,建安段,39.19,非都市：特定農業區 ; 非都市編定：農牧用地
RPVOMLNKNHKFFGH09CA,建安段,16.09,非都市：特定農業區 ; 非都市編定：農牧用地
RPVOMLNKNHKFFGH09CA,建安段,599.67,非都市：特定農業區 ; 非都市編定：農牧用地
RPVOMLNKNHKFFGH09CA,建安段,62.64,非都市：特定農業區 ; 非都市編定：甲種建築用地
RPVOMLNKNHKFFGH09CA,建安段,89.26,非都市：特定農業區 ; 非都市編定：甲種建築用地
RPVOMLNKNHKFFGH09CA,建安段,478.22,非都市：特定農業區 ; 非都市編定：農牧用地
RPVOMLNKNHKFFGH09CA,建安段,159.36,非都市：特定農業區 ; 非都市編定：水利用地
RPVOMLNKNHKFFGH09CA,建安段,105.07,非都市：特定農業區 ; 非都市編定：水利用地
RPVOMLNKNHKFFGH09CA,建安段,10.61,非都市：特定農業區 ; 非都市編定：農牧用地
RPVOMLNKNHKFFGH09CA,建安段,10.56,非都市：特定農業區 ; 非都市編定：農牧用地
RPVOMLNKNHKFFGH09CA,建安段,195.99,非都市：特定農業區 ; 非都市編定：水利用地
RPVOMLNKNHKFFGH09CA,建安段,87.30,非都市：特定農業區 ; 非都市編定：農牧用地
RPVOMLNKNHKFFGH09CA,建安段,63.29,非都市：特定農業區 ; 非都市編定：農牧用地
RPRRNLRLMHKFFAH98DA,中埔段,9.59,都市：住
RPPQMLSJNHKFFFH98CA,龍友段,118.73,都市：其他
RPPQMLSJNHKFFFH98CA,龍友段,50.44,都市：其他
RPRNMLLJNHKFFFH18CA,福興段,24.11,都市：商
RPXNMLLJNHKFFFH78CA,高明段,8.12,都市：商
RPXNMLLJNHKFFFH78CA,高明段,8.12,都市：商
RPUNMLNKNHKFFGH88CA,義民段,72.52,都市：住
RPVOMLSLMHKFFAH09DA,新埔段,8.53,都市：住
RPQNMLLJNHKFFFH08CA,福興段,24.11,都市：商
RPRNMLQLNHKFFGH98CA,平鎮段,14.47,都市：商
RPUOMLOKNHKFFGH09CA,福林段,24.09,非都市：特定農業區 ; 非都市編定：甲種建築用地
RPVOMLOKNHKFFGH56CA,福林段,24.21,非都市：特定農業區 ; 非都市編定：甲種建築用地
RPTQMLOKNHKFFGH56CA,福林段,16.31,非都市：特定農業區 ; 非都市編定：甲種建築用地
RPOPMLOKNHKFFGH58CA,福林段,16.16,非都市：特定農業區 ; 非都市編定：甲種建築用地
RPWOMLOKNHKFFGH66CA,福林段,24.15,非都市：特定農業區 ; 非都市編定：甲種建築用地
RPSQMLOKNHKFFGH09CA,福林段,15.97,非都市：特定農業區 ; 非都市編定：甲種建築用地
RPQPMLOKNHKFFGH78CA,福林段,15.97,非都市：特定農業區 ; 非都市編定：甲種建築用地
RPXOMLOKNHKFFGH76CA,福林段,24.15,非都市：特定農業區 ; 非都市編定：甲種建築用地
RPRPMLOKNHKFFGH88CA,福林段,15.97,非都市：特定農業區 ; 非都市編定：甲種建築用地
RPPPMLOKNHKFFGH68CA,福林段,16.16,非都市：特定農業區 ; 非都市編定：甲種建築用地
RPSPMLOKNHKFFGH98CA,福林段,15.97,非都市：特定農業區 ; 非都市編定：甲種建築用地
RPQOMLPLNHKFFGH88CA,宋屋段高山下小段,38.83,都市：住
RPTPMLOKNHKFFGH09CA,福林段,15.97,非都市：特定農業區 ; 非都市編定：甲種建築用地
RPUPMLOKNHKFFGH56CA,福林段,15.97,非都市：特定農業區 ; 非都市編定：甲種建築用地
RPTNMLPJNHKFFGH88CA,三興段,53.77,都市：住
RPROMLSLMHKFFGH56CA,平鎮段,16.99,都市：商
RPWPMLOKNHKFFGH76CA,福林段,16.12,非都市：特定農業區 ; 非都市編定：甲種建築用地
RPOPMLLLMHKFFGH28CA,東北段,14.56,都市：住
RPOPMLLLMHKFFGH28CA,東北段,4.00,都市：其他
RPVPMLOKNHKFFGH66CA,福林段,15.97,非都市：特定農業區 ; 非都市編定：甲種建築用地
RPXPMLOKNHKFFGH86CA,福林段,16.12,非都市：特定農業區 ; 非都市編定：甲種建築用地
RPOQMLOKNHKFFGH68CA,福林段,16.31,非都市：特定農業區 ; 非都市編定：甲種建築用地
RPTPMLQJNHKFFGH56CA,廣德段,25.33,都市：住
RPTPMLQJNHKFFGH56CA,廣德段,75.93,都市：住
RPPNMLTLMHKFFGH98CA,平南段,59.97,都市：住
RPPNMLTLMHKFFGH98CA,平南段,7.68,都市：住
RPQNMLMLMHKFFGH38CA,中央段,11.06,都市：農
RPPOMLMLMHKFFGH38CA,廣東段,22.37,都市：住
RPTNMLMLMHKFFGH88EA,六和段,2.54,都市：住
RPTPMLLLMHKFFGH78CA,建安段,29.91,非都市：特定農業區 ; 非都市編定：甲種建築用地
RPTPMLLLMHKFFGH78CA,建安段,29.91,非都市：特定農業區 ; 非都市編定：甲種建築用地
RPTPMLLLMHKFFGH78CA,建安段,11.12,非都市：特定農業區 ; 非都市編定：甲種建築用地
RPTPMLLLMHKFFGH78CA,建安段,11.12,非都市：特定農業區 ; 非都市編定：甲種建築用地
RPSNMLOLMHKFFGH98EA,復旦段,17.49,都市：住
RPWNMLLKNHKFFEH88EA,南崁廟口段廟口小段,23.42,都市：住
RPWNMLLKNHKFFEH88EA,南崁廟口段廟口小段,1.47,都市：住
RPSOMLKLMHKFFEH48EA,河底段,11.01,都市：其他
RPPOMLKLMHKFFCH87DA,仁善段,7.70,都市：住
RPPOMLKLMHKFFCH87DA,仁善段,70.45,都市：住
RPWNMLLLMHKFFGH98DA,山子頂段,219.50,都市：其他
RPWNMLNLMHKFFEH98DA,錦興段,35.64,都市：住
RPSNMLSLMHKFFEH09DA,羊稠段,13.82,都市：住
RPXNMLLLMHKFFGH09DA,環南段,17.33,都市：住
RPXRMLSLMHKFFBH07DA,內厝段,84.67,非都市：特定農業區 ; 非都市編定：甲種建築用地
RPOOMLLLMHKFFGH28DA,廣北段,41.00,都市：商
RPROMLLLMHKFFGH58DA,復旦段,7.25,都市：住
RPTNMLOLMHKFFBH48DA,仁愛段,131.00,都市：住
RPRNMLNLMHKFFFH58DA,大勇段,23.07,都市：住
RPSNMLNLMHKFFFH68DA,大華段,26.80,都市：住
RPUNMLNLMHKFFAH28CA,精忠段,17.91,都市：住
RPVPMLOLMHKFFAH68CA,中德段,69.23,都市：住
RPTPMLOLMHKFFAH48CA,埔子段埔子小段,2.00,都市：其他
RPTPMLOLMHKFFAH48CA,埔子段埔子小段,.25,都市：其他
RPQPMLNLMHKFFAH08CA,長安段,17.57,都市：住
RPTPMLKLNHKFFBH38DA,五權段,594.00,都市：農
RPTQMLMLMHKFFAH38CA,中平段,739.33,都市：其他
RPSNMLSLMHKFFFH56DA,大義段,16.64,都市：住
RPSQMLMLMHKFFAH28CA,中平段,416.19,都市：其他
RPTQMLLLMHKFFAH28CA,明興段,10.95,都市：住
RPTQMLLLMHKFFAH28CA,明興段,44.93,都市：住
RPTQMLLLMHKFFAH28CA,明興段,.68,都市：住
RPSNMLPLNHKFFFH09EA,大發段,61.61,非都市：鄉村區 ; 非都市編定：乙種建築用地
RPUOMLMLMHKFFAH28CA,興華段,50.15,都市：住
RPRRMLKLMHKFFAH08CA,中埔段,15.81,都市：住
RPTNMLMLMHKFFAH08CA,中路二段,2152.76,都市：其他
RPTPMLLKNHKFFAH18CA,大有段,16.34,都市：住
RPRQMLKLMHKFFAH97CA,東國段,31.75,都市：住
RPOQMLRJNHKFFAH28CA,和平段,24.28,都市：住
RPTQMLPJNHKFFAH58CA,延壽段,15.57,都市：住
RPTQMLPJNHKFFAH58CA,延壽段,15.59,都市：住
RPOOMLTLMHKFFAH38CA,桃鶯段,30.50,都市：工
RPPNMLQJNHKFFAH97CA,興華段,301.03,都市：其他
RPVQMLNKNHKFFAH68CA,和平段,83.26,都市：住
RPSOMLLLMHKFFFH68EA,福興段,30.28,都市：住
RPOOMLLLMHKFFFH28EA,大仁段,21.49,非都市：特定農業區 ; 非都市編定：甲種建築用地
RPOOMLLLMHKFFFH28EA,大仁段,58.95,非都市：特定農業區 ; 非都市編定：甲種建築用地
RPTNMLKLMHKFFCH08CA,仁善段,117.45,都市：住
RPSQNLRLMHKFFAH88CA,中平段,28.01,都市：住
RPTQNLRLMHKFFAH98CA,文化段,42.04,都市：住
RPQNMLMLMHKFFCH97CA,埔頂段,8.29,非都市：特定農業區 ; 非都市編定：甲種建築用地
RPQNMLMLMHKFFCH97CA,埔頂段,78.57,非都市：特定農業區 ; 非都市編定：甲種建築用地
RPTNMLLLMHKFFCH18CA,湖底段,.95,都市：商
RPTNMLLLMHKFFCH18CA,湖底段,20.02,都市：商
RPUNMLMLMHKFFCH38CA,干城段,44.46,非都市：鄉村區 ; 非都市編定：乙種建築用地
RPQOMLMLMHKFFCH08CA,銅鑼圈段,120.00,非都市：山坡地保育區 ; 非都市編定：丙種建築用地
RPVNMLMLMHKFFCH48CA,三層段三層小段,573.00,非都市：風景區 ; 非都市編定：農牧用地
RPTNMLPJNHKFFAH28CA,富國段,10.80,都市：住
RPXNMLMJNHKFFCH58CA,新溪洲段,214.11,非都市：風景區 ; 非都市編定：農牧用地
RPXNMLMJNHKFFCH58CA,新溪洲段,11.70,非都市：風景區 ; 非都市編定：農牧用地
RPXNMLMJNHKFFCH58CA,新溪洲段,2800.00,非都市：風景區 ; 非都市編定：農牧用地
RPXNMLMJNHKFFCH58CA,新溪洲段,62.24,非都市：風景區 ; 非都市編定：農牧用地
RPRNMLKLMHKFFCH87CA,社角段,2508.57,非都市：特定農業區 ; 非都市編定：農牧用地
RPUOMLRLMHKFFCH98CA,埔頂段,44.68,都市：住
RPSOMLRLMHKFFCH78CA,埔頂段,38.54,都市：住
RPPOMLLLMHKFFDH97CA,十五間段十五間小段,1087.00,非都市：特定農業區 ; 非都市編定：農牧用地
RPROMLRJNHKFFCH58CA,龍祥段,84.21,非都市：鄉村區 ; 非都市編定：乙種建築用地
RPRPMLNLMHKFFDH48CA,楊湖段,11.50,非都市：特定農業區 ; 非都市編定：甲種建築用地
RPWPMLNLMHKFFDH98CA,梅園段,66.33,非都市：山坡地保育區 ; 非都市編定：丙種建築用地
RPRNMLMLMHKFFDH18CA,中興段,119.36,都市：住
SPRPMLNLMHKFFDH58CA,楊湖段,11.50,非都市：特定農業區 ; 非都市編定：甲種建築用地
TPRPMLNLMHKFFDH68CA,楊湖段,11.50,非都市：特定農業區 ; 非都市編定：甲種建築用地
RPRNMLRLMHKFFDH68CA,下田心子段赤牛欄小段,135.66,非都市：特定農業區 ; 非都市編定：甲種建築用地
RPWOMLLLMHKFFDH68CA,雙榮段,7.54,都市：住
RPWOMLLLMHKFFDH68CA,雙榮段,103.55,都市：住
RPXOMLMLMHKFFDH88CA,二重溪段,16.87,非都市：山坡地保育區 ; 非都市編定：丙種建築用地
RPXOMLMLMHKFFDH88CA,二重溪段,3.14,非都市：山坡地保育區 ; 非都市編定：丙種建築用地
RPUOMLMLMHKFFDH58CA,梅高段,90.00,都市：住
RPUPMLLLMHKFFAH28CA,中正段,27.93,都市：其他
RPUPMLLLMHKFFAH28CA,中正段,.58,都市：其他
RPRPMLLLMHKFFAH97CA,慈文段,9.54,都市：住
RPVQMLLLMHKFFAH48CA,寶山段,18.87,都市：住
RPQNMLPKNHKFFBH18CA,三座屋段三座屋小段,7.19,都市：農
RPRNMLPKNHKFFBH28CA,三座屋段三座屋小段,172.62,都市：農
RPSNMLTKNHKFFDH98CA,頭重溪段,169.00,都市：住
RPSNMLTKNHKFFDH98CA,頭重溪段,5.00,都市：住
RPSNMLTKNHKFFDH98CA,頭重溪段,36.00,都市：住
RPUNMLLLMHKFFBH18CA,坡興段,133.61,非都市：特定農業區 ; 非都市編定：甲種建築用地
RPSNMLPKNHKFFBH38CA,三座屋段三座屋小段,7.19,都市：農
RPSPMLKLMHKFFBH08CA,普義段,5.82,都市：住
RPSNMLLLMHKFFBH97CA,五權段,.17,都市：農
RPSNMLLLMHKFFBH97CA,五權段,3.50,都市：農
RPSNMLLLMHKFFBH97CA,五權段,190.42,都市：農
RPSNMLLLMHKFFBH97CA,五權段,26.67,都市：農
RPSNMLLLMHKFFBH97CA,五權段,94.58,都市：農
RPSNMLLLMHKFFBH97CA,五權段,10.33,都市：農
RPSNMLLLMHKFFBH97CA,五權段,299.17,都市：農
RPSNMLLLMHKFFBH97CA,五權段,7.83,都市：農
RPSNMLLLMHKFFBH97CA,五權段,381.50,都市：農
RPSNMLLLMHKFFBH97CA,五權段,174.00,都市：農
RPSNMLLLMHKFFBH97CA,五權段,34.25,都市：農
RPSNMLLLMHKFFBH97CA,五權段,13.12,都市：農
RPSNMLLLMHKFFBH97CA,五權段,31.35,都市：農
RPSNMLLLMHKFFBH97CA,五權段,2.12,都市：農
RPSNMLLLMHKFFBH97CA,五權段,6.34,都市：農
RPSNMLLLMHKFFBH97CA,五權段,.31,都市：農
RPSNMLLLMHKFFBH97CA,五權段,57.48,都市：農
RPPOMLMLMHKFFBH87CA,環東段,4.00,都市：住
RPUNMLTKNHKFFBH98CA,新街段,17.44,都市：住
RPSQMLKLMHKFFBH18CA,普仁段,292.73,都市：其他
RPOSMLTKNHKFFBH88CA,中壢埔頂段,7.73,都市：住
RPRQMLKLMHKFFBH08CA,復興段,24.97,都市：住
RPPNMLPLMHKFFBH08CA,藍埔段,2000.00,非都市：特定農業區 ; 非都市編定：農牧用地
RPWQMLOLMHKFFBH98CA,中壢埔頂段,7.65,都市：住
RPXQMLSJNHKFFBH76CA,遠東段,13.36,都市：住
RPVNMLLKNHKFFBH28CA,遠東段,7.04,都市：住
RPPOMLKMMHKFFBH77CA,中寮段,9.59,都市：住
RPSPMLSLMHKFFBH88CA,忠福段,13.53,都市：住
RPSPMLPJNHKFFBH48CA,興南段興南小段,4.52,都市：商
RPPOMLMKOHKFFBH97CA,忠福段,17.36,都市：住
RPSNMLRLMHKFFBH58CA,興南段公坡小段,85.00,都市：住
RPSNMLRLMHKFFBH58CA,興南段公坡小段,8.00,都市：住
RPTRMLSJNHKFFAH98CA,成功段,15.26,都市：住
RPTRMLSJNHKFFAH98CA,成功段,.21,都市：住
RPTRMLSJNHKFFAH98CA,成功段,5.78,都市：其他
RPRQMLOJNHKFFBH38CA,新興段,6.37,都市：住
RPRQMLOJNHKFFBH38CA,新興段,139.60,都市：住
RPSPMLLJNHKFFBH08CA,榮民段,26.12,都市：住
RPWQMLRLMHKFFBH66CA,永興段,6.55,都市：住
RPROMLQJNHKFFBH38CA,後寮段,4.26,都市：住
RPXQMLRLMHKFFBH76CA,新富段,199.52,都市：住
RPVPMLRLMHKFFBH09CA,雙嶺段,.07,都市：其他
RPVPMLRLMHKFFBH09CA,雙嶺段,210.64,都市：其他
RPVPMLRLMHKFFBH09CA,雙嶺段,51.43,都市：其他
RPOPMLLJNHKFFBH67CA,中壢埔頂段,5.80,都市：住
RPVOMLLJNHKFFBH28CA,廣興段,162.02,非都市：特定農業區 ; 非都市編定：甲種建築用地
RPTPMLLJNHKFFBH18CA,三座屋段舊社小段,7.21,都市：住
RPQNMLRJNHKFFBH28CA,自立段,31.55,都市：住
RPWNMLMLMHKFFBH48CA,新坡段,1042.00,非都市：特定農業區 ; 非都市編定：農牧用地
RPWOMLMLMHKFFDH78CA,啟文段,530.00,非都市：特定農業區 ; 非都市編定：甲種建築用地
RPSPMLNLMHKFFDH58CA,埔頂段埔頂小段,105.40,非都市：特定農業區 ; 非都市編定：甲種建築用地
RPSOMLNLMHKFFDH48CA,東勢段甲頭厝小段,1636.00,非都市：特定農業區 ; 非都市編定：農牧用地
RPSOMLNLMHKFFDH48CA,東勢段甲頭厝小段,1696.00,非都市：特定農業區 ; 非都市編定：農牧用地
RPTOMLNLMHKFFDH58CA,中興段,3.20,都市：住
RPVPMLOLMHKFFBH78CA,廣青段,171.73,都市：其他
RPTNMLTKNHKFFBH88CA,忠孝段,19.65,都市：住
RPTOMLLLMHKFFDH38CA,東勢段東勢小段,133.00,非都市：特定農業區 ; 非都市編定：甲種建築用地
RPQQMLOLMHKFFBH38CA,中北段,4.48,都市：住
RPPQMLOLMHKFFBH28CA,中北段,4.48,都市：住
RPXNMLRJNHKFFDH56CA,石牌嶺段,1080.00,非都市：特定農業區 ; 非都市編定：農牧用地
RPROMLOJNHKFFDH38CA,草湳坡段埔心小段,83.52,都市：住
RPROMLOJNHKFFDH38CA,草湳坡段埔心小段,2.13,都市：住
RPVOMLQJNHKFFDH98CA,梅獅段,21.47,都市：住
RPRNMLPJNHKFFDH38CA,幼獅段,12.52,都市：住
RPVNMLOJNHKFFDH68CA,頭重溪段,66.13,都市：住
RPUNMLOJNHKFFDH58CA,頭重溪段,95.01,都市：住
RPUNMLOJNHKFFDH58CA,頭重溪段,84.81,都市：住
RPSOMLKMMHKFFDH28CA,楊湖段,58.00,非都市：特定農業區 ; 非都市編定：農牧用地
RPSOMLKMMHKFFDH28CA,楊湖段,58.00,非都市：特定農業區 ; 非都市編定：農牧用地
RPSOMLKMMHKFFDH28CA,楊湖段,54.00,非都市：特定農業區 ; 非都市編定：農牧用地
RPSOMLKMMHKFFDH28CA,楊湖段,54.00,非都市：特定農業區 ; 非都市編定：農牧用地
RPSOMLKMMHKFFDH28CA,楊湖段,54.00,非都市：特定農業區 ; 非都市編定：農牧用地
RPSOMLKMMHKFFDH28CA,楊湖段,54.00,非都市：特定農業區 ; 非都市編定：農牧用地
RPSOMLKMMHKFFDH28CA,楊湖段,54.00,非都市：特定農業區 ; 非都市編定：農牧用地
RPSOMLKMMHKFFDH28CA,楊湖段,54.00,非都市：特定農業區 ; 非都市編定：農牧用地
RPSOMLKMMHKFFDH28CA,楊湖段,53.00,非都市：特定農業區 ; 非都市編定：農牧用地
RPSOMLKMMHKFFDH28CA,楊湖段,53.00,非都市：特定農業區 ; 非都市編定：農牧用地
RPSOMLKMMHKFFDH28CA,楊湖段,27.00,非都市：特定農業區 ; 非都市編定：農牧用地
RPSOMLKMMHKFFDH28CA,楊湖段,27.00,非都市：特定農業區 ; 非都市編定：農牧用地
RPSOMLKMMHKFFDH28CA,楊湖段,75.50,非都市：特定農業區 ; 非都市編定：農牧用地
RPSOMLKMMHKFFDH28CA,楊湖段,75.50,非都市：特定農業區 ; 非都市編定：農牧用地
RPSOMLKMMHKFFDH28CA,楊湖段,58.50,非都市：特定農業區 ; 非都市編定：農牧用地
RPSOMLKMMHKFFDH28CA,楊湖段,58.50,非都市：特定農業區 ; 非都市編定：農牧用地
RPSOMLKMMHKFFDH28CA,楊湖段,37.50,非都市：特定農業區 ; 非都市編定：農牧用地
RPSOMLKMMHKFFDH28CA,楊湖段,37.50,非都市：特定農業區 ; 非都市編定：農牧用地
RPSOMLKMMHKFFDH28CA,楊湖段,30.50,非都市：特定農業區 ; 非都市編定：農牧用地
RPSOMLKMMHKFFDH28CA,楊湖段,30.50,非都市：特定農業區 ; 非都市編定：農牧用地
RPWOMLOLMHKFFDH98CA,新洲段,342.12,都市：住
RPXOMLOLMHKFFDH09CA,新洲段,96.87,都市：住
RPQOMLLJNHKFFDH97CA,草湳坡段草湳坡小段,19.34,都市：住
RPUQMLOLMHKFFBH78CA,青溪段,78.44,都市：住
RPUQMLOLMHKFFBH78CA,青溪段,.00,都市：住
RPUQMLOLMHKFFBH78CA,青溪段,18.81,都市：住
RPWNMLSLMHKFFDH66CA,長紅段,41.16,非都市：特定農業區 ; 非都市編定：甲種建築用地
RPQPMLLLMHKFFCH08CA,番子寮段,7.48,非都市：一般農業區 ; 非都市編定：甲種建築用地
RPQPMLLLMHKFFCH08CA,番子寮段,7.48,非都市：一般農業區 ; 非都市編定：甲種建築用地
RPQPMLLLMHKFFCH08CA,番子寮段,2.72,非都市：一般農業區 ; 非都市編定：甲種建築用地
RPQPMLLLMHKFFCH08CA,番子寮段,2.72,非都市：一般農業區 ; 非都市編定：甲種建築用地
RPQPMLLLMHKFFCH08CA,番子寮段,.59,非都市：一般農業區 ; 非都市編定：甲種建築用地
RPQPMLLLMHKFFCH08CA,番子寮段,.59,非都市：一般農業區 ; 非都市編定：甲種建築用地
RPQPMLLLMHKFFCH08CA,番子寮段,3.49,非都市：一般農業區 ; 非都市編定：甲種建築用地
RPQPMLLLMHKFFCH08CA,番子寮段,3.49,非都市：一般農業區 ; 非都市編定：甲種建築用地
RPTNMLRLMHKFFDH88CA,瑞湖段,74.00,非都市：特定農業區 ; 非都市編定：丁種建築用地
RPQOMLNLMHKFFDH28CA,石磊子段水流小段,1330.00,非都市：特定農業區 ; 非都市編定：農牧用地
RPXPMLNLMHKFFDH09CA,頭重溪段,24.09,都市：住
RPQOMLNLMHKFFDH28CA,石磊子段水流小段,310.00,非都市：特定農業區 ; 非都市編定：甲種建築用地
RPQOMLNLMHKFFDH28CA,石磊子段水流小段,684.00,非都市：特定農業區 ; 非都市編定：甲種建築用地
RPPQMLNLMHKFFDH38CA,上湖段,22.39,非都市：特定農業區 ; 非都市編定：甲種建築用地
RPPQMLNLMHKFFDH38CA,上湖段,54.00,非都市：特定農業區 ; 非都市編定：甲種建築用地
RPPOMLRLMHKFFCH48CA,僑愛段,83.24,都市：住
RPVNMLOJNHKFFCH58CA,烏樹林段,39.01,非都市：鄉村區 ; 非都市編定：乙種建築用地
RPXNMLOJNHKFFCH78CA,烏樹林段,20.12,非都市：鄉村區 ; 非都市編定：乙種建築用地
RPSNMLTLMHKFFBH78CA,東寮段,62.01,都市：住
RPSNMLTLMHKFFBH78CA,東寮段,16.10,都市：其他
RPSNMLMLMHKFFCH18CA,埔頂段,142.00,都市：住
RPSNMLMLMHKFFCH18CA,埔頂段,3.00,都市：其他
RPROMLMLMHKFFCH18CA,干城段,54.76,非都市：鄉村區 ; 非都市編定：乙種建築用地
RPXNMLMLMHKFFCH68CA,干城段,54.04,非都市：鄉村區 ; 非都市編定：乙種建築用地
RPOOMLMLMHKFFCH87CA,干城段,73.92,非都市：鄉村區 ; 非都市編定：乙種建築用地
RPXNMLSJNHKFFCH56CA,三層段頭寮小段,859.00,非都市：風景區 ; 非都市編定：農牧用地
RPPOMLMLMHKFFCH97CA,干城段,73.92,非都市：鄉村區 ; 非都市編定：乙種建築用地
RPWNMLMLMHKFFCH58CA,干城段,45.36,非都市：鄉村區 ; 非都市編定：乙種建築用地
RPWOMLMLMHKFFCH68CA,永興段,61.08,非都市：鄉村區 ; 非都市編定：乙種建築用地
RPXOMLMLMHKFFCH78CA,烏樹林段,71.00,非都市：鄉村區 ; 非都市編定：乙種建築用地
RPVNMLLLMHKFFCH38CA,仁善段,456.02,都市：住
RPSPMLPJNHKFFAH38CA,龍鳳段,19.53,都市：住
RPSPMLPJNHKFFAH38CA,龍鳳段,.18,都市：住
RPSPMLPJNHKFFAH38CA,龍鳳段,.05,都市：住
RPQNMLSLMHKFFAH38CA,下湖段,9.82,都市：其他
RPTOMLTLMHKFFAH88CA,慈文段,21.83,都市：其他
RPTOMLTLMHKFFAH88CA,慈文段,144.00,都市：其他
RPRPMLTLMHKFFAH78CA,鹽埕段,324.29,都市：其他
RPRPMLTLMHKFFAH78CA,鹽埕段,65.67,都市：其他
RPRPMLTLMHKFFAH78CA,鹽埕段,3.34,都市：其他
RPRPMLTLMHKFFAH78CA,鹽埕段,9.73,都市：其他
RPRPMLTLMHKFFAH78CA,鹽埕段,19.71,都市：其他
RPQOMLTLMHKFFAH58CA,中埔段,3.94,都市：其他
RPQOMLTLMHKFFAH58CA,中埔段,5.56,都市：其他
RPWNMLSLMHKFFAH98CA,新埔段,60.70,都市：住
RPXNMLSLMHKFFAH09CA,新埔段,56.96,都市：住
RPPRMLSLMHKFFAH68CA,春日段,10.50,都市：住
RPWNMLTLMHKFFAH09CA,星見段,8.47,都市：其他
RPVPMLSLMHKFFAH09CA,兔子坑段大湖頂小段,40.82,非都市：山坡地保育區 ; 非都市編定：丙種建築用地
RPXQMLSLMHKFFAH76CA,中路段,3.57,都市：住
RPXQMLSLMHKFFAH76CA,中路段,1.04,都市：住
RPUQMLSLMHKFFAH09CA,中路段,7.31,都市：住
RPUQMLSLMHKFFAH09CA,中路段,2.13,都市：住
RPVNMLRJNHKFFAH68CA,中埔段,6.42,都市：住
RPOQNLRLMHKFFAH48CA,龍祥段,12.92,都市：商
RPPVMLRLMHKFFAH98CA,埔子段埔子小段,24.22,都市：住
RPPRMLLLMHKFFAH97CA,龍祥段,2.07,都市：其他
RPQRMLLLMHKFFAH08CA,龍祥段,7.73,都市：其他
RPRQMLLLMHKFFAH08CA,長安段,33.00,都市：住
RPQOMLMLMHKFFAH87CA,江南段,8.98,都市：住
RPQNMLNLMHKFFAH87CA,大有段,7.52,都市：住
RPXPMLMLMHKFFAH68CA,精忠段,94.01,都市：住
RPXPMLMLMHKFFAH68CA,精忠段,16.01,都市：住
RPUOMLOLMHKFFAH48CA,興華段,50.41,都市：住
RPTPMLSJNHKFFAH78CA,大興段,4.28,都市：住
RPTPMLSJNHKFFAH78CA,大興段,6.68,都市：住
RPTPMLSJNHKFFAH78CA,大興段,.69,都市：住
RPTPMLSJNHKFFAH78CA,大興段,9.68,都市：住
RPTPMLSJNHKFFAH78CA,大興段,7.22,都市：住
RPUPMLSJNHKFFAH88CA,國聖段,19.49,都市：住
RPTOMLSJNHKFFAH68CA,精忠段,68.44,都市：住
RPTNMLPKNHKFFAH38CA,春日段,29.42,都市：住
RPPPMLOLMHKFFBH28DA,仁美段,25.50,都市：住
RPTNMLMLMHKFFBH28DA,環東段,21.35,都市：住
RPPPMLMLMHKFFCH18DA,逸園段,46.97,非都市：鄉村區 ; 非都市編定：乙種建築用地
RPXOMLMLMHKFFBH78DA,仁和段,54.43,都市：住
RPUNMLOLMHKFFCH68DA,龍華段,312.40,都市：住
RPPNMLOLMHKFFCH18DA,田心子段下田心子小段,286.00,非都市：山坡地保育區 ; 非都市編定：暫未編定
RPTNMLMLMHKFFEH58DA,北園段,25.82,都市：其他
RPTNMLMLMHKFFEH58DA,北園段,61.97,都市：其他
RPROMLLJNHKFFAH97EA,大同段,30.95,都市：住
RPPOMLRLMHKFFGH98DA,廣北段,81.00,都市：住
RPROMLMLMHKFFEH48DA,長興段,186.00,都市：工
RPROMLMLMHKFFEH48DA,長興段,9.83,都市：工
RPSOMLMLMHKFFEH58DA,雙溪口段溪洲子小段,34.21,非都市：鄉村區 ; 非都市編定：乙種建築用地
RPSOMLOLMHKFFEH78DA,五福段,14.78,都市：住
RPRNMLKMMHKFFCH08DA,三層段頭寮小段,72.00,非都市：風景區 ; 非都市編定：丙種建築用地
RPWOMLSLNHKFFAH56CA,半嶺段,27.30,都市：住
RPWPMLSLNHKFFAH66CA,桃園段武陵小段,.55,都市：商
RPWPMLSLNHKFFAH66CA,桃園段武陵小段,3.63,都市：商
RPWPMLSLNHKFFAH66CA,桃園段武陵小段,.43,都市：商
RPWPMLSLNHKFFAH66CA,桃園段武陵小段,2.85,都市：商
RPRNMLLJNHKFFEH18DA,羊稠段,46.27,都市：住
RPVNMLKLNHKFFDH58DA,崁頭厝段下庄子小段,462.50,非都市：特定農業區 ; 非都市編定：農牧用地
RPVNMLKLNHKFFDH58DA,崁頭厝段下庄子小段,343.75,非都市：特定農業區 ; 非都市編定：農牧用地
RPXNMLTLMHKFFFH27EA,大華段,26.69,都市：住
RPSOMLLLMHKFFDH48EA,埔頂段埔頂小段,63.00,非都市：特定農業區 ; 非都市編定：甲種建築用地
RPPNMLPLMHKFFEH48DA,南崁廟口段廟口小段,112.19,都市：住
RPQNMLPLMHKFFEH58DA,南華段,25.08,都市：住
RPRNMLOKNHKFFDH48DA,楊梅段,68.93,都市：其他
RPWOMLNLMHKFFBH88EA,雙嶺段,17.17,都市：商
RPXOMLNLMHKFFBH98EA,雙嶺段,17.27,都市：商
RPOPMLNLMHKFFBH18EA,雙嶺段,16.15,都市：商
RPPOMLNLMHKFFBH18EA,雙嶺段,17.27,都市：商
RPPPMLNLMHKFFBH28EA,雙嶺段,16.17,都市：商
RPVNMLSKNHKFFEH86EA,東園段,7.30,都市：住
RPQNMLOLMHKFFBH28EA,雙嶺段,17.32,都市：商
RPRNMLOLMHKFFBH38EA,雙嶺段,17.09,都市：商
RPXNMLQJQHKFFFH17EA,豐田段,31.16,都市：住
RPXNMLOLMHKFFBH98EA,雙嶺段,15.94,都市：商
RPUNMLOLMHKFFBH68EA,雙嶺段,17.09,都市：商
RPSNMLOLMHKFFBH48EA,雙嶺段,17.09,都市：商
RPROMLOLMHKFFBH48EA,雙嶺段,16.05,都市：商
RPTNMLOKNHKFFCH68EA,番子寮段,562.33,非都市：一般農業區 ; 非都市編定：農牧用地
RPWOMLRLMHKFFBH66EA,雙嶺段,23.63,都市：商
RPPPMLRLMHKFFBH68EA,雙嶺段,23.33,都市：商
RPXOMLRLMHKFFBH76EA,雙嶺段,23.12,都市：商
RPORMLOLMHKFFBH48EA,雙嶺段,15.94,都市：商
RPXPMLOLMHKFFBH56EA,雙嶺段,15.94,都市：商
RPOQMLOLMHKFFBH38EA,雙嶺段,15.94,都市：商
RPQRMLOLMHKFFBH68EA,雙嶺段,23.20,都市：商
RPPRMLOLMHKFFBH58EA,雙嶺段,16.22,都市：商
RPTNMLSLMHKFFBH98EA,雙嶺段,23.12,都市：商
RPSNMLMLMHKFFGH58CA,東豐段,33.37,都市：住
RPSNMLQKOHKFFEH09EA,富興段,78.18,都市：農
RPSNMLQKOHKFFEH09EA,富興段,3.45,都市：農
RPPNMLMLMHKFFGH28CA,中央段,11.06,都市：農
RPVNMLNLMHKFFGH98CA,廣東段,9.09,都市：住
RPOPMLSLMHKFFGH98CA,環南段,.36,都市：住
RPRPMLOLMHKFFBH58EA,雙嶺段,15.94,都市：商
RPVNMLSLMHKFFGH86CA,南華段,104.07,非都市：鄉村區 ; 非都市編定：乙種建築用地
RPRNMLQJNHKFFGH78CA,平鎮段,15.58,都市：商
RPVNMLKMMHKFFGH78CA,平鎮段,11.17,都市：商
RPQOMLKMMHKFFGH38CA,環南段,8.24,都市：住
RPPQMLOKNHKFFGH78CA,福林段,16.31,非都市：特定農業區 ; 非都市編定：甲種建築用地
RPWNMLKMMHKFFGH88CA,平鎮段,9.96,都市：商
RPOOMLTLMHKFFGH98CA,福林段,15.46,非都市：一般農業區 ; 非都市編定：甲種建築用地
RPOOMLTLMHKFFGH98CA,福林段,15.46,非都市：一般農業區 ; 非都市編定：甲種建築用地
RPOOMLTLMHKFFGH98CA,福林段,.71,非都市：一般農業區 ; 非都市編定：農牧用地
RPOOMLTLMHKFFGH98CA,福林段,.71,非都市：一般農業區 ; 非都市編定：農牧用地
RPQQMLOKNHKFFGH88CA,福林段,16.31,非都市：特定農業區 ; 非都市編定：甲種建築用地
RPUOMLTLMHKFFGH96CA,廣德段,18.97,都市：住
RPUQMLOKNHKFFGH66CA,福林段,16.31,非都市：特定農業區 ; 非都市編定：甲種建築用地
RPRQMLOKNHKFFGH98CA,福林段,16.14,非都市：特定農業區 ; 非都市編定：甲種建築用地
SPUQMLOKNHKFFGH76CA,福林段,16.14,非都市：特定農業區 ; 非都市編定：甲種建築用地
RPWNMLPJNHKFFGH56CA,平鎮段,9.96,都市：住
RPUOMLPJNHKFFGH09CA,新榮段,.80,都市：住
RPUOMLPJNHKFFGH09CA,新榮段,20.98,都市：住
RPVQMLOKNHKFFGH76CA,福林段,16.14,非都市：特定農業區 ; 非都市編定：甲種建築用地
RPROMLOKNHKFFGH78CA,福林段,2.89,非都市：鄉村區 ; 非都市編定：乙種建築用地
RPROMLOKNHKFFGH78CA,福林段,24.74,非都市：鄉村區 ; 非都市編定：乙種建築用地
RPQOMLMLMHKFFFH38CA,豐德段,64.00,都市：住
RPRRMLLLMHKFFAH28DA,埔子段埔子小段,67.00,都市：住
RPTOMLOJNHKFFFH78CA,豐田段,25.97,都市：住
RPSOMLKMMHKFFEH38CA,竹圍段崁下小段,50.33,都市：農
RPWPMLPLLHLFFBH56EA,雙嶺段,17.09,都市：商
RPPNMLMLMHKFFFH18CA,新霄裡段,65.79,非都市：特定農業區 ; 非都市編定：農牧用地
RPPNMLMLMHKFFFH18CA,新霄裡段,1370.00,非都市：特定農業區 ; 非都市編定：農牧用地
RPPOMLQJNHKFFEH48CA,青峰段,36.43,都市：住
RPQOMLQJNHKFFEH58CA,青峰段,36.45,都市：住
RPXOMLKMMHKFFAH58DA,寶山段,22.44,都市：住
RPTOMLQJNHKFFEH88CA,青峰段,52.86,都市：住
RPTNMLOJNHKFFEH58CA,竹圍段拔子林小段,95.00,都市：住
RPROMLQJNHKFFEH68CA,青峰段,17.29,都市：住
RPUOMLQJNHKFFEH98CA,青峰段,34.55,都市：住
RPVOMLQJNHKFFEH09CA,青峰段,17.28,都市：住
RPOPMLMKNHKFFEH18CA,河底段,11.51,都市：住
RPRNMLRJNHKFFEH68CA,雙溪口段溪洲子小段,620.00,非都市：特定農業區 ; 非都市編定：農牧用地
RPRNMLRJNHKFFEH68CA,雙溪口段溪洲子小段,102.33,非都市：特定農業區 ; 非都市編定：交通用地
RPXOMLPKNHKFFEH66CA,南崁廟口段山鼻子小段,1.75,都市：其他
RPXOMLPKNHKFFEH66CA,南崁廟口段山鼻子小段,.19,都市：其他
RPWOMLPKNHKFFEH56CA,坑子外段外社小段,.13,非都市：一般農業區 ; 非都市編定：農牧用地
RPWOMLPKNHKFFEH56CA,坑子外段外社小段,.02,非都市：一般農業區 ; 非都市編定：農牧用地
RPWOMLPKNHKFFEH56CA,坑子外段外社小段,.06,非都市：一般農業區 ; 非都市編定：農牧用地
RPWOMLPKNHKFFEH56CA,坑子外段外社小段,.06,非都市：一般農業區 ; 非都市編定：農牧用地
RPWOMLPKNHKFFEH56CA,坑子外段外社小段,.06,非都市：一般農業區 ; 非都市編定：農牧用地
RPWOMLPKNHKFFEH56CA,坑子外段外社小段,.17,非都市：一般農業區 ; 非都市編定：農牧用地
RPWOMLPKNHKFFEH56CA,坑子外段外社小段,.12,非都市：一般農業區 ; 非都市編定：農牧用地
RPWOMLPKNHKFFEH56CA,坑子外段外社小段,.27,非都市：一般農業區 ; 非都市編定：農牧用地
RPWOMLPKNHKFFEH56CA,坑子外段外社小段,.03,非都市：一般農業區 ; 非都市編定：農牧用地
RPWOMLPKNHKFFEH56CA,坑子外段外社小段,.65,非都市：一般農業區 ; 非都市編定：農牧用地
RPWOMLPKNHKFFEH56CA,坑子外段外社小段,.49,非都市：一般農業區 ; 非都市編定：農牧用地
RPWOMLPKNHKFFEH56CA,坑子外段外社小段,.00,非都市：一般農業區 ; 非都市編定：交通用地
RPWOMLPKNHKFFEH56CA,坑子外段外社小段,.33,非都市：一般農業區 ; 非都市編定：農牧用地
RPWOMLPKNHKFFEH56CA,坑子外段外社小段,.82,都市：其他
RPWOMLPKNHKFFEH56CA,坑子外段外社小段,.24,都市：其他
RPWOMLPKNHKFFEH56CA,坑子外段外社小段,.00,非都市：一般農業區 ; 非都市編定：交通用地
RPWOMLPKNHKFFEH56CA,坑子外段外社小段,.10,非都市：一般農業區 ; 非都市編定：農牧用地
RPWOMLPKNHKFFEH56CA,坑子外段外社小段,.02,非都市：一般農業區 ; 非都市編定：農牧用地
RPTNMLOKNHKFFEH68CA,北園段,85.13,都市：住
RPPOMLNLMHKFFEH28CA,埔心段海豐坡小段,2878.00,非都市：特定農業區 ; 非都市編定：農牧用地
RPQOMLNLMHKFFEH38CA,南華段,50.37,都市：住
RPWNMLSLMHKFFEH76CA,五福段,16.30,都市：住
RPXNMLSKNHKFFDH76CA,二重溪段,49.00,都市：住
RPXNMLSKNHKFFDH76CA,二重溪段,95.00,都市：住
RPQOMLLLMHKFFEH18CA,坑子外段外社小段,530.00,都市：其他
RPUOMLLLMHKFFEH58CA,沙崙段坡堵小段,.72,非都市：一般農業區 ; 非都市編定：甲種建築用地
RPUOMLLLMHKFFEH58CA,沙崙段坡堵小段,10.76,非都市：一般農業區 ; 非都市編定：甲種建築用地
RPUOMLLLMHKFFEH58CA,沙崙段坡堵小段,9.18,非都市：一般農業區 ; 非都市編定：甲種建築用地
RPUOMLLLMHKFFEH58CA,沙崙段坡堵小段,1.86,非都市：一般農業區 ; 非都市編定：甲種建築用地
RPUOMLNLMHKFFEH78CA,許厝港段,26.51,非都市：一般農業區 ; 非都市編定：甲種建築用地
RPSNMLTLMHKFFEH09CA,南榮段,96.81,都市：其他
RPRNMLTLMHKFFEH98CA,水尾段,28.68,都市：其他
RPRNMLTLMHKFFEH98CA,水尾段,67.66,都市：其他
RPRNMLTLMHKFFEH98CA,水尾段,33.18,都市：其他
RPRNMLTLMHKFFEH98CA,五福段,8.96,都市：其他
RPPNMLMLMHKFFEH08CA,青山段,291.00,都市：住
RPXNMLNLMHKFFEH98CA,河底段,14.57,都市：住
RPQNMLKMMHKFFEH08CA,水尾段,15.36,都市：工
RPOOMLNLMHKFFEH18CA,河底段,20.62,都市：住
RPQNMLLJNHKFFEH97CA,上興段,104.41,都市：住
RPROMLOLMHKFFEH58CA,沙崙段沙崙小段,1000.00,非都市：一般農業區 ; 非都市編定：農牧用地
RPROMLOLMHKFFEH58CA,沙崙段沙崙小段,1200.00,非都市：一般農業區 ; 非都市編定：農牧用地
RPPNMLSLMHKFFEH68CA,河底段,1.78,都市：住
RPQNMLOLMHKFFEH38CA,竹圍段田寮小段,619.00,非都市：一般農業區 ; 非都市編定：農牧用地
RPQNMLOLMHKFFEH38CA,竹圍段田寮小段,1090.00,非都市：一般農業區 ; 非都市編定：農牧用地
RPQNMLOLMHKFFEH38CA,竹圍段田寮小段,1132.00,非都市：一般農業區 ; 非都市編定：農牧用地
RPPQMLQJNHKFFEH68CA,青峰段,42.03,都市：住
RPXNMLQJNHKFFEH56CA,南崁廟口段廟口小段,24.72,都市：住
RPXNMLQJNHKFFEH56CA,南崁廟口段廟口小段,.54,都市：住
RPXNMLQJNHKFFEH56CA,南崁廟口段營盤坑小段,10.98,都市：住
RPQNMLPJNHKFFEH38CA,竹圍段竹圍小段,69.00,非都市：一般農業區 ; 非都市編定：甲種建築用地
RPUPMLKMMHKFFFH78CA,茄苳段,35.76,都市：工
RPUPMLKMMHKFFFH78CA,茄苳段,13.48,都市：工
RPUPMLKMMHKFFFH78CA,茄苳段,35.60,都市：工
RPUPMLKMMHKFFFH78CA,茄苳段,47.20,都市：工
RPSNMLOKNHKFFEH58CA,河底段,1.78,都市：住
RPRNMLSJNHKFFEH78CA,五福段,23.49,都市：住
RPTOMLMLMHKFFFH68CA,福國段,30.44,都市：住
RPTNMLNLMHKFFFH68CA,瑞豐段,12.86,非都市：鄉村區 ; 非都市編定：乙種建築用地
RPTNMLNLMHKFFFH68CA,瑞豐段,12.86,非都市：鄉村區 ; 非都市編定：乙種建築用地
RPTNMLKLNHKFFGH58CA,福林段,16.31,非都市：特定農業區 ; 非都市編定：甲種建築用地
RPSNMLKLNHKFFGH48CA,福林段,16.31,非都市：特定農業區 ; 非都市編定：甲種建築用地
RPQNMLKLNHKFFGH28CA,福林段,16.14,非都市：特定農業區 ; 非都市編定：甲種建築用地
RPRNMLKLNHKFFGH38CA,福林段,16.14,非都市：特定農業區 ; 非都市編定：甲種建築用地
RPQPMLTLMHKFFFH56CA,大興段,32.38,都市：農
RPWOMLTLMHKFFFH07CA,大興段,3567.55,都市：農
RPWOMLTLMHKFFFH07CA,大興段,223.30,都市：農
RPWOMLTLMHKFFFH07CA,大興段,95.36,都市：農
RPVNMLNLMHKFFFH88CA,大庄段,24.83,非都市：鄉村區 ; 非都市編定：乙種建築用地
RPWNMLNLMHKFFFH98CA,瑞祥段,34.93,非都市：鄉村區 ; 非都市編定：乙種建築用地
RPWNMLNLMHKFFFH98CA,瑞祥段,122.88,非都市：鄉村區 ; 非都市編定：乙種建築用地
RPWNMLNLMHKFFFH98CA,瑞祥段,66.87,非都市：鄉村區 ; 非都市編定：乙種建築用地
RPWNMLNLMHKFFFH98CA,瑞祥段,68.32,非都市：鄉村區 ; 非都市編定：乙種建築用地
RPWNMLNLMHKFFFH98CA,瑞祥段,70.21,非都市：鄉村區 ; 非都市編定：乙種建築用地
RPUOMLOJNHKFFFH88CA,豐田段,25.97,都市：住
RPOPMLTLMHKFFFH98CA,大興段,31.99,都市：農
RPWOMLOJNHKFFFH09CA,豐田段,29.17,都市：住
RPTRNLRLMHKFFAH56DA,中路段,30.75,都市：住
RPWOMLSLMHKFFAH56DA,寶山段,14.06,都市：住
RPXOMLOLMHKFFAH88DA,福元段,33.19,都市：住
RPPNMLTLMHKFFFH88CA,興仁段,121.66,都市：住
RPPNMLTLMHKFFFH88CA,興仁段,.73,都市：住
RPPNMLTLMHKFFFH88CA,興仁段,12.95,都市：住
RPROMLLKNHKFFFH38CA,福國段,54.05,都市：住
RPSNMLLKNHKFFFH38CA,營盤段,31.59,非都市：特定農業區 ; 非都市編定：甲種建築用地
RPPNMLLKNHKFFFH08CA,營盤段,31.59,非都市：特定農業區 ; 非都市編定：甲種建築用地
RPTNMLLKNHKFFFH48CA,營盤段,31.59,非都市：特定農業區 ; 非都市編定：甲種建築用地
RPOOMLOLMHKFFGH48CA,興湧段,180.12,都市：農
RPOOMLOLMHKFFGH48CA,興湧段,99.95,都市：農
RPOOMLOLMHKFFGH48CA,興湧段,3.30,都市：農
RPOOMLOLMHKFFGH48CA,興湧段,45.58,都市：農
RPQNMLQJNHKFFGH68CA,新富段,19.62,都市：住
RPWNMLTLMHKFFGH07CA,福林段,1419.83,非都市：一般農業區 ; 非都市編定：丁種建築用地
RPWNMLTLMHKFFGH07CA,福林段,53.98,非都市：一般農業區 ; 非都市編定：丁種建築用地
RPQNMLOLMHKFFGH58CA,中庸段,66.17,都市：農
RPPOMLOLMHKFFGH58CA,平南段,22.43,都市：住
RPRNMLOLMHKFFGH68CA,興湧段,17.27,都市：商
RPRNMLOLMHKFFGH68CA,興湧段,4.35,都市：其他
RPSNMLOLMHKFFGH78CA,興湧段,13.82,都市：商
RPSNMLOLMHKFFGH78CA,興湧段,4.35,都市：其他
RPRRMLSLMHKFFBH56EA,雙嶺段,15.20,都市：商
RPSRMLSLMHKFFBH66EA,雙嶺段,15.20,都市：商
RPPOMLTLMHKFFBH78EA,雙嶺段,15.20,都市：商
RPXNMLTLMHKFFBH86EA,雙嶺段,13.21,都市：商
RPQRMLSLMHKFFBH09EA,雙嶺段,15.20,都市：商
RPQOMLTLMHKFFBH88EA,雙嶺段,16.22,都市：商
RPRPMLLLNHKFFGH68CA,德育段,25.25,都市：住
RPVNMLTLMHKFFBH66EA,廣福段,162.50,非都市：特定農業區 ; 非都市編定：甲種建築用地
RPOOMLTLMHKFFBH68EA,雙嶺段,13.29,都市：商
RPPOMLOLMHKFFFH48CA,大興段,21.59,都市：住
RPUQMLSLMHKFFBH76EA,雙嶺段,13.34,都市：商
RPXQMLSLMHKFFBH07EA,雙嶺段,16.25,都市：商
RPVQMLSLMHKFFBH86EA,雙嶺段,13.39,都市：商
RPRQMLSLMHKFFBH09EA,雙嶺段,13.13,都市：商
RPTQMLSLMHKFFBH66EA,雙嶺段,13.36,都市：商
RPWNMLSLMHKFFBH66EA,雙嶺段,16.22,都市：商
RPSQMLSLMHKFFBH56EA,雙嶺段,16.22,都市：商
RPVNMLSLMHKFFBH56EA,雙嶺段,23.48,都市：商
RPWQMLSLMHKFFBH96EA,雙嶺段,16.22,都市：商
RPRPMLSLMHKFFBH98EA,雙嶺段,16.53,都市：商
RPRPMLRLMHKFFBH88EA,雙嶺段,23.25,都市：商
RPVQMLRLMHKFFBH76EA,雙嶺段,13.26,都市：商
RPWQMLRLMHKFFBH86EA,雙嶺段,13.26,都市：商
RPROMLSLMHKFFBH88EA,雙嶺段,16.53,都市：商
RPTNMLMJOHKFFCH48EA,南興段南興小段,3.39,非都市：一般農業區 ; 非都市編定：林業用地
RPPOMLSLMHKFFBH68EA,雙嶺段,16.35,都市：商
RPSNMLSLMHKFFBH88EA,雙嶺段,16.22,都市：商
RPQOMLSLMHKFFBH78EA,雙嶺段,16.30,都市：商
RPRNMLSLMHKFFBH78EA,雙嶺段,23.25,都市：商
RPXNMLSLMHKFFBH76EA,雙嶺段,23.33,都市：商
RPOOMLSLMHKFFBH58EA,雙嶺段,16.58,都市：商
RPPNMLSLMHKFFBH58EA,雙嶺段,13.26,都市：商
RPQPMLOLMHKFFBH48EA,富台段,20.80,都市：住
RPSOMLMLMHKFFFH78EA,新霄裡段,2631.73,非都市：特定農業區 ; 非都市編定：農牧用地
RPUNMLOKNHKFFDH78DA,楊梅段,39.00,都市：其他
RPUNMLOKNHKFFDH78DA,楊梅段,18.00,都市：其他
RPUNMLOKNHKFFDH78DA,楊梅段,27.00,都市：其他
RPPOMLNLMHKFFBH08DA,中北段,5.61,都市：住
RPTNMLOKNHKFFDH68DA,楊梅段,4.00,都市：其他
RPSPMLSLMHKFFAH98EA,慈文段,149.00,都市：住
RPPNMLOLMHKFFFH58EA,白鷺段,181.50,非都市：特定農業區 ; 非都市編定：農牧用地
RPPNMLOLMHKFFFH58EA,白鷺段,1.24,非都市：特定農業區 ; 非都市編定：農牧用地
RPRPMLSLMHKFFAH88EA,慈文段,149.00,都市：住
RPWOMLTKNHKFFDH07EA,頭重溪段,22.46,都市：住
RPTNMLQJNHKFFBH58DA,山嶺段,82.52,都市：農
RPXNMLSJNHKFFDH86EA,民豐段,357.20,非都市：特定農業區 ; 非都市編定：農牧用地
RPPOMLSJNHKFFDH78EA,民豐段,622.67,非都市：特定農業區 ; 非都市編定：農牧用地
RPPNMLNLMHKFFGH48DA,廣南段,20.79,都市：住
RPQNMLNLMHKFFGH58DA,新富段,4.36,都市：住
RPXOMLNLMHKFFAH88EA,兔子坑段大湖頂小段,42.99,非都市：山坡地保育區 ; 非都市編定：丙種建築用地
RPXOMLNLMHKFFAH88EA,兔子坑段大湖頂小段,.25,都市：住
RPWOMLNLMHKFFAH78EA,兔子坑段大湖頂小段,.97,非都市：山坡地保育區 ; 非都市編定：丙種建築用地
RPPOMLLJNHKFFFH18DA,大和段,38.21,都市：住
RPVNMLOLMHKFFAH48CA,兔子坑段大湖頂小段,19.83,非都市：山坡地保育區 ; 非都市編定：農牧用地
RPWPMLNLMHKFFAH68CA,桃圳段,39.18,非都市：特定農業區 ; 非都市編定：農牧用地
RPTPMLNLMHKFFAH38CA,桃圳段,39.18,非都市：特定農業區 ; 非都市編定：農牧用地
RPRPMLNLMHKFFAH18CA,會稽段,15.49,都市：住
RPRNMLOLMHKFFAH08CA,半嶺段,27.32,都市：住
RPPPMLSLNHKFFAH58CA,龍鳳段,29.85,都市：住
RPSQMLTLMHKFFAH56EA,鹽埕段,36.52,都市：工
RPTNMLRLMHKFFFH56DA,大和段,23.64,都市：住
RPXPMLLKNHKFFAH58CA,延壽段,5.81,都市：商
RPXPMLLKNHKFFAH58CA,延壽段,18.60,都市：商
RPXPMLLKNHKFFAH58CA,延壽段,1.14,都市：商
RPPNMLPLMHKFFGH68DA,平鎮段,23.17,都市：商
RPPOMLKMMHKFFEH18DA,河底段,23.95,都市：住
RPRNMLOJNHKFFEH48DA,五福段,22.38,都市：住
RPPNMLPLNHKFFEH68EA,河底段,.07,都市：住
RPPNMLSLMHKFFFH88DA,大和段,14.68,都市：住
RPQQMLSLMHKFFAH68CA,海萍段,60.16,非都市：山坡地保育區 ; 非都市編定：丙種建築用地
RPTQMLSJNHKFFAH88CA,和平段,15.36,都市：住
RPQNMLNLMHKFFCH08CA,仁善段,80.47,都市：住
RPQOMLNLMHKFFCH18CA,三層段八結小段,10579.00,非都市：風景區 ; 非都市編定：林業用地
RPSPMLTLMHKFFAH88CA,中路三段,37.86,都市：住
RPVOMLPJNHKFFAH58CA,興華段,4.51,都市：住
RPOQMLTLMHKFFAH58CA,忠義段,3.88,都市：住
RPROMLLJNHKFFAH77CA,山福段,17.13,都市：住
RPUOMLMLMHKFFCH48CA,龍祥段,85.85,非都市：鄉村區 ; 非都市編定：乙種建築用地
RPVOMLMLMHKFFCH58CA,龍祥段,83.72,非都市：鄉村區 ; 非都市編定：乙種建築用地
RPROMLNLMHKFFCH28CA,水流東段,3447.00,非都市：山坡地保育區 ; 非都市編定：農牧用地
RPXNMLOLMHKFFCH88CA,烏塗窟段,8429.00,非都市：山坡地保育區 ; 非都市編定：農牧用地
RPXNMLOLMHKFFCH88CA,烏塗窟段,1633.00,非都市：山坡地保育區 ; 非都市編定：農牧用地
RPXNMLOLMHKFFCH88CA,烏塗窟段,1790.00,非都市：山坡地保育區 ; 非都市編定：農牧用地
RPXNMLOLMHKFFCH88CA,烏塗窟段,276.00,非都市：山坡地保育區 ; 非都市編定：農牧用地
RPXNMLOLMHKFFCH88CA,烏塗窟段,12682.00,非都市：山坡地保育區 ; 非都市編定：農牧用地
RPXNMLOLMHKFFCH88CA,烏塗窟段,2522.00,非都市：山坡地保育區 ; 非都市編定：農牧用地
RPUOMLNLMHKFFCH58CA,廣福段,290.90,非都市：特定農業區 ; 非都市編定：農牧用地
RPUOMLNLMHKFFCH58CA,廣福段,2347.05,非都市：特定農業區 ; 非都市編定：農牧用地
RPTOMLNLMHKFFCH48CA,埔頂段,38.73,都市：住
RPSNMLOLMHKFFCH38CA,大湖段,61.41,都市：農
RPTNMLNLMHKFFCH38CA,仁善段,20.07,都市：住
RPTNMLNLMHKFFCH38CA,仁善段,52.63,都市：住
RPWNMLNLMHKFFCH68CA,中正段,30.00,非都市：鄉村區 ; 非都市編定：乙種建築用地
RPVOMLOLMHKFFCH78CA,基國派段,6967.00,非都市：山坡地保育區 ; 非都市編定：農牧用地
RPVOMLOLMHKFFCH78CA,基國派段,2392.00,非都市： ; 非都市編定：
RPROMLOLMHKFFCH38CA,南興段南興小段,3519.00,非都市：特定農業區 ; 非都市編定：農牧用地
RPROMLOLMHKFFCH38CA,南興段南興小段,775.00,非都市：特定農業區 ; 非都市編定：農牧用地
RPROMLOLMHKFFCH38CA,南興段南興小段,349.00,非都市：特定農業區 ; 非都市編定：農牧用地
RPPRNLRLMHKFFAH68CA,中路段,10.11,都市：住
RPQQNLRLMHKFFAH68CA,長安段,101.15,都市：住
RPPOMLSJNHKFFCH48CA,干城段,61.78,非都市：鄉村區 ; 非都市編定：乙種建築用地
RPVNMLSJNHKFFCH98CA,干城段,61.73,非都市：鄉村區 ; 非都市編定：乙種建築用地
RPVOMLTLMHKFFCH66CA,仁武段,48.41,都市：住
RPVOMLTLMHKFFCH66CA,埔頂段,.52,都市：其他
RPVOMLTLMHKFFCH66CA,埔頂段,.11,都市：其他
RPVOMLTLMHKFFCH66CA,埔頂段,.31,都市：其他
RPVOMLTLMHKFFCH66CA,埔頂段,.12,都市：其他
RPSPMLOLMHKFFDH68CA,上湖段,84.88,非都市：特定農業區 ; 非都市編定：甲種建築用地
RPPNMLOLMHKFFDH18CA,中興段,2.93,都市：住
RPSNMLTLMHKFFCH88CA,田心子段下田心子小段,23.18,都市：住
RPQNMLRJNHKFFCH38CA,永興段,28.62,非都市：一般農業區 ; 非都市編定：水利用地
RPQNMLRJNHKFFCH38CA,永興段,23.69,非都市：一般農業區 ; 非都市編定：水利用地
RPPNMLRJNHKFFCH28CA,永興段,2.71,非都市：一般農業區 ; 非都市編定：水利用地
RPPNMLRJNHKFFCH28CA,永興段,33.62,非都市：一般農業區 ; 非都市編定：水利用地
RPOQMLNLMHKFFDH28CA,楊梅段,16.04,都市：住
RPOQMLNLMHKFFDH28CA,楊梅段,.73,都市：住
RPQNMLOLMHKFFDH28CA,中興段,2.81,都市：住
RPUPMLNLMHKFFDH78CA,頭重溪段,85.06,都市：住
RPVPMLNLMHKFFDH88CA,大金山下段大金山下小段,20.30,都市：住
RPQOMLRLMHKFFDH68CA,中華段,25.77,都市：住
RPVNMLKMMHKFFDH48CA,長祥段,1969.38,非都市：特定農業區 ; 非都市編定：農牧用地
RPPOMLKMMHKFFDH97CA,草湳坡段埔心小段,26.58,都市：住
RPSNMLMJOHKFFCH18CA,四方林段四方林小段,119.68,非都市：山坡地保育區 ; 非都市編定：丙種建築用地
RPPOMLNLMHKFFDH18CA,啟文段,52.73,非都市：特定農業區 ; 非都市編定：甲種建築用地
RPVOMLTKNHKFFBH56CA,青溪段,78.32,都市：住
RPPPMLPJNHKFFCH28CA,石門段,16.06,都市：其他
RPTOMLMLMHKFFBH28CA,東寮段,138.85,都市：農
RPTOMLMLMHKFFBH28CA,東寮段,21.11,都市：農
RPOPMLTKNHKFFBH58CA,青溪段,78.32,都市：住
RPVQMLOLMHKFFBH88CA,三座屋段三座屋小段,8.21,都市：其他
RPVQMLOLMHKFFBH88CA,三座屋段三座屋小段,4.25,都市：其他
RPVQMLOLMHKFFBH88CA,平寮段,2.17,都市：其他
RPRPMLOKNHKFFBH38CA,普義段,13.88,都市：住
RPSNMLNLMHKFFBH18CA,三座屋段舊社小段,1.48,都市：商
RPROMLNLMHKFFBH18CA,復興段,70.96,都市：住
RPOOMLTLMHKFFDH68CA,雙榮段,127.38,都市：住
RPSPMLOLMHKFFBH48CA,遠東段,32.88,都市：住
RPPNMLTLMHKFFDH68CA,二重溪段,54.00,非都市：山坡地保育區 ; 非都市編定：丙種建築用地
RPPSMLOLMHKFFBH48CA,中工段,12.42,都市：住
RPUNMLQJNHKFFDH78CA,草湳坡段埔心小段,21.71,都市：住
RPPOMLLLNHKFFCH97CA,中庄段中庄街小段,652.29,非都市：一般農業區 ; 非都市編定：農牧用地
RPPOMLLLNHKFFCH97CA,中庄段中庄街小段,763.43,非都市：一般農業區 ; 非都市編定：農牧用地
RPTPMLTLMHKFFBH09CA,廣大段,67.41,非都市：特定農業區 ; 非都市編定：甲種建築用地
RPRSMLTKNHKFFBH56CA,草新段,48.52,都市：住
RPRSMLTKNHKFFBH56CA,草新段,29.77,都市：住
RPPOMLOLMHKFFBH08CA,忠福段,18.27,都市：住
RPPNMLOLMHKFFBH97CA,石頭段,3.78,都市：商
RPXOMLOLMHKFFBH88CA,後興段,16.78,都市：住
RPWOMLOLMHKFFBH78CA,自立段,25.80,都市：住
RPQNMLKMMHKFFBH77CA,東寮段,37.50,都市：住
RPVRMLTLMHKFFBH86CA,後寮段,29.78,都市：住
RPSOMLKMMHKFFBH08CA,培英段,26.31,都市：住
RPSNMLLJNHKFFBH87CA,新街段,3.52,都市：住
RPXPMLKMMHKFFBH68CA,中壢埔頂段,27.81,都市：住
RPVPMLKMMHKFFBH48CA,忠福段,14.66,都市：住
RPOQMLMLNHKFFBH08CA,興和段,1681.97,都市：農
RPXNMLQLMHKFFBH98CA,藍埔段,140.00,非都市：特定農業區 ; 非都市編定：甲種建築用地
RPXNMLQLMHKFFBH98CA,藍埔段,16.00,非都市：特定農業區 ; 非都市編定：甲種建築用地
RPXNMLQLMHKFFBH98CA,藍埔段,61.00,非都市：特定農業區 ; 非都市編定：甲種建築用地
RPQPMLSLMHKFFBH68CA,青溪段,51.24,都市：住
RPTPMLSLMHKFFBH98CA,青溪段,51.24,都市：住
RPRNMLRLMHKFFBH48CA,平寮段,8.20,都市：其他
RPRNMLRLMHKFFBH48CA,平寮段,18.87,都市：其他
RPTPMLRLMHKFFBH88CA,保障段,43.52,非都市：一般農業區 ; 非都市編定：農牧用地
RPTPMLRLMHKFFBH88CA,保障段,1685.03,非都市：一般農業區 ; 非都市編定：農牧用地
RPOOMLRLMHKFFBH28CA,自立段,22.33,都市：住
RPOQMLSJNHKFFBH48CA,草新段,104.07,都市：住
RPRPMLLJNHKFFBH97CA,三座屋段舊社小段,26.40,都市：住
RPQQMLRLMHKFFBH68CA,石頭段,2.08,都市：商
RPWNMLRLMHKFFBH98CA,三座屋段舊社小段,1.37,都市：住
RPVSMLTLMHKFFBH96CA,環東段,13.92,都市：住
RPXRMLSJNHKFFBH86CA,仁德段,490.88,都市：農
RPXRMLSJNHKFFBH86CA,仁德段,43.52,都市：農
RPXRMLSJNHKFFBH86CA,仁德段,58.63,都市：農
RPXRMLSJNHKFFBH86CA,仁德段,2.41,都市：其他
RPQRMLSJNHKFFBH78CA,中原段,21.54,都市：住
RPTPMLPJNHKFFBH58CA,忠福段,14.00,都市：住
RPTPMLPJNHKFFBH58CA,忠福段,14.00,都市：住
RPTRMLSJNHKFFBH09CA,仁德段,625.41,都市：農
RPTRMLSJNHKFFBH09CA,仁德段,56.17,都市：農
RPTRMLSJNHKFFBH09CA,仁德段,75.66,都市：農
RPTRMLSJNHKFFBH09CA,仁德段,3.11,都市：其他
RPVNMLQJNHKFFBH68CA,環東段,16.84,都市：住
RPSPMLRJNHKFFBH68CA,大崙段,1119.80,非都市：特定農業區 ; 非都市編定：農牧用地
RPPOMLSJNHKFFBH38CA,仁祥段,26.50,都市：住
RPSNMLRJNHKFFBH48CA,中寮段,12.28,都市：住
RPXOMLRJNHKFFBH09CA,興南段興南小段,4.32,都市：商
RPRPMLRJNHKFFBH58CA,中北段,4.00,都市：住
RPSQMLMKNHKFFBH38CA,前寮段,30.34,都市：住
RPORMLMKNHKFFBH08CA,前寮段,39.96,都市：住
RPRQMLMKNHKFFBH28CA,前寮段,30.34,都市：住
RPUQMLMKNHKFFBH58CA,前寮段,30.34,都市：住
RPVQMLMKNHKFFBH68CA,前寮段,30.34,都市：住
RPWNMLNKNHKFFBH58CA,前寮段,27.27,都市：住
RPVNMLNKNHKFFBH48CA,前寮段,39.96,都市：住
RPUNMLNKNHKFFBH38CA,前寮段,39.96,都市：住
RPUQMLNKNHKFFBH68CA,前寮段,23.89,都市：住
RPSQMLNKNHKFFBH48CA,前寮段,36.62,都市：住
SPSQMLNKNHKFFBH58CA,前寮段,36.78,都市：住
RPRRMLNKNHKFFBH48CA,前寮段,21.53,都市：住
RPXNMLNKNHKFFBH68CA,前寮段,26.80,都市：住
RPXQMLNKNHKFFBH98CA,前寮段,18.82,都市：住
RPORMLNKNHKFFBH18CA,前寮段,31.04,都市：住
RPQRMLNKNHKFFBH38CA,前寮段,30.92,都市：住
RPWQMLNKNHKFFBH88CA,前寮段,18.82,都市：住
RPVQMLNKNHKFFBH78CA,前寮段,27.23,都市：住
RPTRMLNKNHKFFBH68CA,前寮段,24.87,都市：住
RPURMLNKNHKFFBH78CA,前寮段,21.53,都市：住
RPQPMLOKNHKFFBH28CA,興南段興南小段,8.39,都市：商
RPWRMLNKNHKFFBH98CA,前寮段,27.23,都市：住
RPVRMLNKNHKFFBH88CA,前寮段,30.34,都市：住
RPQOMLQJNHKFFBH28CA,忠孝段,76.00,都市：住
RPQOMLQJNHKFFBH28CA,忠孝段,4.00,都市：住
RPSOMLQJNHKFFBH48CA,草新段,78.80,都市：住
RPUNMLPJNHKFFBH48CA,中壢埔頂段,92.00,都市：住
RPXPMLRLMHKFFBH66CA,坡興段,330.58,都市：農
RPXPMLRLMHKFFBH66CA,坡興段,1140.50,非都市：特定農業區 ; 非都市編定：農牧用地
RPPQMLSLMHKFFBH68CA,仁德段,578.48,都市：農
RPPQMLSLMHKFFBH68CA,仁德段,55.94,都市：農
RPOOMLPJNHKFFBH97CA,青芝段,53.55,都市：住
RPRRMLQJNHKFFBH68CA,三座屋段三座屋小段,1.53,都市：住
RPRRMLQJNHKFFBH68CA,三座屋段舊社小段,7.12,都市：住
RPUNMLRLMHKFFBH78CA,石頭段,9.84,都市：商
RPVNMLRLMHKFFBH88CA,石頭段,11.07,都市：商
RPUNMLQJNHKFFBH58CA,健行段,93.00,都市：住
RPVQMLQJNHKFFBH98CA,永興段,16.51,都市：商
RPUNMLLJNHKFFBH08CA,育仁段,401.00,非都市：特定農業區 ; 非都市編定：甲種建築用地
RPSRMLRLMHKFFBH98CA,甘泉段,5.72,都市：其他
RPURMLRLMHKFFBH56CA,中北段,28.60,都市：住
RPSOMLRLMHKFFBH68CA,仁愛段,28.00,都市：其他
RPSOMLRLMHKFFBH68CA,仁愛段,141.00,都市：住
RPPPMLNLMHKFFBH08CA,富源段,363.67,非都市：特定農業區 ; 非都市編定：農牧用地
RPPPMLNLMHKFFBH08CA,富源段,363.67,非都市：特定農業區 ; 非都市編定：農牧用地
RPPPMLNLMHKFFBH08CA,富源段,363.67,非都市：特定農業區 ; 非都市編定：農牧用地
RPPPMLNLMHKFFBH08CA,富源段,1011.67,非都市：特定農業區 ; 非都市編定：農牧用地
RPPPMLNLMHKFFBH08CA,富源段,1011.67,非都市：特定農業區 ; 非都市編定：農牧用地
RPPPMLNLMHKFFBH08CA,富源段,1011.67,非都市：特定農業區 ; 非都市編定：農牧用地
RPURMLTLMHKFFBH76CA,上嶺段,5.02,非都市：特定農業區 ; 非都市編定：農牧用地
RPURMLTLMHKFFBH76CA,上嶺段,9.15,非都市：特定農業區 ; 非都市編定：農牧用地
RPQRMLTLMHKFFBH98CA,上嶺段,5.02,非都市：特定農業區 ; 非都市編定：農牧用地
RPQRMLTLMHKFFBH98CA,上嶺段,9.15,非都市：特定農業區 ; 非都市編定：農牧用地
RPUOMLOLMHKFFBH58CA,三座屋段舊社小段,32.00,都市：住
RPOSMLTLMHKFFBH88CA,上嶺段,572.11,非都市：特定農業區 ; 非都市編定：農牧用地
RPOSMLTLMHKFFBH88CA,上嶺段,119.11,非都市：特定農業區 ; 非都市編定：農牧用地
RPOSMLTLMHKFFBH88CA,上嶺段,509.80,非都市：特定農業區 ; 非都市編定：農牧用地
RPOSMLTLMHKFFBH88CA,上嶺段,342.10,非都市：特定農業區 ; 非都市編定：農牧用地
RPOSMLTLMHKFFBH88CA,上嶺段,294.62,非都市：特定農業區 ; 非都市編定：農牧用地
RPOSMLTLMHKFFBH88CA,上嶺段,273.56,非都市：特定農業區 ; 非都市編定：農牧用地
RPOSMLTLMHKFFBH88CA,上嶺段,147.74,非都市：特定農業區 ; 非都市編定：農牧用地
RPVOMLOLMHKFFBH68CA,自立段,42.46,都市：住
RPURMLOLMHKFFBH88CA,富強段,4.96,都市：住
RPRNMLKMMHKFFBH87CA,平寮段,62.04,都市：住
RPXRMLOLMHKFFBH56CA,富強段,4.72,都市：住
RPUPMLLJNHKFFBH28CA,自立段,19.25,都市：住
RPTQMLOLMHKFFBH68CA,石頭段,2.91,都市：商
RPTQMLOLMHKFFBH68CA,石頭段,2.91,都市：商
RPVNMLQJNHKFFDH88CA,高上段,72.68,非都市：特定農業區 ; 非都市編定：水利用地
RPWNMLPKNHKFFBH78CA,普義段,28.73,都市：住
RPQOMLTKNHKFFDH88CA,長祥段,179.01,非都市：特定農業區 ; 非都市編定：殯葬用地
RPOOMLTKNHKFFDH68CA,新生段,.88,都市：住
RPOOMLTKNHKFFDH68CA,新生段,.17,都市：其他
RPOOMLTKNHKFFDH68CA,新生段,.33,都市：其他
RPOOMLTKNHKFFDH68CA,新生段,13.75,都市：其他
RPROMLTLMHKFFDH98CA,永福段,2.05,都市：農
RPROMLTLMHKFFDH98CA,永福段,277.90,都市：農
RPTPMLTKNHKFFBH09CA,水尾段水尾小段,230.00,都市：農
RPWRMLMLNHKFFBH98CA,環東段,18.06,都市：住
RPVRMLMLNHKFFBH88CA,遠東段,33.26,都市：住
RPPNMLTKNHKFFBH48CA,中工段,7680.00,都市：工
RPPNMLRKNHKFFBH28CA,成功段,22.67,都市：商
RPPNMLRKNHKFFBH28CA,成功段,1.33,都市：其他
RPVNMLTLMHKFFDH66CA,草湳坡段埔心小段,8.61,都市：住
RPSPMLSLMHKFFDH09CA,大金山下段大金山下小段,20.94,都市：住
RPWNMLTLMHKFFDH76CA,梅園段,61.98,非都市：一般農業區 ; 非都市編定：甲種建築用地
RPWNMLTLMHKFFDH76CA,梅園段,38.93,非都市：一般農業區 ; 非都市編定：甲種建築用地
RPTPMLSLMHKFFDH56CA,大金山下段大金山下小段,16.82,都市：住
RPXNMLRLMHKFFDH66CA,榔段上榔小段,1054.00,非都市：特定農業區 ; 非都市編定：農牧用地
RPTNMLSLMHKFFDH98CA,大金山下段大金山下小段,33.45,都市：住
RPTNMLSLMHKFFDH98CA,大金山下段大金山下小段,91.00,都市：住
RPQNMLSLMHKFFDH68CA,幼獅段,.89,都市：住
RPQNMLSLMHKFFDH68CA,幼獅段,25.50,都市：住
RPPPMLSLMHKFFDH78CA,大金山下段大金山下小段,23.58,都市：住
RPOPMLSLMHKFFDH68CA,大金山下段大金山下小段,16.98,都市：住
RPQNMLRLMHKFFDH58CA,上湖段,383.00,非都市：特定農業區 ; 非都市編定：農牧用地
RPTOMLSLMHKFFDH09CA,頭重溪段,23.02,都市：住
RPQPMLSLMHKFFDH88CA,大金山下段大金山下小段,16.98,都市：住
RPTNMLSLMHKFFCH88CA,三層段三層小段,1350.00,非都市：風景區 ; 非都市編定：農牧用地
RPWOMLKMOHKFFBH68CA,前寮段,39.53,都市：住
RPOPMLKMOHKFFBH97CA,前寮段,25.07,都市：住
RPSOMLTLMHKFFCH98CA,龍祥段,159.29,非都市：鄉村區 ; 非都市編定：乙種建築用地
RPWOMLTLMHKFFCH76CA,潛龍段,41.24,非都市：鄉村區 ; 非都市編定：乙種建築用地
RPOOMLLLNHKFFCH87CA,八張犁段,22.42,非都市：一般農業區 ; 非都市編定：甲種建築用地
RPWOMLOLMHKFFCH88CA,水流東段,7614.00,非都市：山坡地保育區 ; 非都市編定：農牧用地
RPPOMLOKNHKFFCH18CA,上林段,9.16,都市：農
RPPOMLOKNHKFFCH18CA,上林段,57.19,都市：農
RPPOMLOKNHKFFCH18CA,上林段,480.26,都市：農
RPTNMLOLMHKFFCH48CA,上華段,63.18,非都市：一般農業區 ; 非都市編定：農牧用地
RPTNMLOLMHKFFCH48CA,上華段,33.96,非都市：一般農業區 ; 非都市編定：甲種建築用地
RPQNMLNJNHKFFCH97CA,中興段,14.98,非都市：鄉村區 ; 非都市編定：乙種建築用地
RPQNMLNJNHKFFCH97CA,中興段,2.25,非都市：鄉村區 ; 非都市編定：乙種建築用地
RPVNMLOLMHKFFCH68CA,三洽水段,183.50,非都市：山坡地保育區 ; 非都市編定：農牧用地
RPQNMLOLMHKFFCH18CA,社角段,36.64,非都市：特定農業區 ; 非都市編定：農牧用地
RPQNMLOLMHKFFCH18CA,社角段,36.64,非都市：特定農業區 ; 非都市編定：農牧用地
RPQNMLOLMHKFFCH18CA,社角段,36.64,非都市：特定農業區 ; 非都市編定：農牧用地
RPQNMLOLMHKFFCH18CA,社角段,34.48,非都市：特定農業區 ; 非都市編定：農牧用地
RPQNMLOLMHKFFCH18CA,社角段,34.48,非都市：特定農業區 ; 非都市編定：農牧用地
RPQNMLOLMHKFFCH18CA,社角段,34.48,非都市：特定農業區 ; 非都市編定：農牧用地
RPQNMLOLMHKFFCH18CA,社角段,34.48,非都市：特定農業區 ; 非都市編定：農牧用地
RPQNMLOLMHKFFCH18CA,社角段,3.05,非都市：特定農業區 ; 非都市編定：農牧用地
RPQNMLOLMHKFFCH18CA,社角段,3.05,非都市：特定農業區 ; 非都市編定：農牧用地
RPQNMLOLMHKFFCH18CA,社角段,3.05,非都市：特定農業區 ; 非都市編定：農牧用地
RPQNMLOLMHKFFCH18CA,社角段,3.05,非都市：特定農業區 ; 非都市編定：農牧用地
RPQNMLOLMHKFFCH18CA,社角段,36.64,非都市：特定農業區 ; 非都市編定：農牧用地
RPOOMLOKNHKFFCH08CA,永興段,57.41,非都市：鄉村區 ; 非都市編定：乙種建築用地
RPVNMLRLMHKFFCH98CA,南龍段,16.36,都市：住
RPVNMLRLMHKFFCH98CA,南龍段,.16,都市：住
RPRNMLOLMHKFFCH28CA,社角段,416.80,非都市：特定農業區 ; 非都市編定：農牧用地
RPRNMLOLMHKFFCH28CA,社角段,10.10,非都市：特定農業區 ; 非都市編定：農牧用地
RPRNMLOLMHKFFCH28CA,社角段,137.92,非都市：特定農業區 ; 非都市編定：農牧用地
RPRNMLOLMHKFFCH28CA,社角段,31.94,非都市：特定農業區 ; 非都市編定：農牧用地
RPWNMLLJNHKFFCH38CA,仁德段,60.50,非都市：特定農業區 ; 非都市編定：甲種建築用地
RPWNMLLJNHKFFCH38CA,仁德段,5.85,非都市：特定農業區 ; 非都市編定：甲種建築用地
RPWNMLLJNHKFFCH38CA,仁德段,6.70,非都市：特定農業區 ; 非都市編定：甲種建築用地
RPOOMLOLMHKFFCH08CA,銅鑼圈段,125.08,非都市：山坡地保育區 ; 非都市編定：丙種建築用地
RPSPMLKMMHKFFCH28CA,三層段三層小段,1206.00,非都市：風景區 ; 非都市編定：農牧用地
RPQNMLSKNHKFFCH58CA,番子寮段,155.33,非都市：一般農業區 ; 非都市編定：農牧用地
RPOOMLMKNHKFFCH87CA,仁善段,105.42,都市：住
RPSNMLSKNHKFFCH78CA,銅鑼圈段,84.54,非都市：山坡地保育區 ; 非都市編定：丙種建築用地
RPVQMLTLMHKFFAH66CA,中埔段,37.39,都市：住
RPQOMLOJNHKFFAH97CA,埔子段埔子小段,24.00,都市：住
RPSOMLOJNHKFFAH18CA,桃鶯段,60.79,都市：工
RPTQMLKMMHKFFAH28CA,南崁頂段大坑小段,2069.00,都市：其他
RPTQMLKMMHKFFAH28CA,南崁頂段大坑小段,4312.00,都市：其他
RPXQNLRLMHKFFAH76CA,富國段,10.29,都市：住
RPPNMLSLMHKFFAH28CA,富國段,41.05,都市：住
RPUQNLRLMHKFFAH09CA,大同段,7.70,都市：住
RPXOMLSLMHKFFAH56CA,富國段,47.18,都市：住
RPQVMLRLMHKFFAH09CA,龍安段,52.36,都市：住
RPOOMLSLMHKFFAH28CA,富國段,38.22,都市：住
RPQPMLSLMHKFFAH58CA,西門段,28.94,都市：住
RPPOMLSLMHKFFAH38CA,埔子段北門埔子小段,26.43,都市：住
RPOPMLSLMHKFFAH38CA,富國段,47.18,都市：住
RPQOMLSLMHKFFAH48CA,埔子段北門埔子小段,18.02,都市：住
RPSOMLKMMHKFFAH97CA,江南段,14.66,都市：住
RPROMLKMMHKFFAH87CA,富國段,13.31,都市：住
RPQPMLKMMHKFFAH87CA,富國段,5.49,都市：住
RPRNMLKMMHKFFAH77CA,大有段,15.45,都市：住
RPORMLSLMHKFFAH58CA,東嶺段,88.32,非都市：山坡地保育區 ; 非都市編定：丙種建築用地
RPORMLSLMHKFFAH58CA,東嶺段,88.32,非都市：山坡地保育區 ; 非都市編定：丙種建築用地
RPROMLSLMHKFFAH58CA,富國段,47.18,都市：住
RPSOMLSLMHKFFAH68CA,富國段,47.18,都市：住
RPTNMLSLMHKFFAH68CA,富國段,41.05,都市：住
RPUPMLSLMHKFFAH98CA,富國段,73.13,都市：住
RPTPMLTLMHKFFAH98CA,新埔段,30.63,都市：住
RPVNMLQJNHKFFAH58CA,法政段,23.43,都市：住
RPROMLQJNHKFFAH28CA,法政段,22.44,都市：住
RPOOMLQJNHKFFAH97CA,法政段,28.67,都市：住
RPWNMLQJNHKFFAH68CA,法政段,15.71,都市：住
RPQOMLQJNHKFFAH18CA,法政段,22.44,都市：住
RPSOMLQJNHKFFAH38CA,法政段,23.18,都市：住
RPQRMLQJNHKFFAH48CA,埔子段北門埔子小段,138.00,都市：住
RPXNMLSJNHKFFAH98CA,寶山段,11.32,都市：商
RPVQMLQJNHKFFAH88CA,法政段,22.44,都市：住
RPUQMLQJNHKFFAH78CA,法政段,23.18,都市：住
RPQQMLQJNHKFFAH38CA,法政段,22.44,都市：住
RPPQMLQJNHKFFAH28CA,法政段,22.19,都市：住
RPRQMLQJNHKFFAH48CA,法政段,22.44,都市：住
RPXOMLQJNHKFFAH88CA,法政段,22.44,都市：住
RPSQMLQJNHKFFAH58CA,法政段,22.44,都市：住
RPXPMLQJNHKFFAH98CA,法政段,22.44,都市：住
RPOQMLQJNHKFFAH18CA,法政段,22.44,都市：住
RPVOMLQJNHKFFAH68CA,法政段,23.18,都市：住
RPQQMLMKNHKFFAH08CA,塔寮坑段嶺腳小段,26.00,非都市：山坡地保育區 ; 非都市編定：農牧用地
RPOPMLQJNHKFFAH08CA,法政段,23.18,都市：住
RPWOMLQJNHKFFAH78CA,法政段,23.18,都市：住
RPUOMLQJNHKFFAH58CA,法政段,23.18,都市：住
RPQPMLQJNHKFFAH28CA,法政段,28.67,都市：住
RPSPMLQJNHKFFAH48CA,法政段,22.19,都市：住
RPTPMLQJNHKFFAH58CA,法政段,22.44,都市：住
RPUPMLQJNHKFFAH68CA,法政段,22.19,都市：住
RPXPMLSJNHKFFAH56CA,寶山段,17.42,都市：住
RPWNMLOLMHKFFAH58CA,兔子坑段大湖頂小段,66.06,非都市：山坡地保育區 ; 非都市編定：農牧用地
RPRNMLSKNHKFFAH48CA,埔子段埔子小段,.23,都市：住
RPRNMLSKNHKFFAH48CA,埔子段埔子小段,.02,都市：住
RPRNMLSKNHKFFAH48CA,埔子段埔子小段,14.84,都市：住
RPRNMLSKNHKFFAH48CA,埔子段埔子小段,.23,都市：住
RPRNMLSKNHKFFAH48CA,埔子段埔子小段,1.26,都市：住
RPRNMLSKNHKFFAH48CA,埔子段埔子小段,2.82,都市：住
RPSNMLSKNHKFFAH58CA,埔子段埔子小段,.32,都市：住
RPSNMLSKNHKFFAH58CA,埔子段埔子小段,.03,都市：住
RPSNMLSKNHKFFAH58CA,埔子段埔子小段,20.87,都市：住
RPSNMLSKNHKFFAH58CA,埔子段埔子小段,.32,都市：住
RPSNMLSKNHKFFAH58CA,埔子段埔子小段,1.77,都市：住
RPSNMLSKNHKFFAH58CA,埔子段埔子小段,3.97,都市：住
RPOOMLOLMHKFFAH87CA,兔子坑段大湖頂小段,32.86,非都市：山坡地保育區 ; 非都市編定：農牧用地
RPPPMLLKNHKFFAH77CA,龍祥段,18.63,都市：商
RPUNMLOLMHKFFAH38CA,中路段,11.40,都市：住
RPUNMLOLMHKFFAH38CA,中路段,2.40,都市：住
RPUNMLOLMHKFFAH38CA,中路段,3.20,都市：住
RPTNMLRLMHKFFAH58CA,半嶺段,16.60,都市：住
RPTNMLRLMHKFFAH58CA,半嶺段,6.97,都市：住
RPVOMLLKNHKFFAH28CA,龍祥段,14.53,都市：商
RPWOMLLKNHKFFAH38CA,龍祥段,13.59,都市：商
RPXOMLLKNHKFFAH48CA,龍祥段,7.40,都市：商
RPWPMLSLMHKFFBH76DA,興南段興南小段,2.68,都市：商
RPXPMLSLMHKFFBH86DA,普義段,14.11,都市：住
RPSPMLTLMHKFFBH09DA,普義段,18.60,都市：住
RPSPMLTLMHKFFBH09DA,普義段,4.31,都市：住
RPSPMLTLMHKFFBH09DA,普義段,2.01,都市：住
RPRQMLSLMHKFFBH98DA,復興段,10.72,都市：住
RPSNMLOLMHKFFBH38DA,普義段,14.11,都市：住
RPOOMLOJNHKFFEH28DA,河底段,10.37,都市：住
RPSOMLOLMHKFFDH68DA,雙榮段,65.15,都市：住
RPPNMLKMMHKFFDH08EA,草湳坡段埔心小段,15.63,都市：住
RPQRMLRLMHKFFBH88DA,仁美段,9.94,都市：商
RPUOMLRLMHKFFBH98DA,中寮段,24.73,都市：住
RPRNMLRLMHKFFCH78EA,烏塗窟段,1232.00,非都市：山坡地保育區 ; 非都市編定：農牧用地
RPOQMLSLNHKFFFH66EA,麻園段,58.48,非都市：鄉村區 ; 非都市編定：乙種建築用地
RPXOMLQLNHKFFGH27EA,平鎮段,25.19,都市：住
RPXOMLQLNHKFFGH27EA,平鎮段,48.00,都市：住
RPSOMLNKNHKFFGH88DA,東金段,1236.07,非都市：一般農業區 ; 非都市編定：農牧用地
RPOOMLRLMHKFFGH78CA,新富段,11.86,都市：住
RPUNMLOLMHKFFGH98CA,廣德段,19.30,都市：住
RPWPMLQJNHKFFGH86CA,平鎮段,16.40,都市：商
RPPOMLSLMHKFFGH98CA,廣北段,9.39,都市：商
RPQOMLSLMHKFFGH09CA,廣北段,7.77,都市：商
RPOOMLSLMHKFFGH88CA,廣北段,11.66,都市：商
RPVNMLRJNHKFFGH66CA,平德段,.91,非都市：鄉村區 ; 非都市編定：乙種建築用地
RPVNMLRJNHKFFGH66CA,平德段,92.02,非都市：鄉村區 ; 非都市編定：乙種建築用地
RPRNMLTKNHKFFEH56EA,河底段,23.98,都市：住
RPORNLRLMHKFFAH68DA,富國段,18.15,都市：住
RPWNMLMKNHKFFGH98CA,廣豐段,32.48,都市：住
RPOOMLMKNHKFFGH28CA,廣豐段,43.95,都市：住
RPRNMLLJOHKFFFH48EA,榮興段,94.58,非都市：特定農業區 ; 非都市編定：甲種建築用地
RPTOMLNKNHKFFAH38DA,埔子段埔子小段,23.84,都市：住
RPTNMLNKNHKFFFH68CA,前程段,144.21,都市：住
RPVTMLPJNHKFFFH96CA,廣隆段,15.26,都市：住
RPURMLMLNHKFFAH68CA,埔子段埔子小段,4.10,都市：其他
RPURMLMLNHKFFAH68CA,埔子段埔子小段,3.75,都市：其他
RPURMLMLNHKFFAH68CA,埔子段埔子小段,119.32,都市：其他
RPURMLMLNHKFFAH68CA,埔子段埔子小段,81.33,都市：其他
RPURMLMLNHKFFAH68CA,埔子段埔子小段,9.18,都市：其他
RPURMLMLNHKFFAH68CA,埔子段埔子小段,240.91,都市：其他
RPQTMLPJNHKFFFH09CA,建國段,79.00,非都市：特定農業區 ; 非都市編定：甲種建築用地
RPXOMLMLNHKFFAH68CA,大興段,25.84,都市：住
RPTNMLLLNHKFFFH58CA,茄明段,16.32,都市：住
RPQOMLOLMHKFFFH58CA,大發段,81.24,非都市：鄉村區 ; 非都市編定：乙種建築用地
RPRNMLOKNHKFFFH58CA,興豐段,.99,非都市：鄉村區 ; 非都市編定：乙種建築用地
RPRNMLOKNHKFFFH58CA,興豐段,65.01,非都市：鄉村區 ; 非都市編定：乙種建築用地
RPRNMLOKNHKFFFH58CA,興豐段,1.41,非都市：鄉村區 ; 非都市編定：特定目的事業用地
RPTOMLPJNHKFFEH78CA,八股段,606.48,非都市：特定農業區 ; 非都市編定：農牧用地
RPPOMLTLMHKFFFH98CA,大庄段,60.56,非都市：鄉村區 ; 非都市編定：乙種建築用地
RPWNMLOLMHKFFFH09CA,龍友段,462.53,都市：其他
RPWNMLOLMHKFFFH09CA,龍友段,11.09,都市：其他
RPWNMLOLMHKFFFH09CA,龍友段,11.28,都市：其他
RPWNMLOLMHKFFFH09CA,龍友段,49.80,都市：其他
RPQQMLQJNHKFFEH78CA,青峰段,36.52,都市：住
RPQOMLRLMHKFFFH88CA,興豐段,38.67,非都市：鄉村區 ; 非都市編定：乙種建築用地
RPQOMLRLMHKFFFH88CA,興豐段,.19,非都市：鄉村區 ; 非都市編定：乙種建築用地
RPQOMLRLMHKFFFH88CA,興豐段,1.49,非都市：鄉村區 ; 非都市編定：乙種建築用地
RPOOMLRLMHKFFFH68CA,大義段,31.29,都市：住
RPOOMLRLMHKFFFH68CA,大義段,99.09,都市：住
RPWNMLRLMHKFFFH76CA,興豐段,38.67,非都市：鄉村區 ; 非都市編定：乙種建築用地
RPWNMLRLMHKFFFH76CA,興豐段,.19,非都市：鄉村區 ; 非都市編定：乙種建築用地
RPWNMLRLMHKFFFH76CA,興豐段,1.49,非都市：鄉村區 ; 非都市編定：乙種建築用地
RPVNMLRLMHKFFFH66CA,興仁段,47.93,都市：住
RPVNMLRLMHKFFFH66CA,興仁段,5.04,都市：住
RPXNMLRLMHKFFFH86CA,豐田段,18.31,都市：住
RPPNMLLJNHKFFFH97CA,興豐段,6.56,都市：住
RPPNMLLJNHKFFFH97CA,興豐段,14.27,都市：其他
RPWNMLOKNHKFFEH98CA,河底段,23.32,都市：住
RPRQMLQJNHKFFEH88CA,青峰段,15.71,都市：住
RPUQMLPJNHKFFEH09CA,河底段,13.02,都市：住
RPXOMLOLMHKFFEH56CA,河底段,7.49,都市：住
RPPNMLOLMHKFFEH28CA,客運二段,262.29,都市：住
RPPNMLOLMHKFFEH28CA,客運二段,106.78,都市：住
RPPNMLOLMHKFFEH28CA,客運二段,108.31,都市：住
RPXOMLSJNHKFFEH86CA,雙溪口段溪洲子小段,104.00,都市：其他
RPUOMLLLNHKFFEH68CA,新福段,33.78,都市：其他
RPRNMLOLMHKFFEH48CA,河底段,22.79,都市：住
RPQOMLOLMHKFFEH48CA,錦中段,17.54,都市：工
RPSNMLRLMHKFFEH88CA,竹圍段拔子林小段,13.08,都市：住
RPTOMLLLNHKFFEH58CA,新福段,30.03,都市：其他
RPPNMLKMMHKFFEH97CA,坑子口段頭前小段,165.32,非都市：一般農業區 ; 非都市編定：水利用地
RPXOMLTKNHKFFEH07CA,圳股頭段後館小段,81.00,非都市：一般農業區 ; 非都市編定：農牧用地
RPWNMLKMMHKFFEH68CA,六福段,2.83,都市：住
RPRNMLSLMHKFFEH88CA,公埔段,3.58,都市：住
RPRNMLSLMHKFFEH88CA,公埔段,.42,都市：住
RPSNMLKLNHKFFDH18CA,富九段,34.54,非都市：特定農業區 ; 非都市編定：甲種建築用地
RPSNMLKLNHKFFDH18CA,富九段,325.02,非都市：特定農業區 ; 非都市編定：甲種建築用地
RPSNMLKLNHKFFDH18CA,富九段,131.60,非都市：特定農業區 ; 非都市編定：農牧用地
RPQNMLLKNHKFFEH08CA,河底段,15.54,都市：住
RPTPMLTKNHKFFEH76CA,錦興段,5.64,都市：住
RPVOMLTKNHKFFEH86CA,青峰段,31.74,都市：住
RPSQMLPJNHKFFEH88CA,大興段,36.14,都市：住
RPTNMLTLMHKFFEH56CA,河底段,18.46,都市：住
RPPTMLPJNHKFFFH98CA,大華段,18.62,都市：住
RPQOMLMLNHKFFEH38CA,許厝港段,56.00,非都市：一般農業區 ; 非都市編定：甲種建築用地
RPPNMLRLMHKFFEH58CA,南園段,26.94,都市：住
RPQNMLRLMHKFFEH68CA,南新段,4.19,都市：住
RPUOMLSJNHKFFEH56CA,大新段,13.32,都市：商
RPTOMLKMMHKFFAH18DA,江南段,12.01,都市：住
RPPNMLKMMHKFFAH67DA,埔子段埔子小段,7.85,都市：住
RPWNMLMKNHKFFAH48DA,忠義段,22.31,都市：住
RPWNMLMKNHKFFAH48DA,忠義段,.39,都市：住
RPPNMLNLNHKFFGH48CA,廣仁段,25.34,都市：工
RPRNMLKLNHKFFFH28CA,福興段,24.11,都市：商
RPSRMLSJNHKFFFH76CA,白鷺段,73.23,都市：住
RPSRMLSJNHKFFFH76CA,白鷺段,1.18,都市：住
RPXNMLKLNHKFFGH98CA,平鎮段,9.98,都市：商
RPPPMLSJNHKFFFH88CA,豐田段,78.97,都市：住
RPOPMLSJNHKFFFH78CA,豐田段,78.97,都市：住
RPSNMLKMMHKFFGH48CA,西社段,27.03,都市：住
RPWNMLRJNHKFFGH76CA,廣北段,51.00,都市：住
RPROMLLJNHKFFGH38CA,平鎮段,5.82,都市：住
RPTNMLSJNHKFFGH56CA,南華段,102.96,非都市：鄉村區 ; 非都市編定：乙種建築用地
RPVPMLSLMHKFFGH07CA,新生段,35.70,都市：住
RPTOMLSLMHKFFGH76CA,新富段,10.96,都市：住
RPSNMLTLMHKFFGH66CA,東安段,429.43,都市：其他
RPSNMLSJNHKFFGH09CA,新勢段,23.51,都市：住
RPSOMLPJNHKFFGH88CA,雙連段,6.67,都市：其他
RPSOMLPJNHKFFGH88CA,雙連段,54.06,都市：其他
RPUOMLSLMHKFFGH86CA,湧安段,100.72,都市：住
RPQNMLKMMHKFFDH18EA,頭重溪段,11.14,都市：住
RPQNMLKMMHKFFDH18EA,大金山下段大金山下小段,2.28,都市：住
RPQOMLSJNHKFFEH98EA,大新段,60.87,都市：住
RPUNMLTLMHKFFDH76EA,埔頂段水碓小段,699.00,非都市：特定農業區 ; 非都市編定：農牧用地
RPTNMLMKNHKFFBH38EA,萬能段,139.02,都市：農
RPPSMLPKNHKFFFH98CA,豐田段,48.16,都市：住
RPSOMLRLMHKFFGH56CA,忠貞段,13.33,都市：住
RPOPMLRLMHKFFGH88CA,環南段,8.24,都市：住
RPWNMLRLMHKFFGH86CA,新富段,10.86,都市：住
RPVNMLRLMHKFFGH76CA,廣南段,13.87,都市：住
RPVOMLRLMHKFFGH86CA,高雙段,17.54,都市：住
RPVOMLRLMHKFFGH86CA,高雙段,15.06,都市：住
RPVOMLRLMHKFFGH86CA,高雙段,3.12,都市：住
RPVOMLRLMHKFFGH86CA,高雙段,.64,都市：住
RPWOMLRLMHKFFGH96CA,義民段,121.49,都市：住
RPWOMLRLMHKFFGH96CA,義民段,19.79,都市：住
RPROMLRLMHKFFGH66EA,廣東段,8.61,都市：住
RPPPMLPLNHKFFBH58EA,茄苳坑段對面厝小段,58.00,非都市：一般農業區 ; 非都市編定：農牧用地
RPPPMLPLNHKFFBH58EA,茄苳坑段對面厝小段,677.00,非都市：一般農業區 ; 非都市編定：農牧用地
RPRNMLSLMHKFFFH56EA,豐德段,47.56,都市：住
RPXNMLOJNHKFFDH98DA,秀才段,66.27,非都市：山坡地保育區 ; 非都市編定：丙種建築用地
RPROMLTLMHKFFCH98DA,南龍段,362.66,非都市：一般農業區 ; 非都市編定：農牧用地
RPROMLTLMHKFFCH98DA,南龍段,35.24,非都市：一般農業區 ; 非都市編定：農牧用地
RPROMLTLMHKFFCH98DA,銅鑼圈段,107.00,非都市：山坡地保育區 ; 非都市編定：農牧用地
RPROMLTLMHKFFCH98DA,銅鑼圈段,491.72,非都市：山坡地保育區 ; 非都市編定：農牧用地
RPROMLTLMHKFFCH98DA,銅鑼圈段,349.00,非都市：山坡地保育區 ; 非都市編定：農牧用地
RPSNMLRLMHKFFCH78DA,大圳段,655.53,非都市： ; 非都市編定：
RPXNMLLKNHKFFBH58DA,萬能段,522.14,都市：農
RPUPMLSLMHKFFBH56DA,興南段興南小段,3.05,都市：商
RPQNMLLJOHKFFFH38EA,福興段,23.71,都市：商
RPPNMLLJOHKFFFH28EA,福興段,28.56,都市：商
RPRNMLTJRHKFFCH66EA,武嶺段,12.38,都市：住
RPRNMLTJRHKFFCH66EA,武嶺段,7.80,都市：住
RPRPMLOLMHKFFAH28CA,忠義段,25.68,都市：住
RPWNMLRLMHKFFAH88CA,中埔段,4.09,都市：住
RPQNMLSJOHKFFFH09EA,高城段,14.72,都市：其他
RPQNMLSJOHKFFFH09EA,高城段,46.84,都市：其他
RPQNMLSJOHKFFFH09EA,高城段,15.27,都市：其他
RPQNMLSJOHKFFFH09EA,高城段,44.90,都市：其他
RPPOMLPKNHKFFDH48DA,永寧段,86.84,非都市：山坡地保育區 ; 非都市編定：丙種建築用地
RPPOMLPKNHKFFDH48DA,永寧段,28.21,非都市：山坡地保育區 ; 非都市編定：丙種建築用地
RPPOMLPKNHKFFDH48DA,永寧段,.29,非都市：山坡地保育區 ; 非都市編定：丙種建築用地
RPRNMLQJNHKFFAH18CA,興華段,43.26,都市：住
RPPNMLQJNHKFFFH58DA,大和段,14.57,都市：住
RPTOMLSLMHKFFAH78CA,興華段,15.09,都市：其他
RPTOMLSLMHKFFAH78CA,興華段,12.58,都市：其他
RPWPMLSLMHKFFAH56CA,中路段,8.55,都市：商
RPWPMLSLMHKFFAH56CA,中路段,1.16,都市：商
RPWPMLSLMHKFFAH56CA,中路段,.10,都市：商
RPWOMLMLNHKFFAH58CA,慈文段,33.37,都市：住
RPOQMLSJNHKFFAH38CA,富國段,19.75,都市：住
RPWVMLRLMHKFFAH07CA,龍安段,35.96,都市：住
RPRVMLRLMHKFFAH56CA,龍安段,35.96,都市：住
RPXOMLLLNHKFFAH58CA,埔子段埔子小段,14.58,都市：住
RPPQNLRLMHKFFAH58CA,同安段,38.00,都市：住
RPSOMLPLNHKFFAH68EA,新埔段,21.89,都市：住
RPWNMLRJNHKFFAH78CA,慈文段,15.82,都市：住
RPRPMLSLMHKFFAH68CA,中路段,8.55,都市：商
RPRPMLSLMHKFFAH68CA,中路段,1.16,都市：商
RPRPMLSLMHKFFAH68CA,中路段,.10,都市：商
RPPPMLSLMHKFFAH48CA,江南段,14.97,都市：住
RPPQMLPLNHKFFAH38CA,福元段,29.79,都市：住
RPRNMLMJNHKFFAH77CA,同德段,3.26,都市：商
RPQNMLMJNHKFFAH67CA,同德段,3.26,都市：商
RPVQNLRLMHKFFAH56CA,龍祥段,19.32,都市：住
RPWQNLRLMHKFFAH66CA,成功段,15.01,都市：住
RPWQNLRLMHKFFAH66CA,成功段,.21,都市：住
RPWQNLRLMHKFFAH66CA,成功段,5.69,都市：其他
RPVOMLKMMHKFFAH28CA,埔子段埔子小段,41.42,都市：住
RPVOMLKMMHKFFAH28CA,埔子段埔子小段,.11,都市：其他
RPVOMLKMMHKFFAH28CA,埔子段埔子小段,.25,都市：其他
RPXOMLOLMHKFFCH98CA,四方林段四方林小段,160.00,非都市：山坡地保育區 ; 非都市編定：丙種建築用地
RPOPMLOLMHKFFCH18CA,四方林段四方林小段,175.00,非都市：一般農業區 ; 非都市編定：甲種建築用地
RPTNMLRLMHKFFCH78CA,霞雲段,1201.00,非都市：山坡地保育區 ; 非都市編定：林業用地
RPRQMLPJNHKFFAH38CA,東國段,24.70,都市：住
RPPOMLPJNHKFFAH97CA,大有段,15.96,都市：住
RPWNMLRLMHKFFCH09CA,南龍段,16.17,都市：住
RPWNMLRLMHKFFCH09CA,南龍段,.15,都市：住
RPROMLSLMHKFFCH78CA,田心子段下田心子小段,304.80,都市：其他
RPROMLSLMHKFFCH78CA,田心子段下田心子小段,201.87,都市：其他
RPROMLSLMHKFFCH78CA,田心子段下田心子小段,35.73,都市：其他
RPROMLSLMHKFFCH78CA,田心子段下田心子小段,115.07,都市：其他
RPPNMLMJNHKFFAH57CA,同德段,59.26,都市：商
RPQPMLRLMHKFFCH68CA,黃龍段,131.47,都市：住
RPPNMLPLMHKFFCH18CA,仁善段,6.80,都市：住
RPPNMLPLMHKFFCH18CA,仁善段,33.49,都市：住
RPQNMLSLMHKFFCH58CA,介壽段,34.19,非都市：鄉村區 ; 非都市編定：乙種建築用地
RPVOMLOLMHKFFDH88CA,石磊子段水流小段,348.00,非都市：特定農業區 ; 非都市編定：農牧用地
RPOOMLRLMHKFFDH48CA,中興段,2.69,都市：住
RPSPMLPJNHKFFCH58CA,石門段,16.06,都市：其他
RPPOMLOJNHKFFAH87CA,龍鳳段,136.24,都市：工
RPSNMLOJNHKFFAH08CA,同德段,50.30,都市：商
RPQPMLQJNHKFFCH48CA,義盛段,680.00,都市：其他
RPQPMLQJNHKFFCH48CA,義盛段,38.00,都市：其他
RPQPMLQJNHKFFCH48CA,義盛段,42.00,都市：其他
RPWOMLSLMHKFFDH76CA,高獅段,20.18,非都市：一般農業區 ; 非都市編定：特定目的事業用地
RPWOMLSLMHKFFDH76CA,高獅段,6.08,非都市：一般農業區 ; 非都市編定：特定目的事業用地
RPWOMLSLMHKFFDH76CA,高獅段,.62,非都市：一般農業區 ; 非都市編定：特定目的事業用地
RPWOMLSLMHKFFDH76CA,高獅段,1.03,非都市：一般農業區 ; 非都市編定：特定目的事業用地
RPWOMLSLMHKFFDH76CA,高獅段,2.89,非都市：一般農業區 ; 非都市編定：特定目的事業用地
RPWOMLSLMHKFFDH76CA,高獅段,.23,非都市：一般農業區 ; 非都市編定：特定目的事業用地
RPWOMLSLMHKFFDH76CA,高獅段,1.81,非都市：一般農業區 ; 非都市編定：特定目的事業用地
RPWOMLSLMHKFFDH76CA,高獅段,.85,非都市：一般農業區 ; 非都市編定：特定目的事業用地
RPWOMLSLMHKFFDH76CA,高獅段,.10,非都市：一般農業區 ; 非都市編定：特定目的事業用地
RPPOMLTLMHKFFDH78CA,瑞原段,71.35,非都市：特定農業區 ; 非都市編定：甲種建築用地
RPPOMLTLMHKFFDH78CA,瑞原段,27.51,非都市：特定農業區 ; 非都市編定：甲種建築用地
RPRNMLLLNHKFFCH08CA,霞雲段,713.00,非都市：一般農業區 ; 非都市編定：農牧用地
RPWOMLKMMHKFFDH68CA,長岡嶺段,46.81,非都市：山坡地保育區 ; 非都市編定：丙種建築用地
RPXNMLLJNHKFFDH58CA,梅獅段,101.05,都市：工
RPXNMLLJNHKFFDH58CA,梅獅段,.20,都市：工
RPTOMLKMMHKFFDH38CA,頭洲段,89.08,都市：住
RPWOMLMKNHKFFDH78CA,崁頭厝段崁頭厝小段,971.00,非都市：一般農業區 ; 非都市編定：林業用地
RPSNMLKLNHKFFCH08CA,九座段,55.25,非都市：鄉村區 ; 非都市編定：乙種建築用地
RPSOMLTKNHKFFBH88CA,仁德段,248.34,都市：農
RPSOMLTKNHKFFBH88CA,仁德段,21.93,都市：農
RPSOMLTKNHKFFBH88CA,仁德段,29.54,都市：農
RPSOMLTKNHKFFBH88CA,仁德段,1.21,都市：其他
RPQNMLTLMHKFFDH78CA,二重溪段,199.00,非都市：山坡地保育區 ; 非都市編定：丙種建築用地
RPROMLRLNHKFFAH58CA,和平段,20.93,都市：住
RPROMLRLNHKFFAH58CA,和平段,.01,都市：住
RPPQMLOKNHKFFBH28CA,育仁段,42.00,非都市：特定農業區 ; 非都市編定：甲種建築用地
RPOPMLOLMHKFFBH08CA,富台段,16.23,都市：住
RPRNMLLKNHKFFDH08CA,草湳坡段埔心小段,39.00,都市：住
RPQOMLRJNHKFFCH48CA,銅鑼圈段,107.72,非都市：山坡地保育區 ; 非都市編定：丙種建築用地
RPRNMLSLMHKFFBH58CA,復興段,24.80,都市：住
RPROMLNKNHKFFDH38CA,新屋段後湖小段,6.94,非都市：特定農業區 ; 非都市編定：甲種建築用地
RPROMLNKNHKFFDH38CA,新屋段後湖小段,54.06,非都市：特定農業區 ; 非都市編定：甲種建築用地
RPRQMLTLMHKFFBH98CA,富強段,10.92,都市：住
RPRQMLTLMHKFFBH98CA,富強段,9.22,都市：住
RPRPMLRLMHKFFBH68CA,中工段,.08,都市：住
RPRPMLRLMHKFFBH68CA,中工段,.01,非都市：工業區 ; 非都市編定：丁種建築用地
RPTQMLSLMHKFFBH09CA,廣興段,182.06,非都市：特定農業區 ; 非都市編定：甲種建築用地
RPSOMLPLNHKFFBH58CA,中北段,6.57,都市：住
RPPOMLRLMHKFFBH38CA,普義段,12.72,都市：其他
RPQOMLRLMHKFFBH48CA,普義段,59.23,都市：其他
RPRPMLSLMHKFFBH78CA,中北段,12.90,都市：住
RPWOMLTLMHKFFBH66CA,中北段,4.80,都市：住
RPOPMLSKNHKFFBH48CA,富台段,26.82,都市：其他
RPTNMLSKNHKFFBH78CA,復興段,38.45,都市：住
RPVNMLKMMHKFFBH28CA,大堀段,485.00,非都市：特定農業區 ; 非都市編定：農牧用地
RPURMLQJNHKFFBH98CA,健行段,7.04,都市：住
RPURMLQJNHKFFBH98CA,健行段,.02,都市：住
RPPNMLQJNHKFFBH08CA,富台段,10.44,都市：住
RPRRMLSJNHKFFBH88CA,中北段,4.52,都市：住
RPPOMLPJNHKFFBH08CA,興南段興南小段,4.45,都市：住
RPTQMLSJNHKFFBH98CA,仁德段,403.19,都市：農
RPTQMLSJNHKFFBH98CA,仁德段,806.43,都市：農
RPTQMLSJNHKFFBH98CA,仁德段,107.45,都市：農
RPTQMLSJNHKFFBH98CA,仁德段,144.74,都市：農
RPTQMLSJNHKFFBH98CA,仁德段,5.95,都市：其他
RPWOMLRJNHKFFBH98CA,青溪段,53.27,都市：住
RPTOMLRJNHKFFBH68CA,青溪段,39.65,都市：住
RPUOMLRJNHKFFBH78CA,青溪段,39.64,都市：住
RPQOMLTLMHKFFBH68CA,前寮段,40.37,都市：其他
RPVPMLRJNHKFFBH98CA,榮民段,73.00,都市：住
RPVPMLRJNHKFFBH98CA,榮民段,22.00,都市：其他
RPVPMLRJNHKFFBH98CA,榮民段,50.00,都市：住
RPVOMLRJNHKFFBH88CA,青溪段,39.64,都市：住
RPWSMLSJNHKFFBH86CA,環東段,8.87,都市：住
RPUOMLTLMHKFFBH09CA,甘泉段,3.58,都市：住
RPOOMLQJNHKFFBH08CA,仁祥段,27.21,都市：住
RPPNMLSLMHKFFBH38CA,茄苳坑段對面厝小段,948.00,非都市：特定農業區 ; 非都市編定：農牧用地
RPSQMLSLMHKFFBH98CA,草富段,696.07,都市：住
RPSQMLSLMHKFFBH98CA,草富段,426.29,都市：住
RPQQMLSLMHKFFBH78CA,仁美段,92.00,都市：住
RPORMLSLMHKFFBH68CA,復興段,11.40,都市：住
RPTOMLKMMHKFFBH18CA,培英段,31.69,都市：住
RPXPMLTLMHKFFBH86CA,前寮段,65.00,都市：住
RPXPMLTLMHKFFBH86CA,前寮段,14.77,都市：住
RPVNMLQLOHKFFBH98CA,中壢埔頂段,10.02,都市：住
RPSNMLLKNHKFFBH97CA,三民段,10.00,都市：農
RPSNMLLKNHKFFBH97CA,三民段,7.00,都市：農
RPSNMLLKNHKFFBH97CA,三民段,85.00,都市：農
RPSNMLLKNHKFFBH97CA,三民段,2.00,都市：農
RPUOMLKMMHKFFBH28CA,培英段,25.11,都市：住
RPQPMLLJNHKFFBH87CA,中寮段,14.26,都市：住
RPWOMLMKNHKFFBH58CA,普義段,3.76,都市：住
RPPNMLQKNHKFFBH18CA,榮民段,17.41,都市：住
RPUNMLPJNHKFFDH68CA,頭重溪段,55.00,都市：其他
RPUNMLPJNHKFFDH68CA,頭重溪段,48.00,都市：其他
RPOOMLQJNHKFFDH28CA,瑞上段,56.83,非都市：特定農業區 ; 非都市編定：甲種建築用地
RPQNMLNKNHKFFDH18CA,石牌嶺段,601.67,非都市：特定農業區 ; 非都市編定：農牧用地
RPQNMLNKNHKFFDH18CA,石牌嶺段,601.67,非都市：特定農業區 ; 非都市編定：農牧用地
RPQNMLNKNHKFFDH18CA,石牌嶺段,601.67,非都市：特定農業區 ; 非都市編定：農牧用地
RPTOMLMKNHKFFDH48CA,石磊子段水流小段,1210.00,非都市：特定農業區 ; 非都市編定：農牧用地
RPROMLTKNHKFFDH98CA,長祥段,179.01,非都市：特定農業區 ; 非都市編定：殯葬用地
RPUNMLRJNHKFFDH88CA,楊湖段,8.79,非都市：特定農業區 ; 非都市編定：甲種建築用地
RPPNMLOKNHKFFDH18CA,大金山下段大金山下小段,13.29,都市：住
RPPNMLOKNHKFFDH18CA,大金山下段大金山下小段,13.29,都市：住
RPSQMLMLNHKFFBH48CA,復興段,15.02,都市：住
RPSPMLQLNHKFFBH78CA,興南段興南小段,12.58,都市：住
RPRNMLTJNHKFFBH58CA,中壢埔頂段,9.24,都市：住
RPSNMLTJNHKFFBH68CA,環東段,13.60,都市：住
RPVNMLSJNHKFFDH09CA,永寧段,34.04,非都市：山坡地保育區 ; 非都市編定：丙種建築用地
RPVNMLSJNHKFFDH09CA,永寧段,189.65,非都市：山坡地保育區 ; 非都市編定：丙種建築用地
RPVNMLSJNHKFFDH09CA,永寧段,.29,非都市：山坡地保育區 ; 非都市編定：丙種建築用地
RPVNMLSJNHKFFDH09CA,永寧段,5.40,非都市：山坡地保育區 ; 非都市編定：丙種建築用地
RPVNMLSJNHKFFDH09CA,永寧段,.01,非都市：山坡地保育區 ; 非都市編定：丙種建築用地
RPUNMLKMMHKFFDH38CA,石磊子段石磊子小段,371.00,非都市：特定農業區 ; 非都市編定：農牧用地
RPUNMLKMMHKFFDH38CA,石磊子段石磊子小段,309.00,非都市：特定農業區 ; 非都市編定：農牧用地
RPUNMLKMMHKFFDH38CA,石磊子段石磊子小段,401.75,非都市：特定農業區 ; 非都市編定：農牧用地
RPOOMLKMMHKFFDH87CA,秀才段,.35,非都市：山坡地保育區 ; 非都市編定：丙種建築用地
RPUNMLKMMHKFFDH38CA,石磊子段石磊子小段,402.75,非都市：特定農業區 ; 非都市編定：農牧用地
RPOOMLKMMHKFFDH87CA,秀才段,61.65,非都市：山坡地保育區 ; 非都市編定：丙種建築用地
RPPNMLSLMHKFFDH58CA,楊湖段,82.00,非都市：特定農業區 ; 非都市編定：甲種建築用地
RPPNMLSLMHKFFDH58CA,楊湖段,18.88,非都市：特定農業區 ; 非都市編定：甲種建築用地
RPUPMLTKNHKFFDH76CA,楊梅段,38.50,都市：住
RPUPMLTKNHKFFDH76CA,楊梅段,5.38,都市：住
RPUPMLTKNHKFFDH76CA,楊梅段,2.25,都市：住
RPSOMLSLMHKFFDH98CA,東寧段,69.69,非都市：山坡地保育區 ; 非都市編定：丙種建築用地
RPSOMLSLMHKFFDH98CA,東寧段,5.68,非都市：山坡地保育區 ; 非都市編定：丙種建築用地
RPSOMLSLMHKFFDH98CA,東寧段,.61,非都市：山坡地保育區 ; 非都市編定：丙種建築用地
RPSOMLSLMHKFFDH98CA,東寧段,.52,非都市：山坡地保育區 ; 非都市編定：丙種建築用地
RPSOMLSLMHKFFDH98CA,東寧段,3.38,非都市：山坡地保育區 ; 非都市編定：丙種建築用地
RPSOMLSLMHKFFDH98CA,東寧段,7.32,非都市：山坡地保育區 ; 非都市編定：丙種建築用地
RPSOMLSLMHKFFDH98CA,東寧段,1.68,非都市：山坡地保育區 ; 非都市編定：丙種建築用地
RPSOMLSLMHKFFDH98CA,東寧段,1.99,非都市：山坡地保育區 ; 非都市編定：丙種建築用地
RPSOMLSLMHKFFDH98CA,東寧段,3.40,非都市：山坡地保育區 ; 非都市編定：丙種建築用地
RPPOMLRLMHKFFDH58CA,草湳坡段埔心小段,26.49,都市：其他
RPRNMLKMMHKFFDH08CA,中山段,25.55,非都市：特定農業區 ; 非都市編定：甲種建築用地
RPQPMLRLNHKFFBH68CA,中工段,30.35,非都市：工業區 ; 非都市編定：丁種建築用地
RPROMLKMMHKFFDH18CA,高上段,123.01,非都市：一般農業區 ; 非都市編定：甲種建築用地
RPXOMLTKNHKFFDH96CA,十五間段十五間尾小段,1000.00,非都市：特定農業區 ; 非都市編定：農牧用地
RPXOMLTKNHKFFDH96CA,十五間段十五間尾小段,1000.00,非都市：特定農業區 ; 非都市編定：農牧用地
RPSNMLOJNHKFFCH28CA,介壽段,81.00,非都市：鄉村區 ; 非都市編定：乙種建築用地
RPXNMLSLMHKFFCH66CA,中山段,80.75,都市：住
RPOOMLSLMHKFFCH48CA,烏林段,54.75,非都市：鄉村區 ; 非都市編定：乙種建築用地
RPWNMLRKPHKFFCH66CA,仁武段,29.76,都市：住
RPWNMLRKPHKFFCH66CA,埔頂段,.32,都市：其他
RPWNMLRKPHKFFCH66CA,埔頂段,.07,都市：其他
RPWNMLRKPHKFFCH66CA,埔頂段,.19,都市：其他
RPWNMLRKPHKFFCH66CA,埔頂段,.07,都市：其他
RPRNMLPJNHKFFCH28CA,仁武段,48.41,都市：住
RPRNMLPJNHKFFCH28CA,埔頂段,.52,都市：其他
RPRNMLPJNHKFFCH28CA,埔頂段,.11,都市：其他
RPRNMLPJNHKFFCH28CA,埔頂段,.31,都市：其他
RPRNMLPJNHKFFCH28CA,埔頂段,.12,都市：其他
RPXOMLKMMHKFFCH68CA,民有段,92.73,都市：農
RPXOMLKMMHKFFCH68CA,民有段,150.52,都市：農
RPXOMLKMMHKFFCH68CA,民有段,218.39,都市：農
RPXOMLKMMHKFFCH68CA,民有段,61.51,都市：農
RPQNMLPJNHKFFCH18CA,仁武段,48.41,都市：住
RPQNMLPJNHKFFCH18CA,埔頂段,.52,都市：其他
RPQNMLPJNHKFFCH18CA,埔頂段,.11,都市：其他
RPQNMLPJNHKFFCH18CA,埔頂段,.31,都市：其他
RPQNMLPJNHKFFCH18CA,埔頂段,.12,都市：其他
RPSNMLPJNHKFFCH38CA,仁武段,48.04,都市：住
RPSNMLPJNHKFFCH38CA,埔頂段,.52,都市：其他
RPSNMLPJNHKFFCH38CA,埔頂段,.11,都市：其他
RPSNMLPJNHKFFCH38CA,埔頂段,.30,都市：其他
RPSNMLPJNHKFFCH38CA,埔頂段,.12,都市：其他
RPUNMLPJNHKFFCH58CA,仁武段,29.76,都市：住
RPUNMLPJNHKFFCH58CA,埔頂段,.32,都市：其他
RPUNMLPJNHKFFCH58CA,埔頂段,.07,都市：其他
RPUNMLPJNHKFFCH58CA,埔頂段,.19,都市：其他
RPUNMLPJNHKFFCH58CA,埔頂段,.07,都市：其他
RPTNMLLJNHKFFCH08CA,水流東段,145.00,非都市：山坡地保育區 ; 非都市編定：林業用地
RPTOMLKMMHKFFCH28CA,仁武段,48.04,都市：住
RPTOMLKMMHKFFCH28CA,埔頂段,.52,都市：其他
RPTOMLKMMHKFFCH28CA,埔頂段,.11,都市：其他
RPTOMLKMMHKFFCH28CA,埔頂段,.30,都市：其他
RPTOMLKMMHKFFCH28CA,埔頂段,.12,都市：其他
RPTPMLKMMHKFFCH38CA,仁武段,64.61,都市：住
RPTPMLKMMHKFFCH38CA,埔頂段,.70,都市：其他
RPTPMLKMMHKFFCH38CA,埔頂段,.15,都市：其他
RPTPMLKMMHKFFCH38CA,埔頂段,.41,都市：其他
RPTPMLKMMHKFFCH38CA,埔頂段,.16,都市：其他
RPWOMLKMMHKFFCH58CA,仁武段,29.76,都市：住
RPWOMLKMMHKFFCH58CA,埔頂段,.32,都市：其他
RPWOMLKMMHKFFCH58CA,埔頂段,.07,都市：其他
RPWOMLKMMHKFFCH58CA,埔頂段,.19,都市：其他
RPWOMLKMMHKFFCH58CA,埔頂段,.07,都市：其他
RPSNMLSLMHKFFCH78CA,田心子段上田心子小段,503.00,都市：住
RPPPMLKMMHKFFCH97CA,仁武段,48.04,都市：住
RPPPMLKMMHKFFCH97CA,埔頂段,.52,都市：其他
RPPPMLKMMHKFFCH97CA,埔頂段,.11,都市：其他
RPPPMLKMMHKFFCH97CA,埔頂段,.30,都市：其他
RPPPMLKMMHKFFCH97CA,埔頂段,.12,都市：其他
RPRNMLMJOHKFFCH08CA,仁武段,48.41,都市：住
RPRNMLMJOHKFFCH08CA,埔頂段,.52,都市：其他
RPRNMLMJOHKFFCH08CA,埔頂段,.11,都市：其他
RPRNMLMJOHKFFCH08CA,埔頂段,.31,都市：其他
RPRNMLMJOHKFFCH08CA,埔頂段,.12,都市：其他
RPPNMLTLMHKFFCH58CA,仁愛段,38.18,非都市：特定農業區 ; 非都市編定：甲種建築用地
RPPNMLTLMHKFFCH58CA,仁愛段,1.56,非都市：特定農業區 ; 非都市編定：甲種建築用地
RPWOMLPJNHKFFAH68CA,迴龍段,22.12,都市：住
RPWQMLTLMHKFFAH76CA,忠義段,13.87,都市：住
RPVNMLPJNHKFFAH48CA,龍華段,11.49,都市：住
RPVNMLPJNHKFFAH48CA,龍華段,.18,都市：其他
RPVNMLPJNHKFFAH48CA,龍華段,2.45,都市：其他
RPSOMLLJNHKFFAH87CA,陸光段,37.61,都市：住
RPRQMLSLMHKFFAH78CA,東國段,15.40,都市：住
RPRQMLSLMHKFFAH78CA,小檜溪段,3.35,都市：住
RPRQMLSLMHKFFAH78CA,小檜溪段,1.91,都市：住
RPRNMLSLMHKFFAH48CA,建新段,31.76,都市：商
RPRNMLSLMHKFFAH48CA,建新段,5.54,都市：商
RPRNMLSLMHKFFAH48CA,建新段,.72,都市：商
RPPOMLLJNHKFFAH57CA,福元段,21.42,都市：住
RPPOMLLJNHKFFAH57CA,福元段,.95,都市：住
RPSPMLKMMHKFFAH08CA,埔子段埔子小段,24.45,都市：住
RPUPMLKMMHKFFAH28CA,埔子段埔子小段,16.79,都市：住
RPXOMLTLMHKFFAH66CA,福元段,66.71,都市：住
RPQNMLTLMHKFFAH48CA,大樹林段,1.09,都市：商
RPQNMLTLMHKFFAH48CA,大樹林段,6.52,都市：商
RPRNMLTLMHKFFAH58CA,福元段,15.36,都市：住
RPRNMLTLMHKFFAH58CA,福元段,2.63,都市：住
RPRNMLTLMHKFFAH58CA,福元段,.90,都市：住
RPRPMLKMMHKFFCH18CA,仁武段,64.61,都市：住
RPRPMLKMMHKFFCH18CA,埔頂段,.70,都市：其他
RPRPMLKMMHKFFCH18CA,埔頂段,.15,都市：其他
RPRPMLKMMHKFFCH18CA,埔頂段,.41,都市：其他
RPRPMLKMMHKFFCH18CA,埔頂段,.16,都市：其他
RPQPMLKMMHKFFCH08CA,仁武段,64.24,都市：住
RPQPMLKMMHKFFCH08CA,埔頂段,.69,都市：其他
RPQPMLKMMHKFFCH08CA,埔頂段,.15,都市：其他
RPQPMLKMMHKFFCH08CA,埔頂段,.41,都市：其他
RPQPMLKMMHKFFCH08CA,埔頂段,.16,都市：其他
RPUQMLPJNHKFFAH68CA,埔子段北門埔子小段,9.36,都市：商
RPXNMLQJNHKFFAH78CA,大興段,15.83,都市：住
RPRUMLSJNHKFFAH09CA,垹坡段,39.23,都市：其他
RPPQMLOKNHKFFAH18CA,楓樹坑段楓樹坑小段,2.50,都市：其他
RPSSMLQJNHKFFAH78CA,同安段,11.54,都市：住
RPUOMLLKNHKFFAH18CA,精忠段,94.38,都市：住
RPVQMLPKNHKFFAH88CA,富國段,20.67,都市：住
RPTQMLMLNHKFFAH48CA,富國段,24.71,都市：住
RPQQMLSKNHKFFAH68CA,中埔段,15.10,都市：農
RPQQMLSKNHKFFAH68CA,中埔段,.73,都市：農
RPQQMLSKNHKFFAH68CA,中埔段,.44,都市：農
RPSNMLLLNHKFFAH97CA,大興段,7.11,都市：住
RPSNMLLLNHKFFAH97CA,大興段,.02,都市：其他
RPSNMLLLNHKFFAH97CA,大興段,.00,都市：其他
RPQPMLSKNHKFFAH58CA,國聖段,19.19,都市：工
RPXPMLMLNHKFFAH78CA,春日段,29.42,都市：住
RPPNMLOKNHKFFAH87CA,江南段,76.83,都市：住
RPRPMLMJOHKFFAH08CA,成功段,32.06,都市：住
RPROMLOJNHKFFFH68DA,同福段,23.85,都市：住
RPTNMLKMMHKFFCH28DA,霞雲段,5230.00,非都市：山坡地保育區 ; 非都市編定：農牧用地
RPRNMLSJNHKFFAH38CA,慈文段,25.00,都市：住
RPPOMLTLMHKFFCH78DA,碧湖段,32.50,非都市：鄉村區 ; 非都市編定：乙種建築用地
RPVTMLSJNHKFFAH76CA,慈文段,23.86,都市：住
RPOQMLSLMHKFFBH68DA,興南段公坡小段,.08,都市：其他
RPWNMLKMMHKFFBH48DA,中興段,31.34,都市：其他
RPOPMLTLMHKFFBH68DA,中寮段,13.25,都市：住
RPRPMLTLMHKFFBH98DA,興南段興南小段,19.13,都市：商
RPSNMLQJNHKFFEH78DA,河底段,23.77,都市：住
RPOOMLSJNHKFFBH38DA,仁祥段,55.85,都市：住
RPOOMLSJNHKFFBH38DA,仁祥段,6.82,都市：其他
RPTRMLRLMHKFFBH56DA,中壢埔頂段,86.00,都市：住
RPUPMLOKNHKFFBH88EA,草新段,95.64,都市：住
RPOPMLSJNHKFFBH58EA,雙嶺段,23.02,都市：商
RPVNMLRLNHKFFFH96EA,瑞祥段,3.25,非都市：鄉村區 ; 非都市編定：乙種建築用地
RPPPMLSJNHKFFBH68EA,雙嶺段,23.12,都市：商
RPSNMLOJNHKFFDH58EA,後庄段,183.46,非都市：特定農業區 ; 非都市編定：甲種建築用地
RPROMLRLMHKFFFH56EA,高城段,59.82,都市：住
RPQPMLSJNHKFFBH78EA,雙嶺段,17.14,都市：商
RPSOMLSLMHKFFBH98EA,自立段,35.39,都市：住
RPRPMLSJNHKFFBH88EA,雙嶺段,17.27,都市：商
RPSPMLSJNHKFFBH98EA,雙嶺段,16.17,都市：商
RPRNMLPLNHKFFFH98EA,瑞祥段,5.11,非都市：鄉村區 ; 非都市編定：乙種建築用地
RPTPMLSJNHKFFBH09EA,雙嶺段,15.94,都市：商
RPTNMLMKOHKFFAH18CA,龍華段,138.51,都市：工
RPVNMLMKOHKFFAH38CA,龍華段,135.80,都市：工
RPVNMLSLMHKFFCH66EA,潛龍段,43.21,非都市：鄉村區 ; 非都市編定：乙種建築用地
RPVNMLSLMHKFFCH66EA,潛龍段,.60,非都市：鄉村區 ; 非都市編定：乙種建築用地
RPRNMLRJNHKFFDH78EA,啟文段,92.98,非都市：特定農業區 ; 非都市編定：農牧用地
RPRNMLRJNHKFFDH78EA,啟文段,258.62,非都市：特定農業區 ; 非都市編定：農牧用地
RPUPMLRLMHKFFGH86CA,新北段,32.87,非都市：鄉村區 ; 非都市編定：乙種建築用地
RPTOMLTLMHKFFGH86CA,福林段,30.91,非都市：一般農業區 ; 非都市編定：甲種建築用地
RPTOMLTLMHKFFGH86CA,福林段,1.42,非都市：一般農業區 ; 非都市編定：農牧用地
RPROMLKLNHKFFGH48CA,平鎮段,18.44,都市：住
RPWOMLKLNHKFFGH98CA,復旦段,26.52,都市：住
RPQNMLTLMHKFFGH09CA,南華段,60.06,都市：住
RPXNMLLLNHKFFGH09CA,福林段,14.20,非都市：特定農業區 ; 非都市編定：甲種建築用地
RPRNMLLLNHKFFGH48CA,復旦段,11.93,都市：農
RPRNMLLLNHKFFGH48CA,復旦段,141.50,都市：農
RPRNMLLLNHKFFGH48CA,復旦段,147.01,都市：農
RPWNMLLLNHKFFGH98CA,福林段,24.09,非都市：特定農業區 ; 非都市編定：甲種建築用地
RPTNMLLLNHKFFGH68CA,福林段,14.20,非都市：特定農業區 ; 非都市編定：甲種建築用地
RPVNMLLLNHKFFGH88CA,福林段,15.97,非都市：特定農業區 ; 非都市編定：甲種建築用地
RPOOMLLLNHKFFGH28CA,福林段,24.15,非都市：特定農業區 ; 非都市編定：甲種建築用地
RPUNMLLLNHKFFGH78CA,福林段,14.14,非都市：特定農業區 ; 非都市編定：甲種建築用地
RPPOMLLLNHKFFGH38CA,福林段,14.03,非都市：特定農業區 ; 非都市編定：甲種建築用地
RPSNMLLLNHKFFGH58CA,福林段,21.16,非都市：特定農業區 ; 非都市編定：甲種建築用地
RPQNMLLLNHKFFGH38CA,復旦段,11.93,都市：農
RPQNMLLLNHKFFGH38CA,復旦段,134.84,都市：農
RPQNMLLLNHKFFGH38CA,復旦段,138.62,都市：農
RPPNMLSKNHKFFFH78CA,營盤段,22.26,非都市：特定農業區 ; 非都市編定：甲種建築用地
RPOPMLTLMHKFFAH58DA,大同段,17.71,都市：其他
RPQOMLLLNHKFFGH48CA,福林段,15.97,非都市：特定農業區 ; 非都市編定：甲種建築用地
SPTOMLLLNHKFFGH88CA,福林段,16.14,非都市：特定農業區 ; 非都市編定：甲種建築用地
RPXQMLQJNHKFFAH56DA,同安段,13.68,都市：住
RPWNMLNKNHKFFAH58DA,寶山段,10.68,都市：住
RPTOMLLLNHKFFGH78CA,福林段,16.14,非都市：特定農業區 ; 非都市編定：甲種建築用地
RPPNMLKKNHKFFFH97CA,廣隆段,25.84,都市：住
RPXTMLPJNHKFFFH17CA,大華段,22.44,都市：住
RPSTMLPJNHKFFFH66CA,大勇段,23.94,都市：住
RPXNMLLKNHKFFFH88CA,豐田段,29.17,都市：住
RPUNMLLKNHKFFFH58CA,營盤段,10.70,非都市：鄉村區 ; 非都市編定：乙種建築用地
RPUNMLLKNHKFFFH58CA,營盤段,5.56,非都市：鄉村區 ; 非都市編定：乙種建築用地
RPUNMLLKNHKFFFH58CA,營盤段,64.27,非都市：鄉村區 ; 非都市編定：乙種建築用地
RPQNMLSLMHKFFFH88CA,興仁段,19.43,都市：住
RPXPMLSJNHKFFFH07CA,龍友段,118.73,都市：其他
RPXPMLSJNHKFFFH07CA,龍友段,50.44,都市：其他
RPPOMLRLMHKFFFH78CA,高城段,7.51,都市：住
RPXNMLKMMHKFFEH78CA,大興段,16.15,都市：住
RPUQMLSJNHKFFFH86CA,興豐段,7.15,都市：住
RPUQMLSJNHKFFFH86CA,興豐段,15.56,都市：住
RPSNMLKMMHKFFEH28CA,六福段,7.56,都市：住
RPVNMLLJNHKFFFH58CA,永福段,24.55,都市：住
RPWNMLTLMHKFFFH96CA,興隆段,84.00,非都市：鄉村區 ; 非都市編定：乙種建築用地
RPTNMLSLMHKFFEH09CA,羊稠段,1.84,都市：住
RPUNMLRLMHKFFFH56CA,同福段,39.84,都市：住
RPQNMLOJNHKFFEH28CA,河底段,.10,都市：商
RPUNMLSLMHKFFEH56CA,內海墘段,138.00,非都市：一般農業區 ; 非都市編定：特定目的事業用地
RPWNMLSKNHKFFEH76CA,錦興段,1.19,都市：住
RPWNMLSKNHKFFEH76CA,錦興段,83.66,都市：住
RPWNMLSKNHKFFEH76CA,錦興段,378.24,都市：住
RPWNMLSKNHKFFEH76CA,錦興段,24.76,都市：住
RPWNMLSKNHKFFEH76CA,錦興段,46.50,都市：住
RPWNMLSKNHKFFEH76CA,錦興段,173.83,都市：住
RPWNMLSKNHKFFEH76CA,錦興段,229.87,都市：住
RPWNMLSKNHKFFEH76CA,錦興段,2.14,都市：住
RPPOMLKLNHKFFDH97CA,笨子港段埔子頂小段,15.18,非都市：特定農業區 ; 非都市編定：甲種建築用地
RPRNMLSKNHKFFGH09CA,興湧段,263.16,都市：農
RPVNMLOJNHKFFEH78CA,錦中段,26.35,都市：工
RPPNMLTLMHKFFEH78CA,河底段,23.26,都市：住
RPVNMLSLMHKFFEH66CA,南崁廟口段營盤坑小段,24.60,都市：住
RPPNMLQKNHKFFDH38CA,和平段,76.88,非都市：一般農業區 ; 非都市編定：甲種建築用地
RPXNMLLLNHKFFEH88CA,青山段,36.45,都市：住
RPUNMLLLNHKFFEH58CA,青山段,36.26,都市：住
RPWNMLLLNHKFFEH78CA,青山段,36.45,都市：住
RPVNMLLLNHKFFEH68CA,青山段,36.45,都市：住
RPUPMLTKNHKFFEH86CA,河底段,12.04,都市：住
RPWNMLLLNHKFFDH68CA,上田段,1634.99,非都市：特定農業區 ; 非都市編定：丁種建築用地
RPWNMLLLNHKFFDH68CA,上田段,3181.86,非都市：特定農業區 ; 非都市編定：丁種建築用地
RPWNMLLLNHKFFDH68CA,上田段,21.15,非都市：特定農業區 ; 非都市編定：農牧用地
RPWNMLLLNHKFFDH68CA,上田段,15.13,非都市：特定農業區 ; 非都市編定：農牧用地
RPWNMLLLNHKFFDH68CA,上田段,2909.13,非都市：特定農業區 ; 非都市編定：丁種建築用地
RPWNMLLLNHKFFDH68CA,上田段,321.17,非都市：特定農業區 ; 非都市編定：丁種建築用地
RPWNMLLLNHKFFDH68CA,上田段,249.05,非都市：特定農業區 ; 非都市編定：丁種建築用地
RPWNMLLLNHKFFDH68CA,上田段,675.49,非都市：特定農業區 ; 非都市編定：丁種建築用地
RPWNMLLLNHKFFDH68CA,上田段,123.91,非都市：特定農業區 ; 非都市編定：丁種建築用地
RPWNMLLLNHKFFDH68CA,上田段,52.10,非都市：特定農業區 ; 非都市編定：丁種建築用地
RPWNMLLLNHKFFDH68CA,上田段,15.22,非都市：特定農業區 ; 非都市編定：農牧用地
RPWNMLLLNHKFFDH68CA,上田段,25.38,非都市：特定農業區 ; 非都市編定：農牧用地
RPWNMLLLNHKFFDH68CA,上田段,23.36,非都市：特定農業區 ; 非都市編定：農牧用地
RPWNMLLLNHKFFDH68CA,上田段,22.31,非都市：特定農業區 ; 非都市編定：農牧用地
RPWNMLLLNHKFFDH68CA,上田段,23.12,非都市：特定農業區 ; 非都市編定：農牧用地
RPWNMLLLNHKFFDH68CA,上田段,21.69,非都市：特定農業區 ; 非都市編定：農牧用地
RPWNMLLLNHKFFDH68CA,上田段,21.72,非都市：特定農業區 ; 非都市編定：農牧用地
RPWNMLLLNHKFFDH68CA,上田段,21.01,非都市：特定農業區 ; 非都市編定：農牧用地
RPWNMLLLNHKFFDH68CA,上田段,20.17,非都市：特定農業區 ; 非都市編定：農牧用地
RPWNMLLLNHKFFDH68CA,上田段,21.13,非都市：特定農業區 ; 非都市編定：農牧用地
RPWNMLLLNHKFFDH68CA,上田段,19.09,非都市：特定農業區 ; 非都市編定：農牧用地
RPWNMLLLNHKFFDH68CA,上田段,18.97,非都市：特定農業區 ; 非都市編定：農牧用地
RPWNMLLLNHKFFDH68CA,上田段,19.47,非都市：特定農業區 ; 非都市編定：農牧用地
RPWNMLLLNHKFFDH68CA,上田段,18.36,非都市：特定農業區 ; 非都市編定：農牧用地
RPWNMLLLNHKFFDH68CA,上田段,18.33,非都市：特定農業區 ; 非都市編定：農牧用地
RPWNMLLLNHKFFDH68CA,上田段,18.79,非都市：特定農業區 ; 非都市編定：農牧用地
RPUNMLLLNHKFFDH48CA,上田段,1634.99,非都市：特定農業區 ; 非都市編定：丁種建築用地
RPUNMLLLNHKFFDH48CA,上田段,3181.86,非都市：特定農業區 ; 非都市編定：丁種建築用地
RPUNMLLLNHKFFDH48CA,上田段,21.15,非都市：特定農業區 ; 非都市編定：農牧用地
RPUNMLLLNHKFFDH48CA,上田段,15.13,非都市：特定農業區 ; 非都市編定：農牧用地
RPUNMLLLNHKFFDH48CA,上田段,2909.13,非都市：特定農業區 ; 非都市編定：丁種建築用地
RPUNMLLLNHKFFDH48CA,上田段,321.17,非都市：特定農業區 ; 非都市編定：丁種建築用地
RPUNMLLLNHKFFDH48CA,上田段,249.05,非都市：特定農業區 ; 非都市編定：丁種建築用地
RPUNMLLLNHKFFDH48CA,上田段,675.49,非都市：特定農業區 ; 非都市編定：丁種建築用地
RPUNMLLLNHKFFDH48CA,上田段,123.91,非都市：特定農業區 ; 非都市編定：丁種建築用地
RPUNMLLLNHKFFDH48CA,上田段,52.10,非都市：特定農業區 ; 非都市編定：丁種建築用地
RPUNMLLLNHKFFDH48CA,上田段,15.22,非都市：特定農業區 ; 非都市編定：農牧用地
RPUNMLLLNHKFFDH48CA,上田段,25.38,非都市：特定農業區 ; 非都市編定：農牧用地
RPUNMLLLNHKFFDH48CA,上田段,23.36,非都市：特定農業區 ; 非都市編定：農牧用地
RPUNMLLLNHKFFDH48CA,上田段,22.31,非都市：特定農業區 ; 非都市編定：農牧用地
RPUNMLLLNHKFFDH48CA,上田段,23.12,非都市：特定農業區 ; 非都市編定：農牧用地
RPUNMLLLNHKFFDH48CA,上田段,21.69,非都市：特定農業區 ; 非都市編定：農牧用地
RPUNMLLLNHKFFDH48CA,上田段,21.72,非都市：特定農業區 ; 非都市編定：農牧用地
RPUNMLLLNHKFFDH48CA,上田段,21.01,非都市：特定農業區 ; 非都市編定：農牧用地
RPUNMLLLNHKFFDH48CA,上田段,20.17,非都市：特定農業區 ; 非都市編定：農牧用地
RPUNMLLLNHKFFDH48CA,上田段,21.13,非都市：特定農業區 ; 非都市編定：農牧用地
RPUNMLLLNHKFFDH48CA,上田段,19.09,非都市：特定農業區 ; 非都市編定：農牧用地
RPUNMLLLNHKFFDH48CA,上田段,18.97,非都市：特定農業區 ; 非都市編定：農牧用地
RPUNMLLLNHKFFDH48CA,上田段,19.47,非都市：特定農業區 ; 非都市編定：農牧用地
RPUNMLLLNHKFFDH48CA,上田段,18.36,非都市：特定農業區 ; 非都市編定：農牧用地
RPUNMLLLNHKFFDH48CA,上田段,18.33,非都市：特定農業區 ; 非都市編定：農牧用地
RPUNMLLLNHKFFDH48CA,上田段,18.79,非都市：特定農業區 ; 非都市編定：農牧用地
RPWQMLSJNHKFFFH07CA,竹園段,149.47,非都市：特定農業區 ; 非都市編定：甲種建築用地
RPPNMLLKOHKFFEH08CA,中園段,10.23,都市：住
RPTOMLPKNHKFFEH88CA,南崁廟口段山鼻子小段,130.91,都市：其他
RPTOMLPKNHKFFEH88CA,南崁廟口段山鼻子小段,199.94,都市：其他
RPQPMLKLNHKFFEH28CA,青峰段,41.29,都市：住
RPSOMLKLNHKFFEH38CA,南崁段,25.92,都市：住
RPRPMLKLNHKFFEH38CA,青峰段,30.73,都市：住
RPPPMLKLNHKFFEH18CA,青峰段,44.70,都市：住
RPVSMLPJNHKFFFH86CA,大庄段,26.78,非都市：鄉村區 ; 非都市編定：乙種建築用地
RPSOMLTLMHKFFAH88DA,大崗段,14.52,都市：其他
RPWOMLKMMHKFFAH48DA,中路段,6.69,都市：住
RPVNMLKMMHKFFAH28DA,龍安段,9.09,都市：住
RPROMLRLNHKFFFH09CA,瑞祥段,66.38,非都市：特定專用區 ; 非都市編定：特定目的事業用地
RPUOMLTLMHKFFAH09DA,大崗段,9.33,都市：其他
RPROMLTLNHKFFDH09CA,高洲段,14.93,都市：住
RPROMLTLNHKFFDH09CA,高洲段,104.44,都市：住
RPROMLTLNHKFFDH09CA,高洲段,2.29,都市：其他
RPROMLTLNHKFFDH09CA,高洲段,31.69,都市：其他
RPROMLTLNHKFFDH09CA,高洲段,20.93,都市：其他
RPROMLTLNHKFFDH09CA,高洲段,.93,都市：其他
RPROMLTLNHKFFDH09CA,高洲段,1.22,都市：其他
RPROMLTLNHKFFDH09CA,高洲段,.62,都市：農
RPROMLTLNHKFFDH09CA,高洲段,14.00,都市：農
SPUOMLLLNHKFFGH98CA,福林段,15.97,非都市：特定農業區 ; 非都市編定：甲種建築用地
RPUOMLLLNHKFFGH88CA,福林段,15.97,非都市：特定農業區 ; 非都市編定：甲種建築用地
RPTQMLSLNHKFFAH56DA,東門段,35.38,都市：住
RPOQMLKMMHKFFAH87DA,峨眉段,27.11,都市：住
RPROMLLLNHKFFGH58CA,福林段,16.14,非都市：特定農業區 ; 非都市編定：甲種建築用地
RPSOMLLLNHKFFGH68CA,福林段,16.31,非都市：特定農業區 ; 非都市編定：甲種建築用地
RPVOMLTLMHKFFGH07CA,廣南段,7.09,都市：住
RPXNMLTLMHKFFGH17CA,湧光段,65.91,都市：住
RPXNMLTLMHKFFGH17CA,湧光段,20.73,都市：其他
RPUNMLRLNHKFFEH56CA,南新段,4.24,都市：住
RPUNMLTLMHKFFGH86CA,新榮段,11.84,都市：住
RPVNMLSJNHKFFGH76CA,南華段,102.96,非都市：鄉村區 ; 非都市編定：乙種建築用地
RPUNMLSJNHKFFGH66CA,南華段,104.07,非都市：鄉村區 ; 非都市編定：乙種建築用地
RPWNMLSJNHKFFGH86CA,南華段,104.07,非都市：鄉村區 ; 非都市編定：乙種建築用地
RPXNMLPKNHKFFDH66EA,豐野段,61.00,都市：其他
RPORMLSLMHKFFBH88EA,普義段,.43,都市：工
RPOOMLPKNHKFFDH48EA,豐野段,61.00,都市：其他
RPVPMLQJNHKFFGH76CA,平鎮段,17.59,都市：商
RPWPMLSJNHKFFBH76EA,雙嶺段,23.25,都市：商
RPOPMLPJNHKFFAH08DA,興華段,90.00,都市：住
RPXPMLSJNHKFFBH86EA,雙嶺段,23.12,都市：商
RPOQMLSJNHKFFBH68EA,雙嶺段,13.26,都市：商
RPOOMLRJNHKFFGH68CA,廣豐段,14.47,都市：住
RPPQMLSJNHKFFBH78EA,雙嶺段,15.15,都市：商
RPXNMLOJNHKFFGH56CA,廣德段,74.19,都市：其他
RPSNMLMLNHKFFFH58CA,福國段,87.66,都市：住
RPTNMLKMMHKFFEH48DA,六福段,18.24,都市：住
RPTNMLKMMHKFFEH48DA,六福段,.89,都市：住
RPVNMLSJNHKFFEH66DA,河底段,30.11,都市：住
RPVNMLPKNHKFFEH09DA,中興段,86.63,非都市：特定農業區 ; 非都市編定：甲種建築用地
RPWOMLQLNHKFFGH17EA,廣北段,2.00,都市：其他
RPTNMLTLMHKFFGH96EA,廣南段,15.06,都市：住
RPTNMLPKNHKFFEH88DA,中興段,120.12,非都市：特定農業區 ; 非都市編定：甲種建築用地
RPOOMLPKNHKFFEH48DA,中興段,119.45,非都市：特定農業區 ; 非都市編定：甲種建築用地
RPXNMLPJNHKFFGH76DA,廣東段,9.57,都市：住
RPXPMLTLMHKFFAH96EA,中興段,51.75,都市：住
RPXPMLTLMHKFFAH96EA,中興段,.56,都市：住
RPXPMLTLMHKFFAH96EA,中興段,.16,都市：住
RPPNMLLLNHKFFEH18DA,大牛稠段倒厝子小段,61.94,非都市：特定農業區 ; 非都市編定：農牧用地
RPPNMLLLNHKFFEH18DA,大牛稠段大牛稠小段,27.47,非都市：特定農業區 ; 非都市編定：農牧用地
RPPNMLLLNHKFFEH18DA,大牛稠段大牛稠小段,78.78,非都市：特定農業區 ; 非都市編定：農牧用地
RPSQMLMLNHKFFAH38CA,春日段,29.42,都市：住
RPTOMLLJNHKFFBH18DA,遠東段,18.75,都市：住
RPRQMLSJNHKFFFH66DA,大和段,14.80,都市：住
RPSOMLLKNHKFFEH48DA,中興段,86.63,非都市：特定農業區 ; 非都市編定：甲種建築用地
RPOQMLLKNHKFFAH77CA,埔子段埔子小段,20.78,都市：住
RPWOMLSLMHKFFGH17DA,正義段,52.81,非都市：鄉村區 ; 非都市編定：乙種建築用地
RPSOMLOKNHKFFAH28CA,龍安段,10.07,都市：住
RPPRMLLLNHKFFAH08CA,和平段,9.43,都市：住
RPPPMLNLKHMFFAH18EA,三聖段,399.00,都市：其他
RPPPMLNLKHMFFAH18EA,三聖段,2968.85,都市：其他
RPPPMLNLKHMFFAH18EA,三聖段,358.17,都市：其他
RPXPMLTLNHKFFAH86CA,樂善段,37.17,都市：住
RPRSMLSJNHKFFAH88CA,中平段,10.13,都市：其他
RPPSMLSJNHKFFAH68CA,中平段,61.88,都市：其他
RPXRMLSJNHKFFAH76CA,延壽段,12.87,都市：商
RPPOMLQJNHKFFAH08CA,新埔段,12.08,都市：住
RPPNMLMKNHKFFAH67CA,大同段,11.23,都市：住
RPTOMLQJNHKFFAH48CA,富國段,17.40,都市：住
RPROMLMKNHKFFAH97CA,小檜溪段,30.60,都市：住
SPPNMLMKNHKFFAH77CA,大同段,11.23,都市：住
RPPPMLOJOHKFFAH08CA,新埔段,11.86,都市：住
RPRPMLOJOHKFFAH28CA,新埔段,11.86,都市：住
RPTQMLSLMHKFFAH98CA,中路段,21.00,都市：其他
RPPQMLSLMHKFFAH58CA,中平段,7.53,都市：其他
RPPQMLSLMHKFFAH58CA,中平段,31.62,都市：其他
RPSQMLSLMHKFFAH88CA,法政段,24.50,都市：住
RPTNMLRJNHKFFAH48CA,大有段,12.36,都市：住
RPQNMLSJNHKFFAH28CA,國強段,4.34,都市：住
RPQSMLQJNHKFFAH58CA,國聖段,6.47,都市：其他
RPUOMLKMMHKFFAH18CA,陸光段,24.36,都市：住
RPSPMLRJNHKFFAH58CA,大有段,5.14,都市：住
RPSPMLRJNHKFFAH58CA,大有段,7.15,都市：住
RPPQMLKMMHKFFAH87CA,埔子段埔子小段,28.04,都市：住
RPWNMLKMMHKFFAH28CA,大有段,12.55,都市：住
RPOOMLKMMHKFFAH57CA,大興段,10.19,都市：住
RPUOMLLJNHKFFAH08CA,新埔段,27.93,都市：住
RPVPMLTLMHKFFAH56CA,大樹林段,41.50,都市：住
RPUPMLTLMHKFFAH09CA,龍華段,30.59,都市：住
RPUQMLTLMHKFFAH56CA,中山段,11.23,都市：住
RPTOMLPJNHKFFAH38CA,埔子段北門埔子小段,33.39,都市：商
RPUOMLPJNHKFFAH48CA,興華段,19.50,都市：商
RPVOMLLJNHKFFAH18CA,壽山段,38.25,都市：住
RPXNMLPJNHKFFAH68CA,介壽段,88.70,都市：工
RPXNMLPJNHKFFAH68CA,介壽段,13.79,都市：工
RPXNMLPJNHKFFAH68CA,介壽段,5.36,都市：工
RPPNMLNJNHKFFCH87CA,三洽水段,275.00,非都市：山坡地保育區 ; 非都市編定：窯業用地
RPPNMLNJNHKFFCH87CA,三洽水段,41.22,非都市：山坡地保育區 ; 非都市編定：窯業用地
RPPNMLNJNHKFFCH87CA,三洽水段,19.40,非都市：山坡地保育區 ; 非都市編定：窯業用地
RPPNMLNJNHKFFCH87CA,三洽水段,.75,非都市：山坡地保育區 ; 非都市編定：窯業用地
RPQNMLTLMHKFFCH68CA,銅鑼圈段,125.44,非都市：山坡地保育區 ; 非都市編定：丁種建築用地
RPQNMLTLMHKFFCH68CA,銅鑼圈段,1531.00,非都市：山坡地保育區 ; 非都市編定：丁種建築用地
RPQNMLTLMHKFFCH68CA,銅鑼圈段,31.30,非都市：山坡地保育區 ; 非都市編定：丁種建築用地
RPQNMLTLMHKFFCH68CA,銅鑼圈段,24.50,非都市：山坡地保育區 ; 非都市編定：丁種建築用地
RPQNMLTLMHKFFCH68CA,銅鑼圈段,2.30,非都市：山坡地保育區 ; 非都市編定：丁種建築用地
RPQNMLTLMHKFFCH68CA,銅鑼圈段,.53,非都市：山坡地保育區 ; 非都市編定：丁種建築用地
RPQNMLTLMHKFFCH68CA,銅鑼圈段,.65,非都市：山坡地保育區 ; 非都市編定：丁種建築用地
RPQNMLTLMHKFFCH68CA,銅鑼圈段,1.05,非都市：山坡地保育區 ; 非都市編定：丁種建築用地
RPQNMLTLMHKFFCH68CA,銅鑼圈段,.36,非都市：山坡地保育區 ; 非都市編定：丁種建築用地
RPQNMLTLMHKFFCH68CA,銅鑼圈段,2.68,非都市：山坡地保育區 ; 非都市編定：丁種建築用地
RPOOMLTLMHKFFCH58CA,龍祥段,83.72,非都市：鄉村區 ; 非都市編定：乙種建築用地
RPXNMLTLMHKFFCH76CA,龍祥段,83.72,非都市：鄉村區 ; 非都市編定：乙種建築用地
RPTOMLTLMHKFFCH09CA,仁善段,1.70,都市：住
RPTOMLTLMHKFFCH09CA,仁善段,19.53,都市：住
RPTOMLTLMHKFFCH09CA,仁善段,74.33,都市：住
RPRQMLTLMHKFFCH09CA,三洽水段,312.16,非都市：山坡地保育區 ; 非都市編定：農牧用地
RPPNMLPJNHKFFAH87CA,中埔段,26.81,都市：住
RPQQMLTLMHKFFCH98CA,石門段,104.73,都市：住
RPRQMLPJNHKFFCH58CA,龍興段,27.62,都市：其他
RPRQMLPJNHKFFCH58CA,龍興段,13.56,都市：其他
RPVNMLPJNHKFFCH68CA,仁武段,48.41,都市：住
RPVNMLPJNHKFFCH68CA,埔頂段,.52,都市：其他
RPVNMLPJNHKFFCH68CA,埔頂段,.11,都市：其他
RPVNMLPJNHKFFCH68CA,埔頂段,.31,都市：其他
RPVNMLPJNHKFFCH68CA,埔頂段,.12,都市：其他
RPWNMLPJNHKFFCH78CA,仁武段,64.24,都市：住
RPWNMLPJNHKFFCH78CA,埔頂段,.69,都市：其他
RPWNMLPJNHKFFCH78CA,埔頂段,.15,都市：其他
RPWNMLPJNHKFFCH78CA,埔頂段,.41,都市：其他
RPWNMLPJNHKFFCH78CA,埔頂段,.16,都市：其他
RPRNMLTLMHKFFDH88CA,中興段,3.15,都市：住
RPWNMLMJNHKFFAH28CA,慈文段,29.69,都市：住
RPWNMLMJNHKFFAH28CA,慈文段,.40,都市：住
RPUPMLKMMHKFFCH48CA,番子寮段,141.05,非都市：一般農業區 ; 非都市編定：農牧用地
RPOQMLKMMHKFFCH97CA,烏林段,77.86,非都市：鄉村區 ; 非都市編定：乙種建築用地
RPTNMLKMMHKFFDH28CA,草湳坡段草湳坡小段,19.79,都市：住
RPTNMLKMMHKFFDH28CA,幼獅段,2.69,都市：住
RPSNMLPJNHKFFDH48CA,幼獅段,84.69,都市：住
RPQOMLQJNHKFFDH48CA,幼獅段,20.17,都市：住
RPPNMLMJNHKFFDH87CA,東寧段,.27,非都市：山坡地保育區 ; 非都市編定：農牧用地
RPPNMLMJNHKFFDH87CA,東寧段,2.06,非都市：山坡地保育區 ; 非都市編定：農牧用地
RPPNMLMJNHKFFDH87CA,東寧段,3.16,非都市：山坡地保育區 ; 非都市編定：農牧用地
RPPNMLMJNHKFFDH87CA,東寧段,.89,非都市：山坡地保育區 ; 非都市編定：農牧用地
RPPNMLMJNHKFFDH87CA,東寧段,.61,非都市：山坡地保育區 ; 非都市編定：農牧用地
RPPNMLMJNHKFFDH87CA,東寧段,.60,非都市：山坡地保育區 ; 非都市編定：丙種建築用地
RPPNMLMJNHKFFDH87CA,東寧段,.29,非都市：山坡地保育區 ; 非都市編定：丙種建築用地
RPPNMLMJNHKFFDH87CA,東寧段,.03,非都市：山坡地保育區 ; 非都市編定：農牧用地
RPUPMLSLMHKFFDH66CA,大金山下段大金山下小段,23.58,都市：住
RPUPMLSJNHKFFCH09CA,烏樹林段,22.56,非都市：鄉村區 ; 非都市編定：乙種建築用地
RPWNMLSJNHKFFDH56CA,新富段,1741.25,非都市：特定農業區 ; 非都市編定：農牧用地
RPWNMLSJNHKFFDH56CA,新富段,542.04,非都市：特定農業區 ; 非都市編定：農牧用地
RPWNMLSJNHKFFDH56CA,新富段,747.63,非都市：特定農業區 ; 非都市編定：水利用地
RPWNMLSJNHKFFDH56CA,新富段,100.76,非都市：特定農業區 ; 非都市編定：水利用地
RPWNMLSJNHKFFDH56CA,新富段,790.81,非都市：特定農業區 ; 非都市編定：水利用地
RPOOMLLJNHKFFDH77CA,富九段,63.94,非都市：特定農業區 ; 非都市編定：甲種建築用地
RPOOMLLJNHKFFDH77CA,富九段,63.94,非都市：特定農業區 ; 非都市編定：甲種建築用地
RPWOMLSKNHKFFBH56CA,中北段,6.33,都市：住
RPVQMLMLNHKFFBH78CA,大華段,29.25,都市：住
RPOOMLOKNHKFFDH18CA,草湳坡段埔心小段,3.71,都市：住
RPOOMLOKNHKFFDH18CA,草湳坡段埔心小段,96.65,都市：住
RPUNMLKMMHKFFBH18CA,中工段,116.00,非都市：工業區 ; 非都市編定：丁種建築用地
RPUSMLTLMHKFFBH86CA,遠東段,7.04,都市：住
RPTOMLPKNHKFFBH58CA,茄苳坑段對面厝小段,91.00,非都市：特定農業區 ; 非都市編定：甲種建築用地
RPVNMLPLNHKFFCH88CA,九座寮段,2444.00,非都市：一般農業區 ; 非都市編定：農牧用地
RPVNMLPLNHKFFCH88CA,九座寮段,461.00,非都市：一般農業區 ; 非都市編定：甲種建築用地
RPVNMLPLNHKFFCH88CA,九座寮段,373.00,非都市：一般農業區 ; 非都市編定：農牧用地
RPPNMLMJOHKFFCH87CA,石門段,18.24,都市：住
RPWPMLTLMHKFFBH76CA,自立段,25.65,都市：住
RPTNMLTLMHKFFBH88CA,復興段,10.71,都市：住
RPUPMLTLMHKFFBH56CA,自立段,11.86,都市：住
RPVPMLTLMHKFFBH66CA,自立段,18.98,都市：住
RPXNMLKMMHKFFBH48CA,後興段,7.46,都市：住
RPTQMLTLMHKFFBH56CA,三座屋段舊社小段,9.99,都市：農
RPPPMLTLMHKFFBH68CA,自立段,25.80,都市：住
RPQPMLTLMHKFFBH78CA,自立段,31.78,都市：住
RPOQMLRJNHKFFBH38CA,青溪段,52.71,都市：住
RPTNMLRJNHKFFBH58CA,環東段,14.24,都市：其他
RPWPMLQJNHKFFBH98CA,後興段,496.00,都市：農
RPPQMLQJNHKFFBH38CA,後興段,3.49,都市：農
RPPQMLQJNHKFFBH38CA,後興段,774.28,都市：農
RPRNMLRJNHKFFBH38CA,環東段,12.20,都市：住
RPXPMLPKNHKFFBH09CA,三座屋段三座屋小段,12.46,都市：住
RPXPMLPKNHKFFBH09CA,三座屋段舊社小段,8.33,都市：住
RPWOMLMLNHKFFCH78CA,田心子段下田心子小段,14.90,都市：住
RPWOMLMLNHKFFCH78CA,田心子段下田心子小段,59.00,都市：住
RPXOMLPKNHKFFBH98CA,遠東段,21.43,都市：住
RPRQMLQJNHKFFBH58CA,上大段,26.00,非都市：特定農業區 ; 非都市編定：甲種建築用地
RPRQMLQJNHKFFBH58CA,上大段,107.00,非都市：特定農業區 ; 非都市編定：甲種建築用地
RPRQMLQJNHKFFBH58CA,上大段,1141.00,非都市：特定農業區 ; 非都市編定：甲種建築用地
RPVRMLQJNHKFFBH09CA,忠福段,22.57,都市：住
RPXOMLLKNHKFFBH58CA,仁美段,9.67,都市：住
RPVOMLOJNHKFFBH58CA,石頭段,16.79,都市：其他
RPTOMLSJNHKFFBH78CA,中壢埔頂段,2.42,都市：其他
RPTOMLSJNHKFFBH78CA,忠義段,.07,都市：工
RPTOMLSJNHKFFBH78CA,忠義段,.38,都市：工
RPTOMLSJNHKFFBH78CA,忠義段,1.00,都市：工
RPTOMLSJNHKFFBH78CA,普義段,.27,都市：工
RPTOMLSJNHKFFBH78CA,普義段,2.12,都市：工
RPTOMLSJNHKFFBH78CA,普義段,.54,都市：工
RPTOMLSJNHKFFBH78CA,普義段,.38,都市：工
RPTOMLSJNHKFFBH78CA,普義段,.76,都市：工
RPTOMLSJNHKFFBH78CA,普義段,.08,都市：工
RPTOMLSJNHKFFBH78CA,普義段,.01,都市：工
RPTOMLSJNHKFFBH78CA,普義段,.23,都市：工
RPTOMLSJNHKFFBH78CA,普義段,.40,都市：工
RPTOMLSJNHKFFBH78CA,普義段,.02,都市：工
RPTOMLSJNHKFFBH78CA,普義段,7.40,都市：其他
RPTOMLSJNHKFFBH78CA,普義段,.60,都市：工
RPTOMLSJNHKFFBH78CA,普義段,.35,都市：工
RPTOMLSJNHKFFBH78CA,普義段,.42,都市：其他
RPTOMLSJNHKFFBH78CA,普義段,.82,都市：工
RPTOMLSJNHKFFBH78CA,普義段,.04,都市：住
RPTOMLSJNHKFFBH78CA,普義段,.03,都市：住
RPTOMLSJNHKFFBH78CA,普義段,.00,都市：住
RPTOMLSJNHKFFBH78CA,普義段,.41,都市：住
RPTOMLSJNHKFFBH78CA,普義段,1.09,都市：住
RPTOMLSJNHKFFBH78CA,普義段,.27,都市：住
RPTOMLSJNHKFFBH78CA,中原段,4.40,都市：其他
RPTOMLSJNHKFFBH78CA,中原段,.09,都市：住
RPTOMLSJNHKFFBH78CA,中原段,.25,都市：其他
RPTOMLSJNHKFFBH78CA,中原段,.05,都市：住
RPTOMLSJNHKFFBH78CA,中原段,.08,都市：其他
RPTOMLSJNHKFFBH78CA,中北段,.05,都市：其他
RPTOMLSJNHKFFBH78CA,中北段,2.25,都市：住
RPTOMLSJNHKFFBH78CA,中北段,.01,都市：住
RPTOMLSJNHKFFBH78CA,中北段,.00,都市：住
RPTOMLSJNHKFFBH78CA,中北段,.06,都市：其他
RPTOMLSJNHKFFBH78CA,中北段,.00,都市：住
RPTOMLSJNHKFFBH78CA,中北段,2.66,都市：其他
RPTOMLSJNHKFFBH78CA,中北段,.94,都市：其他
RPTOMLSJNHKFFBH78CA,中北段,.01,都市：住
RPTOMLSJNHKFFBH78CA,普仁段,1.39,都市：農
RPTOMLSJNHKFFBH78CA,普仁段,.24,都市：其他
RPTOMLSJNHKFFBH78CA,普仁段,.06,都市：其他
RPTOMLSJNHKFFBH78CA,普仁段,2.44,都市：住
RPTOMLSJNHKFFBH78CA,普仁段,.38,都市：其他
RPOPMLOJNHKFFBH97CA,草新段,78.00,都市：住
RPQPMLOJNHKFFBH18CA,復興段,1148.16,都市：其他
RPWOMLOJNHKFFBH68CA,大同段,168.73,都市：住
RPTNMLPJNHKFFBH38CA,雙嶺段,6.63,都市：其他
RPUNMLMKNHKFFBH28CA,中壢埔頂段,4.54,都市：住
RPOOMLKMMHKFFBH67CA,中壢埔頂段,18.67,都市：住
RPUOMLPJNHKFFBH58CA,甘泉段,5325.21,都市：農
RPXPMLOJNHKFFBH88CA,三座屋段三座屋小段,1.53,都市：住
RPXPMLOJNHKFFBH88CA,三座屋段舊社小段,7.12,都市：住
RPQPMLPJNHKFFBH28CA,興南段中壢老小段,6.96,都市：商
RPOPMLLKNHKFFBH77CA,中壢埔頂段,91.00,都市：住
RPTSMLTLMHKFFBH76CA,復興段,17.46,都市：住
RPTSMLTLMHKFFBH76CA,復興段,23.38,都市：住
RPSRMLTLMHKFFBH56CA,普義段,18.27,都市：住
RPWQMLMLNHKFFBH88CA,後寮段,16.83,都市：住
RPRRMLMLNHKFFBH48CA,榮民段,18.70,都市：住
RPRRMLMLNHKFFBH48CA,榮民段,1.07,都市：住
RPQPMLSKNHKFFBH68CA,興南段中壢老小段,6.00,都市：住
RPVOMLPLNHKFFBH88CA,興南段興南小段,18.62,都市：住
RPQNMLOJNHKFFBH97CA,石頭段,12.71,都市：住
RPQPMLLLNHKFFBH08CA,中寮段,30.26,都市：住
RPXNMLLJNHKFFBH38CA,三座屋段三座屋小段,1.53,都市：住
RPXNMLLJNHKFFBH38CA,三座屋段舊社小段,7.12,都市：住
RPVNMLLJNHKFFBH18CA,興南段興南小段,32.94,都市：住
RPVOMLKMMHKFFBH38CA,培英段,24.51,都市：住
RPTSMLTKNHKFFBH76CA,廣興段,2469.62,都市：工
RPVNMLPJNHKFFDH78CA,草湳坡段埔心小段,212.91,都市：住
RPVNMLPJNHKFFDH78CA,草湳坡段埔心小段,11.05,都市：住
RPVNMLPJNHKFFDH78CA,草湳坡段埔心小段,4.44,都市：其他
RPTPMLOKNHKFFBH58CA,普義段,13.15,都市：住
RPUPMLOKNHKFFBH68CA,環東段,11.17,都市：住
RPOPMLKLNHKFFBH77CA,中寮段,10.41,都市：住
RPPPMLKLNHKFFBH87CA,忠福段,26.25,都市：住
RPQNMLLKNHKFFDH97CA,蚵殼港段深圳小段,51.08,非都市：一般農業區 ; 非都市編定：甲種建築用地
RPQNMLLKNHKFFDH97CA,蚵殼港段深圳小段,280.00,非都市：一般農業區 ; 非都市編定：甲種建築用地
RPQNMLLKNHKFFDH97CA,蚵殼港段深圳小段,337.20,非都市：一般農業區 ; 非都市編定：甲種建築用地
RPQPMLKLNHKFFBH97CA,中寮段,24.73,都市：住
RPPQMLMJOHKFFBH08CA,保障段,1267.03,非都市：一般農業區 ; 非都市編定：農牧用地
RPPQMLMJOHKFFBH08CA,保障段,1060.05,非都市：一般農業區 ; 非都市編定：農牧用地
RPQOMLKMMHKFFDH08CA,甡甡段,472.24,都市：農
RPVNMLOKNHKFFDH78CA,頭重溪段,23.31,都市：住
RPVQMLMJOHKFFBH68CA,內壢段,75.50,非都市：特定農業區 ; 非都市編定：水利用地
RPVQMLMJOHKFFBH68CA,內壢段,75.50,非都市：特定農業區 ; 非都市編定：水利用地
RPUOMLKMMHKFFDH48CA,崁頭厝段下庄子小段,118.00,非都市：鄉村區 ; 非都市編定：乙種建築用地
RPPNMLKMNHKFFBH77CA,東寮段,.74,都市：住
RPPNMLKMNHKFFBH77CA,東寮段,58.00,都市：住
RPPNMLKMNHKFFBH77CA,東寮段,17.25,都市：住
RPVOMLKMMHKFFDH58CA,草湳坡段埔心小段,47.00,都市：住
RPTOMLTLMHKFFDH56CA,中興段,2.85,都市：住
RPUOMLTLMHKFFDH66CA,中興段,3.09,都市：住
RPQNMLLJNHKFFDH87CA,二重溪段,74.00,非都市：山坡地保育區 ; 非都市編定：丙種建築用地
RPROMLLJNHKFFDH08CA,上湖段,82.82,非都市：特定農業區 ; 非都市編定：甲種建築用地
RPRNMLOLNHKFFBH28CA,中寮段,10.49,都市：住
RPPNMLLJNHKFFDH77CA,大金山下段大金山下小段,89.11,都市：住
RPRNMLOJNHKFFDH28CA,中正段,93.55,都市：住
RPRNMLOJNHKFFDH28CA,中正段,.44,都市：住
RPVPMLSJNHKFFCH56CA,烏樹林段,20.12,非都市：鄉村區 ; 非都市編定：乙種建築用地
RPUOMLSJNHKFFCH98CA,仁愛段,1593.05,非都市：特定農業區 ; 非都市編定：農牧用地
RPVOMLSJNHKFFCH09CA,仁愛段,1593.05,非都市：特定農業區 ; 非都市編定：農牧用地
RPQPMLPJNHKFFAH18CA,幸褔段,20.50,非都市：山坡地保育區 ; 非都市編定：特定目的事業用地
RPQNMLQKNHKFFCH38CA,八張犁段,129.50,非都市：山坡地保育區 ; 非都市編定：農牧用地
RPPNMLLJNHKFFCH67CA,干城段,53.67,非都市：鄉村區 ; 非都市編定：乙種建築用地
RPOPMLTLMHKFFCH68CA,田心子段上田心子小段,15.44,都市：住
RPPQMLTLMHKFFCH88CA,仁義段,60.92,都市：住
RPRPMLPJNHKFFAH28CA,幸褔段,20.50,非都市：山坡地保育區 ; 非都市編定：特定目的事業用地
RPWNMLOKNHKFFCH78CA,大湖段,88.00,非都市：一般農業區 ; 非都市編定：甲種建築用地
RPSNMLLJNHKFFAH77CA,介壽段,255.92,都市：農
RPRNMLQKNHKFFCH48CA,新溪洲段,2550.00,非都市：風景區 ; 非都市編定：農牧用地
RPRNMLQKNHKFFCH48CA,新溪洲段,237.99,非都市：風景區 ; 非都市編定：農牧用地
RPPNMLQKNHKFFCH28CA,南龍段,102.24,都市：住
RPPNMLOJNHKFFAH77CA,興華段,42.49,都市：住
RPTOMLLJNHKFFAH97CA,慈文段,14.69,都市：住
RPXNMLKMMHKFFCH58CA,員林段,86.00,非都市：鄉村區 ; 非都市編定：乙種建築用地
RPXNMLKMMHKFFCH58CA,員林段,11.00,非都市：鄉村區 ; 非都市編定：乙種建築用地
RPSNMLQKNHKFFCH58CA,八張犁段,77.00,非都市：鄉村區 ; 非都市編定：乙種建築用地
RPWOMLLJNHKFFAH28CA,東嶺段,26.53,非都市：鄉村區 ; 非都市編定：乙種建築用地
RPWNMLOJNHKFFAH48CA,埔子段埔子小段,16.76,都市：住
RPQNMLOJNHKFFAH87CA,興華段,69.28,都市：住
RPTPMLKMMHKFFAH18CA,小檜溪段,27.00,都市：住
RPQOMLKMMHKFFAH77CA,新埔段,2.27,都市：住
RPQOMLKMMHKFFAH77CA,新埔段,40.00,都市：住
RPQQMLKMMHKFFAH97CA,中埔段,496.00,都市：農
RPTQMLTLMHKFFAH09CA,新埔段,21.89,都市：住
RPUNMLKMMHKFFAH08CA,寶山段,24.99,都市：住
RPVQMLSJNHKFFAH09CA,中山段,27.46,都市：住
RPXQMLSJNHKFFAH66CA,中山段,20.47,都市：住
RPORMLSJNHKFFAH48CA,中山段,27.71,都市：住
RPPRMLSJNHKFFAH58CA,國聖段,18.93,都市：住
RPOSMLQJNHKFFAH38CA,富國段,25.49,都市：住
RPTPMLRJNHKFFAH68CA,寶山段,20.60,都市：住
RPRRMLSJNHKFFAH78CA,中山段,27.71,都市：住
RPUNMLQJNHKFFAH48CA,江南段,17.33,都市：住
RPSRMLSJNHKFFAH88CA,中埔段,85.57,都市：住
RPORMLPJNHKFFAH18CA,富國段,31.18,都市：住
RPWQMLQJNHKFFAH98CA,法政段,23.43,都市：住
RPTQMLQJNHKFFAH68CA,八角段,49.35,都市：農
RPTQMLQJNHKFFAH68CA,八角段,19.78,都市：農
RPPPMLRJNHKFFAH28CA,和平段,62.39,都市：住
RPTSMLSJNHKFFAH09CA,中山段,27.71,都市：住
RPVSMLSJNHKFFAH66CA,中山段,27.71,都市：住
RPXSMLSJNHKFFAH86CA,中山段,20.47,都市：住
RPQTMLSJNHKFFAH88CA,中山段,20.47,都市：住
RPTTMLSJNHKFFAH56CA,中山段,20.47,都市：住
RPPTMLSJNHKFFAH78CA,中山段,20.47,都市：住
RPRTMLSJNHKFFAH98CA,中山段,20.47,都市：住
RPWSMLSJNHKFFAH76CA,中山段,27.46,都市：住
RPOSMLSJNHKFFAH58CA,中山段,27.46,都市：住
RPSTMLSJNHKFFAH09CA,中山段,20.47,都市：住
RPQSMLSJNHKFFAH78CA,中山段,27.46,都市：住
RPUTMLSJNHKFFAH66CA,中山段,20.47,都市：住
RPTUMLSJNHKFFAH66CA,龍華段,31.67,都市：住
RPURMLSJNHKFFAH09CA,中山段,27.71,都市：住
RPWRMLSJNHKFFAH66CA,中山段,27.71,都市：住
RPTPMLOKNHKFFAH48CA,舊路坑段舊路坑小段,393.77,都市：其他
RPRNMLTJNHKFFAH48CA,興華段,14.90,都市：商
RPSOMLPKNHKFFAH38CA,忠義段,.20,都市：住
RPSOMLPKNHKFFAH38CA,忠義段,11.00,都市：其他
RPSOMLPKNHKFFAH38CA,忠義段,19.43,都市：其他
RPSOMLPKNHKFFAH38CA,忠義段,37.08,都市：其他
RPSOMLPKNHKFFAH38CA,忠義段,91.28,都市：住
RPSOMLPKNHKFFAH38CA,忠義段,81.48,都市：住
RPQNMLKKNHKFFAH57CA,桃鶯段,16.50,都市：住
RPRNMLMKNHKFFAH87CA,中山段,20.47,都市：住
RPSNMLLKNHKFFAH87CA,國聖段,32.22,都市：其他
RPSNMLLKNHKFFAH87CA,國聖段,33.70,都市：其他
RPPNMLLKNHKFFAH57CA,龍祥段,28.83,都市：其他
RPRNMLLKNHKFFAH77CA,龍鳳段,63.17,都市：其他
RPRNMLLKNHKFFAH77CA,龍鳳段,22.57,都市：其他
RPVNMLLKNHKFFAH18CA,皮寮段,7.50,都市：其他
RPVNMLLKNHKFFAH18CA,皮寮段,107.00,都市：其他
RPVNMLLKNHKFFAH18CA,皮寮段,26.00,都市：其他
RPVNMLLKNHKFFAH18CA,皮寮段,24.47,都市：其他
RPTNMLLKNHKFFAH97CA,中正段,27.93,都市：其他
RPUNMLLKNHKFFAH08CA,國聖段,.93,都市：其他
RPUNMLLKNHKFFAH08CA,桃圳段,25.54,都市：其他
RPUNMLLKNHKFFAH08CA,桃圳段,21.16,都市：其他
RPUNMLLKNHKFFAH08CA,桃圳段,20.00,都市：其他
RPQNMLLKNHKFFAH67CA,國聖段,3.76,都市：其他
RPRNMLNKNHKFFAH97CA,下湖段,58.31,都市：其他
RPRNMLNKNHKFFAH97CA,下湖段,76.21,都市：其他
RPRNMLNKNHKFFAH97CA,下湖段,121.21,都市：其他
RPRNMLNKNHKFFAH97CA,下湖段,92.72,都市：其他
RPSPMLLKNHKFFAH08CA,寶山段,17.85,都市：住
RPSNMLMKNHKFFAH97CA,中山段,27.46,都市：住
RPSPMLSKNHKFFAH78CA,延壽段,26.01,都市：住
RPQOMLMKNHKFFAH87CA,慈文段,34.69,都市：住
RPRPMLMKNHKFFAH08CA,國強段,21.63,都市：住
RPTQMLSJNHKFFFH86DA,高明段,14.51,都市：商
RPSNMLRLNHKFFAH58CA,埔子段埔子小段,.23,都市：住
RPSNMLRLNHKFFAH58CA,埔子段埔子小段,.02,都市：住
RPSNMLRLNHKFFAH58CA,埔子段埔子小段,14.84,都市：住
RPSNMLRLNHKFFAH58CA,埔子段埔子小段,.23,都市：住
RPSNMLRLNHKFFAH58CA,埔子段埔子小段,1.26,都市：住
RPSNMLRLNHKFFAH58CA,埔子段埔子小段,2.82,都市：住
RPUNMLTLMHKFFFH86DA,大明段,7.62,非都市：特定農業區 ; 非都市編定：甲種建築用地
RPUNMLTLMHKFFFH86DA,大明段,14.18,非都市：鄉村區 ; 非都市編定：乙種建築用地
RPUNMLRLNHKFFAH78CA,埔子段埔子小段,.23,都市：住
RPUNMLRLNHKFFAH78CA,埔子段埔子小段,.02,都市：住
RPUNMLRLNHKFFAH78CA,埔子段埔子小段,14.84,都市：住
RPUNMLRLNHKFFAH78CA,埔子段埔子小段,.23,都市：住
RPUNMLRLNHKFFAH78CA,埔子段埔子小段,1.26,都市：住
RPUNMLRLNHKFFAH78CA,埔子段埔子小段,2.82,都市：住
RPQNMLNJNHKFFBH97DA,環東段,66.00,都市：住
RPWNMLLKNHKFFFH88DA,大和段,14.57,都市：住
RPPPMLTKNHKFFAH58CA,興華段,24.30,都市：其他
RPPPMLTKNHKFFAH58CA,興華段,46.20,都市：其他
RPPPMLTKNHKFFAH58CA,興華段,64.90,都市：其他
RPPRMLQLNHKFFAH78EA,中山段,11.72,都市：住
RPVPMLOJNHKFFBH78DA,三座屋段舊社小段,25.90,都市：住
RPWPMLOJNHKFFBH88DA,興南段興南小段,11.65,都市：商
RPOSMLTKNHKFFAH78CA,大樹林段,8.64,都市：住
RPXPMLKMMHKFFFH56DA,力行段,15.70,都市：住
RPROMLLJNHKFFBH97DA,榮民段,77.62,都市：住
RPWSMLTLMHKFFBH17DA,遠東段,43.10,都市：住
RPSPMLPLNHKFFAH58CA,西門段,.28,都市：住
RPSPMLPLNHKFFAH58CA,西門段,19.83,都市：住
RPXOMLTLMHKFFBH86DA,遠東段,6.56,都市：住
RPORMLTLMHKFFBH88DA,自立段,31.55,都市：住
RPQNMLKMMHKFFDH08DA,頭重溪段,83.96,都市：住
RPUNMLSJNHKFFEH56DA,羊稠段,15.26,都市：商
RPTNMLLKNHKFFEH48DA,五福段,22.25,都市：住
RPTNMLLKNHKFFEH48DA,五福段,.02,都市：其他
RPXOMLPJNHKFFBH98DA,復興段,32.75,都市：住
RPQNMLRLNHKFFBH68EA,中壢埔頂段,27.83,都市：住
RPQNMLKMMHKFFGH48EA,廣仁段,26.08,都市：工
RPQOMLTLMHKFFGH56CA,金獅段,12.01,非都市：鄉村區 ; 非都市編定：乙種建築用地
RPTRMLRJNHKFFBH09DA,新街段,10.79,都市：其他
RPWOMLLLNHKFFGH09CA,環南段,16.96,都市：住
RPQNMLLJNHKFFBH87EA,老街溪段,236.17,都市：其他
RPWNMLLMQHKFFGH96EA,振平段,135.10,都市：住
RPWNMLLMQHKFFGH96EA,振平段,48.32,都市：住
RPWNMLLMQHKFFGH96EA,振平段,260.03,都市：其他
RPWNMLLMQHKFFGH96EA,振平段,24.72,都市：其他
RPWNMLLMQHKFFGH96EA,振平段,5.86,都市：其他
RPWNMLLMQHKFFGH96EA,振平段,52.85,都市：住
RPWNMLLMQHKFFGH96EA,振平段,75.24,都市：住
RPWNMLLJOHKFFFH98EA,大明段,2.61,非都市：鄉村區 ; 非都市編定：乙種建築用地
RPWNMLLJOHKFFFH98EA,大明段,22.64,非都市：特定農業區 ; 非都市編定：甲種建築用地
RPUNMLLJOHKFFFH78EA,同福段,12.52,都市：住
RPUNMLLJOHKFFFH78EA,同福段,.26,都市：住
RPTNMLKMMHKFFAH08DA,南美段,24.68,都市：工
RPQQMLPJNHKFFCH68EA,仁愛段,21.56,非都市：特定農業區 ; 非都市編定：甲種建築用地
RPXNMLKMMHKFFAH48DA,中山段,15.53,都市：住
RPXNMLKMMHKFFAH48DA,中山段,47.93,都市：住
RPXRMLQJNHKFFAH66DA,寶山段,16.26,都市：住
RPRNMLLKNHKFFFH28CA,茄明段,15.41,都市：其他
RPQNMLLKNHKFFFH18CA,茄明段,6.14,都市：其他
RPQNMLLKNHKFFFH18CA,茄明段,3.39,都市：其他
RPQOMLLKNHKFFFH28CA,明智段,18.95,都市：住
RPUTMLPJNHKFFFH86CA,永豐段,51.55,都市：農
RPQNMLOLNHKFFGH68CA,平鎮段,10.70,都市：商
RPUSMLPJNHKFFFH76CA,青溪段,56.12,都市：住
RPPOMLMLNHKFFGH48CA,金星段,24.52,都市：住
RPVNMLKLNHKFFFH68CA,福興段,22.00,都市：商
RPUNMLKLNHKFFFH58CA,福興段,22.88,都市：商
RPOOMLRLNHKFFGH88CA,平鎮段,25.19,都市：住
RPOOMLRLNHKFFGH88CA,平鎮段,54.00,都市：住
RPUOMLMLNHKFFEH78CA,錦中段,26.35,都市：工
RPROMLPJNHKFFEH58CA,竹圍段田寮小段,43.00,非都市：一般農業區 ; 非都市編定：農牧用地
RPROMLPJNHKFFEH58CA,竹圍段田寮小段,351.00,非都市：一般農業區 ; 非都市編定：農牧用地
RPOOMLSKNHKFFEH68CA,河底段,16.70,都市：住
RPRNMLQJNHKFFFH68CA,大發段,.30,非都市：特定農業區 ; 非都市編定：特定目的事業用地
RPRNMLQJNHKFFFH68CA,大發段,51.58,非都市：特定農業區 ; 非都市編定：甲種建築用地
RPXNMLRKOHKFFEH86CA,青峰段,57.44,都市：住
RPOOMLRKOHKFFEH68CA,青峰段,40.10,都市：住
RPUNMLKMMHKFFEH48CA,南園段,35.32,都市：住
RPUNMLKMMHKFFEH48CA,南園段,.06,都市：住
RPSNMLRJNHKFFEH78CA,青峰段,41.97,都市：住
RPUNMLRJNHKFFEH98CA,青峰段,15.70,都市：住
RPWQMLPJNHKFFEH66CA,新庄子段,157.00,非都市：特定農業區 ; 非都市編定：甲種建築用地
RPXPMLTLMHKFFFH27CA,興仁段,15.01,都市：住
RPOOMLKMMHKFFEH97CA,文中段,54.12,都市：農
RPOOMLKMMHKFFEH97CA,文中段,54.12,都市：農
RPXNMLNKNHKFFEH98CA,上竹段,1158.56,都市：農
RPUNMLTLMHKFFEH66CA,南園段,18.09,都市：住
RPSOMLLLNHKFFDH38CA,四湖段,57.00,非都市：特定農業區 ; 非都市編定：甲種建築用地
RPSOMLLLNHKFFDH38CA,四湖段,16.00,非都市：特定農業區 ; 非都市編定：甲種建築用地
RPXNMLOJNHKFFEH98CA,許厝港段,215.00,非都市：一般農業區 ; 非都市編定：農牧用地
RPXNMLOJNHKFFEH98CA,許厝港段,101.00,非都市：一般農業區 ; 非都市編定：甲種建築用地
RPPNMLOLNHKFFEH38CA,上興段,.08,都市：工
RPPNMLOLNHKFFEH38CA,上興段,38.96,都市：工
RPQPMLSJNHKFFFH98CA,豐田段,78.97,都市：住
RPQNMLOLNHKFFDH38CA,頭重溪段,38.72,都市：住
RPQNMLOLNHKFFDH38CA,大金山下段大金山下小段,7.94,都市：住
RPWNMLOJNHKFFEH88CA,南崁廟口段羊稠坑小段,22.44,都市：住
RPQOMLOJNHKFFEH38CA,五塊厝段大埔小段,2000.00,非都市：特定農業區 ; 非都市編定：農牧用地
RPXQMLSJNHKFFFH17CA,廣福段,62.92,都市：住
RPRPMLSJNHKFFFH09CA,豐田段,78.97,都市：住
RPTOMLSJNHKFFEH09CA,許厝港段,24.85,非都市：一般農業區 ; 非都市編定：甲種建築用地
RPOOMLSJNHKFFEH58CA,五福段,11.01,都市：住
RPPNMLPJNHKFFEH28CA,橫山段橫山小段,16.99,非都市：特定農業區 ; 非都市編定：農牧用地
RPPNMLPJNHKFFEH28CA,橫山段橫山小段,5.85,非都市：特定農業區 ; 非都市編定：農牧用地
RPQOMLMLNHKFFDH28CA,啟明段,1472.36,非都市：特定農業區 ; 非都市編定：農牧用地
RPPPMLRLNHKFFDH78CA,田心段,705.05,非都市：特定農業區 ; 非都市編定：甲種建築用地
RPXQMLPJNHKFFEH76CA,開南段,507.69,非都市：特定農業區 ; 非都市編定：丁種建築用地
RPWNMLTLNHKFFDH86CA,梅園段,75.70,非都市：山坡地保育區 ; 非都市編定：丙種建築用地
RPVQMLPJNHKFFEH56CA,水尾段,19.49,都市：工
RPXSMLPJNHKFFFH07CA,大庄段,52.28,非都市：特定農業區 ; 非都市編定：丁種建築用地
RPXSMLPJNHKFFFH07CA,大庄段,7.00,非都市：特定農業區 ; 非都市編定：丁種建築用地
RPXSMLPJNHKFFFH07CA,大庄段,350.40,非都市：特定農業區 ; 非都市編定：丁種建築用地
RPTNMLQJNHKFFFH88CA,高明段,53.18,都市：其他
RPSOMLOJNHKFFFH68CA,大庄段,26.04,非都市：鄉村區 ; 非都市編定：乙種建築用地
RPWNMLLJNHKFFFH68CA,永豐段,48.63,都市：住
RPRSMLPJNHKFFFH09CA,興豐段,.30,非都市：鄉村區 ; 非都市編定：乙種建築用地
RPRSMLPJNHKFFFH09CA,興豐段,2.28,非都市：鄉村區 ; 非都市編定：乙種建築用地
RPRSMLPJNHKFFFH09CA,興豐段,87.88,非都市：鄉村區 ; 非都市編定：乙種建築用地
RPPPMLPLNHKFFEH68CA,長興段,14.74,都市：其他
RPPPMLPLNHKFFEH68CA,六福段,1.14,都市：其他
RPPPMLPLNHKFFEH68CA,六福段,6.13,都市：其他
RPPPMLPLNHKFFEH68CA,山鼻段,13.14,都市：其他
RPPPMLPLNHKFFEH68CA,山鼻段,47.51,都市：其他
RPORMLSJNHKFFFH98CA,廣隆段,74.45,都市：住
RPQNMLPLNHKFFEH58CA,青峰段,23.88,都市：住
RPSNMLPLNHKFFEH78CA,青峰段,26.91,都市：住
RPPRMLQJNHKFFAH48DA,成功段,12.24,都市：住
RPPRMLQJNHKFFAH48DA,成功段,.57,都市：其他
RPQOMLMLNHKFFGH58CA,金星段,22.92,都市：住
RPPPMLKLNHKFFGH38CA,新富段,19.11,都市：住
RPUNMLMKNHKFFFH68CA,豐田段,25.97,都市：住
RPVNMLMKNHKFFFH78CA,豐田段,25.97,都市：住
RPTPMLPLNHKFFGH66CA,新富段,22.46,都市：住
RPUOMLTLNHKFFFH96CA,竹園段,386.98,都市：農
RPUOMLTLNHKFFFH96CA,竹園段,358.35,都市：農
RPOPMLPKNHKFFFH58CA,大華段,19.52,都市：住
RPQOMLNKNHKFFGH58CA,義民段,28.65,都市：住
RPPNMLLMNHKFFGH38CA,新富段,13.15,都市：住
RPPNMLNKNHKFFGH38CA,新富段,10.28,都市：住
RPPNMLNKNHKFFGH38CA,新富段,.03,都市：住
RPROMLNKNHKFFGH68CA,義民段,30.91,都市：住
RPUOMLKLNHKFFEH58CA,南崁段,.07,都市：住
RPRPMLQJNHKFFGH98CA,平東段,104.14,都市：住
RPQNMLPJNHKFFGH58CA,平南段,83.42,都市：住
RPQNMLPJNHKFFGH58CA,平南段,32.38,都市：其他
RPSNMLPKNHKFFGH88CA,南華段,42.79,都市：住
RPSNMLPKNHKFFGH88CA,南華段,126.88,都市：住
RPSNMLPKNHKFFGH88CA,南華段,1.45,都市：住
RPRNMLPJNHKFFGH68CA,北興段,.89,都市：住
RPRNMLPJNHKFFGH68CA,北興段,.89,都市：住
RPRNMLPJNHKFFGH68CA,北興段,1.51,都市：住
RPRNMLPJNHKFFGH68CA,北興段,1.51,都市：住
RPRNMLPJNHKFFGH68CA,北興段,.06,都市：住
RPRNMLPJNHKFFGH68CA,北興段,.06,都市：住
RPRNMLPJNHKFFGH68CA,北興段,.20,都市：住
RPRNMLPJNHKFFGH68CA,北興段,.20,都市：住
RPVNMLPKNHKFFGH56CA,南華段,113.39,都市：住
RPQNMLNJOHKFFGH48CA,平東段,40.94,都市：其他
RPQNMLNJOHKFFGH48CA,平東段,37.86,都市：其他
RPQNMLNJOHKFFGH48CA,平東段,91.76,都市：其他
RPPOMLOJNHKFFGH48CA,鎮興段,35.54,都市：其他
RPOPMLKLNHKFFEH08CA,南崁段,26.07,都市：住
RPWOMLKLNHKFFEH78CA,南崁段,25.92,都市：住
RPOOMLOJNHKFFGH38CA,鎮興段,13.96,都市：其他
RPRNMLLJNHKFFGH28CA,賦北段,60.71,都市：農
RPSNMLLJOHKFFGH48CA,環南段,15.45,都市：住
RPWOMLKMMHKFFCH78EA,四方林段四方林小段,207.00,非都市：一般農業區 ; 非都市編定：甲種建築用地
RPWOMLKMMHKFFCH78EA,南龍段,811.69,非都市：一般農業區 ; 非都市編定：甲種建築用地
RPTOMLLKOHKFFEH78EA,五塊厝段大埔小段,60.60,非都市：特定農業區 ; 非都市編定：甲種建築用地
RPTOMLLKOHKFFEH78EA,五塊厝段大埔小段,60.60,非都市：特定農業區 ; 非都市編定：甲種建築用地
RPTOMLLKOHKFFEH78EA,五塊厝段大埔小段,9.80,非都市：特定農業區 ; 非都市編定：甲種建築用地
RPWNMLPKNHKFFDH09DA,頂湖段,324.71,都市：農
RPQNMLOJNHKFFCH28EA,田心子段下田心子小段,.43,都市：住
RPQNMLPJNHKFFDH48EA,二重溪段,198.00,非都市：山坡地保育區 ; 非都市編定：丙種建築用地
RPUNMLLKNHKFFEH58DA,河底段,17.48,都市：住
RPWOMLLKNHKFFEH88DA,大新段,12.04,都市：商
RPUNMLLKNHKFFBH28DA,內厝段,28.50,非都市：特定農業區 ; 非都市編定：甲種建築用地
RPUNMLLKNHKFFBH28DA,內厝段,218.00,非都市：特定農業區 ; 非都市編定：甲種建築用地
RPPPMLPJNHKFFBH28DA,青平段,257.39,都市：住
RPTNMLQLNHKFFCH98EA,八張犁段,30.15,非都市：鄉村區 ; 非都市編定：乙種建築用地
RPRNMLOJNHKFFGH58CA,平東段,36.56,都市：其他
RPQNMLOJNHKFFGH48CA,平東段,158.90,都市：其他
RPSNMLOJNHKFFGH68CA,平東段,37.17,都市：其他
RPPNMLOJNHKFFGH38CA,平東段,2.38,都市：其他
RPVNMLMKNHKFFBH48DA,環東段,28.49,都市：住
RPXNMLQLMHLFFBH66EA,中寮段,10.91,都市：住
RPPOMLKMMHKFFAH87EA,桃園段中南小段,25.00,都市：其他
RPPOMLKMMHKFFAH87EA,桃園段中南小段,48.00,都市：其他
RPPOMLNKNHKFFGH58DA,廣南段,15.42,都市：住
RPXNMLMKNHKFFAH68EA,富國段,10.29,都市：住
RPOSMLNKNHKFFBH38DA,普仁段,24.12,都市：住
RPRPMLSKNHKFFAH68CA,同安段,38.91,都市：住
RPXOMLLKNHKFFFH09DA,同福段,8.63,都市：住
RPOUMLSJNHKFFAH78CA,桃圳段,84.19,非都市：特定農業區 ; 非都市編定：水利用地
RPTNMLRLNHKFFAH68CA,埔子段埔子小段,.23,都市：住
RPTNMLRLNHKFFAH68CA,埔子段埔子小段,.02,都市：住
RPTNMLRLNHKFFAH68CA,埔子段埔子小段,14.84,都市：住
RPTNMLRLNHKFFAH68CA,埔子段埔子小段,.23,都市：住
RPTNMLRLNHKFFAH68CA,埔子段埔子小段,1.26,都市：住
RPTNMLRLNHKFFAH68CA,埔子段埔子小段,2.82,都市：住
RPQUMLSJNHKFFAH98CA,龍華段,6.96,都市：住
RPXTMLSJNHKFFAH96CA,埔子段埔子小段,20.33,都市：商
RPOTMLSJNHKFFAH68CA,桃鶯段,23.69,都市：住
RPTNMLLJNHKFFAH87CA,西埔段,135.73,都市：農
RPVRMLQJNHKFFAH98CA,國聖段,18.68,都市：工
RPUPMLRJNHKFFAH78CA,寶山段,103.55,都市：住
RPSQMLPJNHKFFAH48CA,新路段,8.75,都市：住
RPSQMLPJNHKFFAH48CA,新路段,30.00,都市：住
RPSQMLPJNHKFFAH48CA,新路段,1.25,都市：住
RPWNMLSJNHKFFAH88CA,寶山段,15.11,都市：商
RPRQMLPKNHKFFAH48CA,中山段,6.66,都市：商
RPXRMLOKPHKFFAH86EA,龍祥段,18.33,都市：住
RPUQMLKMMHKFFAH38CA,雲盟段,13.63,都市：住
RPVNMLOJNHKFFAH38CA,舊路坑段舊路坑小段,240.30,都市：工
RPVOMLOJNHKFFAH48CA,富國段,13.27,都市：住
RPVOMLOJNHKFFAH48CA,富國段,13.01,都市：住
RPQPMLLJNHKFFAH77CA,大埔段,171.03,都市：其他
RPQPMLLJNHKFFAH77CA,大埔段,64.98,都市：其他
RPQPMLLJNHKFFAH77CA,大埔段,385.57,都市：其他
RPQPMLLJNHKFFAH77CA,大埔段,97.02,都市：其他
RPRNMLLJNHKFFAH67CA,介壽段,235.26,都市：農
RPWPMLSJNHKFFAH09CA,迴龍段,25.25,都市：住
RPRNMLLKOHKFFAH87CA,小檜溪段,119.00,都市：住
RPXOMLPJNHKFFAH78CA,興華段,32.91,都市：商
RPPPMLLJNHKFFAH67CA,福元段,14.07,都市：住
RPQOMLLJNHKFFAH67CA,江南段,21.83,都市：住
RPQOMLPJNHKFFAH08CA,中埔段,11.28,都市：住
RPXNMLLJNHKFFAH28CA,埔子段埔子小段,.00,都市：其他
RPXNMLLJNHKFFAH28CA,埔子段埔子小段,11.86,都市：住
RPSNMLLJNHKFFCH97CA,干城段,.36,非都市：鄉村區 ; 非都市編定：乙種建築用地
RPVNMLLJNHKFFCH28CA,三層段尾寮小段,145.00,非都市：特定農業區 ; 非都市編定：農牧用地
RPVNMLLJNHKFFCH28CA,三層段尾寮小段,75.00,非都市：特定農業區 ; 非都市編定：農牧用地
RPPOMLLJNHKFFCH77CA,四方林段四方林小段,209.72,非都市：一般農業區 ; 非都市編定：甲種建築用地
RPRNMLLJNHKFFCH87CA,干城段,53.49,非都市：鄉村區 ; 非都市編定：乙種建築用地
RPQNMLLJNHKFFCH77CA,干城段,54.22,非都市：鄉村區 ; 非都市編定：乙種建築用地
RPUNMLLJNHKFFCH18CA,龍祥段,87.24,非都市：鄉村區 ; 非都市編定：乙種建築用地
RPUNMLQKNHKFFCH78CA,烏樹林段,70.00,非都市：鄉村區 ; 非都市編定：乙種建築用地
RPPNMLPLNHKFFCH28CA,三洽水段,32.00,非都市：山坡地保育區 ; 非都市編定：交通用地
RPSQMLKMMHKFFCH38CA,八張犁段,85.00,非都市：鄉村區 ; 非都市編定：乙種建築用地
RPOOMLSKOHKFFAH38CA,中埔段,18.37,都市：其他
RPOOMLSKOHKFFAH38CA,中埔段,244.00,都市：其他
RPWNMLPLNHKFFCH98CA,三洽水段,2510.00,非都市：山坡地保育區 ; 非都市編定：農牧用地
RPRNMLPLNHKFFCH48CA,三洽水段,2506.00,非都市：山坡地保育區 ; 非都市編定：農牧用地
RPSNMLPLNHKFFCH58CA,三洽水段,2504.00,非都市：山坡地保育區 ; 非都市編定：農牧用地
RPTNMLPLNHKFFCH68CA,三洽水段,2508.00,非都市：山坡地保育區 ; 非都市編定：農牧用地
RPOPMLPJNHKFFCH18CA,仁武段,48.41,都市：住
RPOPMLPJNHKFFCH18CA,埔頂段,.52,都市：其他
RPOPMLPJNHKFFCH18CA,埔頂段,.11,都市：其他
RPOPMLPJNHKFFCH18CA,埔頂段,.31,都市：其他
RPOPMLPJNHKFFCH18CA,埔頂段,.12,都市：其他
SPOPMLPJNHKFFCH28CA,仁武段,48.41,都市：住
SPOPMLPJNHKFFCH28CA,埔頂段,.52,都市：其他
SPOPMLPJNHKFFCH28CA,埔頂段,.11,都市：其他
SPOPMLPJNHKFFCH28CA,埔頂段,.31,都市：其他
SPOPMLPJNHKFFCH28CA,埔頂段,.12,都市：其他
RPXNMLQLNHKFFCH56CA,三洽水段,2510.00,非都市：山坡地保育區 ; 非都市編定：農牧用地
RPOOMLQLNHKFFCH38CA,三洽水段,2665.00,非都市：山坡地保育區 ; 非都市編定：農牧用地
RPXNMLRJNHKFFCH09CA,中庄段中庄街小段,12.08,非都市：特定農業區 ; 非都市編定：農牧用地
RPXNMLRJNHKFFCH09CA,中庄段中庄街小段,12.72,非都市：特定農業區 ; 非都市編定：農牧用地
RPXNMLRJNHKFFCH09CA,中庄段中庄街小段,17.34,非都市：特定農業區 ; 非都市編定：農牧用地
RPXNMLRJNHKFFCH09CA,中庄段中庄街小段,56.22,非都市：特定農業區 ; 非都市編定：農牧用地
RPUPMLPJNHKFFCH78CA,埔頂段,.52,都市：其他
RPUPMLPJNHKFFCH78CA,埔頂段,.11,都市：其他
RPUPMLPJNHKFFCH78CA,埔頂段,.30,都市：其他
RPUPMLPJNHKFFCH78CA,埔頂段,.12,都市：其他
RPUPMLPJNHKFFCH78CA,仁武段,48.04,都市：住
RPTPMLPJNHKFFCH68CA,埔頂段,.52,都市：其他
RPTPMLPJNHKFFCH68CA,埔頂段,.11,都市：其他
RPTPMLPJNHKFFCH68CA,埔頂段,.31,都市：其他
RPTPMLPJNHKFFCH68CA,埔頂段,.12,都市：其他
RPTPMLPJNHKFFCH68CA,仁武段,48.41,都市：住
RPVPMLPJNHKFFCH88CA,埔頂段,.52,都市：其他
RPVPMLPJNHKFFCH88CA,埔頂段,.11,都市：其他
RPVPMLPJNHKFFCH88CA,埔頂段,.30,都市：其他
RPVPMLPJNHKFFCH88CA,埔頂段,.12,都市：其他
RPVPMLPJNHKFFCH88CA,仁武段,48.04,都市：住
RPWPMLPJNHKFFCH98CA,埔頂段,.52,都市：其他
RPWPMLPJNHKFFCH98CA,埔頂段,.11,都市：其他
RPWPMLPJNHKFFCH98CA,埔頂段,.31,都市：其他
RPWPMLPJNHKFFCH98CA,埔頂段,.12,都市：其他
RPWPMLPJNHKFFCH98CA,仁武段,48.41,都市：住
SPOOMLPJNHKFFCH18CA,仁武段,29.76,都市：住
SPOOMLPJNHKFFCH18CA,埔頂段,.32,都市：其他
SPOOMLPJNHKFFCH18CA,埔頂段,.07,都市：其他
SPOOMLPJNHKFFCH18CA,埔頂段,.19,都市：其他
SPOOMLPJNHKFFCH18CA,埔頂段,.07,都市：其他
RPQOMLPJNHKFFCH28CA,仁武段,64.61,都市：住
RPQOMLPJNHKFFCH28CA,埔頂段,.70,都市：其他
RPQOMLPJNHKFFCH28CA,埔頂段,.15,都市：其他
RPQOMLPJNHKFFCH28CA,埔頂段,.41,都市：其他
RPQOMLPJNHKFFCH28CA,埔頂段,.16,都市：其他
RPOOMLPJNHKFFCH08CA,仁武段,48.04,都市：住
RPOOMLPJNHKFFCH08CA,埔頂段,.52,都市：其他
RPOOMLPJNHKFFCH08CA,埔頂段,.11,都市：其他
RPOOMLPJNHKFFCH08CA,埔頂段,.30,都市：其他
RPRNMLRJNHKFFCH48CA,三元段,67.40,非都市：一般農業區 ; 非都市編定：甲種建築用地
RPOOMLPJNHKFFCH08CA,埔頂段,.12,都市：其他
RPROMLPJNHKFFCH38CA,仁武段,29.76,都市：住
RPROMLPJNHKFFCH38CA,埔頂段,.32,都市：其他
RPROMLPJNHKFFCH38CA,埔頂段,.07,都市：其他
RPROMLPJNHKFFCH38CA,埔頂段,.19,都市：其他
RPROMLPJNHKFFCH38CA,埔頂段,.07,都市：其他
RPSNMLLLNHKFFCH18CA,角板段,720.00,非都市：一般農業區 ; 非都市編定：農牧用地
RPQOMLOJNHKFFDH28CA,和平段,120.45,非都市：特定農業區 ; 非都市編定：水利用地
RPSOMLPJNHKFFCH48CA,仁武段,29.76,都市：住
RPSOMLPJNHKFFCH48CA,埔頂段,.32,都市：其他
RPSOMLPJNHKFFCH48CA,埔頂段,.07,都市：其他
RPSOMLPJNHKFFCH48CA,埔頂段,.19,都市：其他
RPSOMLPJNHKFFCH48CA,埔頂段,.07,都市：其他
RPPOMLLJNHKFFDH87CA,二重溪段,17.17,非都市：山坡地保育區 ; 非都市編定：丙種建築用地
RPPOMLLJNHKFFDH87CA,二重溪段,3.19,非都市：山坡地保育區 ; 非都市編定：丙種建築用地
RPRNMLQJNHKFFDH48CA,楊富段,31.00,非都市：特定農業區 ; 非都市編定：甲種建築用地
RPWNMLLKNHKFFDH58CA,頭重溪段,11.33,都市：住
RPVNMLLKNHKFFDH48CA,瑞坪段,43.42,非都市：山坡地保育區 ; 非都市編定：丙種建築用地
RPVNMLLKNHKFFDH48CA,瑞坪段,76.72,非都市：山坡地保育區 ; 非都市編定：丙種建築用地
RPVNMLLKNHKFFDH48CA,瑞坪段,32.64,非都市：山坡地保育區 ; 非都市編定：丙種建築用地
RPXNMLLKNHKFFDH68CA,梅園段,75.70,非都市：山坡地保育區 ; 非都市編定：丙種建築用地
RPPOMLNKNHKFFDH18CA,頭重溪段,16.88,都市：住
RPQOMLLJNHKFFBH77CA,華興段,2683.64,都市：農
RPQOMLLJNHKFFBH77CA,華興段,130.33,都市：農
RPTPMLPLNHKFFBH78CA,興南段公坡小段,594.26,都市：其他
RPTPMLPLNHKFFBH78CA,興南段公坡小段,4.57,都市：住
RPTPMLPLNHKFFBH78CA,興南段公坡小段,.15,都市：住
RPTPMLPLNHKFFBH78CA,興南段公坡小段,1.32,都市：住
RPTPMLPLNHKFFBH78CA,興南段公坡小段,2.17,都市：住
RPTPMLPLNHKFFBH78CA,興南段公坡小段,273.24,都市：農
RPTPMLPLNHKFFBH78CA,興南段公坡小段,63.68,都市：農
RPTPMLPLNHKFFBH78CA,興南段公坡小段,35.06,都市：其他
RPTPMLPLNHKFFBH78CA,興南段公坡小段,2.49,都市：其他
RPTPMLPLNHKFFBH78CA,興南段公坡小段,.23,都市：住
RPSOMLSJNHKFFDH88CA,頭重溪段,32.96,都市：住
RPUPMLPLNHKFFBH88CA,石頭段,7.66,都市：商
RPPSMLTKNHKFFBH98CA,仁德段,492.49,都市：農
RPQQMLOJNHKFFBH28CA,大崙段,72.37,非都市：特定農業區 ; 非都市編定：甲種建築用地
RPRPMLPJNHKFFBH38CA,中壢埔頂段,9.77,都市：住
RPUNMLOJNHKFFBH38CA,石頭段,44.68,都市：其他
RPUNMLOJNHKFFBH38CA,三座屋段舊社小段,36.10,都市：其他
RPPRMLOJOHKFFBH38CA,中壢埔頂段,7.67,都市：住
RPQOMLLKNHKFFBH87CA,三座屋段三座屋小段,104.00,都市：商
RPUOMLQJNHKFFBH68CA,石頭段,5.36,都市：住
RPQPMLRJNHKFFBH48CA,中寮段,13.05,都市：住
RPPPMLKMMHKFFBH87CA,自立段,20.43,都市：住
RPXPMLMKNHKFFBH78CA,榮民段,24.28,都市：住
RPPNMLNJOHKFFBH87CA,環東段,19.21,都市：住
RPQNMLOLNHKFFBH18CA,興南段興南小段,4.43,都市：住
