編號,車位類別,車位價格,車位面積平方公尺
Serial number,berth category,berth price,berth area square meter
RPQPMLPKJIOFFCF48CB,坡道平面,2050000,27.53
RPXPMLNKJIOFFCF98CB,坡道平面,2050000,27.53
RPRPMLPKJIOFFCF58CB,坡道平面,2050000,27.53
RPWPMLNKJIOFFCF88CB,坡道平面,2250000,27.53
RPOPMLNKJIOFFCF08CB,坡道平面,2200000,27.53
RPXOMLNKJIOFFCF88CB,坡道平面,2150000,27.53
RPXOMLNKJIOFFCF88CB,坡道平面,2150000,27.53
RPTPMLNKJIOFFCF58CB,坡道平面,2050000,27.53
RPSPMLNKJIOFFCF48CB,坡道平面,2250000,27.53
RPSPMLNKJIOFFCF48CB,坡道平面,2150000,27.53
RPVPMLNKJIOFFCF78CB,坡道平面,2150000,27.53
RPVPMLNKJIOFFCF78CB,坡道平面,2150000,27.53
RPQPMLNKJIOFFCF28CB,坡道平面,2150000,27.53
RPQPMLNKJIOFFCF28CB,坡道平面,2150000,27.53
RPUPMLNKJIOFFCF68CB,坡道平面,2150000,27.53
RPUPMLNKJIOFFCF68CB,坡道平面,2050000,25.65
RPWPMLPKJIOFFCF09CB,坡道平面,2150000,27.53
RPWPMLPKJIOFFCF09CB,坡道平面,2150000,27.53
RPSPMLPKJIOFFCF68CB,坡道平面,2100000,27.53
RPSPMLPKJIOFFCF68CB,坡道平面,2100000,27.53
RPVPMLPKJIOFFCF98CB,坡道平面,2020000,27.53
RPTPMLPKJIOFFCF78CB,坡道平面,2100000,27.53
RPUPMLPKJIOFFCF88CB,坡道平面,2000000,25.65
RPUOMLSKJIOFFIF07CB,坡道平面,1300000,27.24
RPQOMLSKJIOFFIF66CB,坡道平面,1300000,27.24
RPTOMLSKJIOFFIF96CB,坡道平面,1300000,25.47
RPVOMLSKJIOFFIF17CB,坡道機械,900000,14.77
RPROMLSKJIOFFIF76CB,坡道平面,1300000,27.24
RPPPMLSKJIOFFIF66CB,坡道機械,900000,14.77
RPWOMLSKJIOFFIF27CB,坡道機械,900000,14.77
RPXOMLSKJIOFFIF37CB,坡道平面,1350000,41.17
RPRPMLSKJIOFFIF86CB,坡道機械,1100000,15.79
RPQPMLSKJIOFFIF76CB,坡道機械,1100000,15.79
RPTPMLSKJIOFFIF07CB,坡道機械,900000,14.77
RPWPMLSKJIOFFIF37CB,坡道機械,900000,14.77
RPUQMLSKJIOFFIF27CB,坡道機械,900000,14.77
RPSQMLSKJIOFFIF07CB,坡道機械,900000,14.77
RPORMLSKJIOFFIF76CB,坡道平面,1300000,25.47
RPPQMLSKJIOFFIF76CB,坡道機械,900000,14.77
RPURMLSKJIOFFIF37CB,坡道機械,1100000,15.79
RPTRMLSKJIOFFIF27CB,坡道平面,1300000,27.24
RPWRMLSKJIOFFIF57CB,坡道平面,1300000,27.24
RPOSMLSKJIOFFIF86CB,坡道機械,900000,14.77
RPQSMLSKJIOFFIF07CB,坡道機械,900000,14.77
RPTSMLSKJIOFFIF37CB,坡道機械,900000,14.77
RPPSMLSKJIOFFIF96CB,坡道平面,1300000,27.24
RPUSMLSKJIOFFIF47CB,坡道機械,900000,14.77
RPRSMLSKJIOFFIF17CB,坡道機械,900000,14.77
RPVRMLSKJIOFFIF47CB,坡道機械,1100000,15.79
RPQNMLMLJIOFFCF08CB,坡道平面,2050000,25.65
RPTNMLMLJIOFFCF38CB,坡道平面,2050000,27.53
RPSNMLMLJIOFFCF28CB,坡道平面,2050000,27.53
RPUNMLMLJIOFFCF48CB,坡道平面,2150000,27.53
RPTOMLPLJIOFFCF78CB,坡道平面,0,25.09
RPUOMLPLJIOFFCF88CB,坡道平面,0,27.27
RPVOMLPLJIOFFCF98CB,坡道平面,0,25.09
RPRPMLPLJIOFFCF68CB,坡道平面,0,25.09
RPSPMLPLJIOFFCF78CB,坡道平面,0,27.27
RPTPMLPLJIOFFCF88CB,坡道平面,0,27.27
RPUPMLPLJIOFFCF98CB,坡道平面,0,27.27
RPSOMLPLJIOFFCF68CB,坡道平面,0,27.27
RPVPMLPLJIOFFCF09CB,坡道平面,0,27.27
RPWPMLPLJIOFFCF56CB,坡道平面,0,27.27
RPWOMLPLJIOFFCF09CB,坡道平面,0,27.27
RPPPMLPLJIOFFCF48CB,坡道平面,0,27.27
RPOPMLPLJIOFFCF38CB,坡道平面,0,27.27
RPXPMLPLJIOFFCF66CB,坡道平面,0,27.27
RPQPMLPLJIOFFCF58CB,坡道平面,0,27.27
RPOQMLPLJIOFFCF48CB,坡道平面,0,27.27
RPQQMLPLJIOFFCF68CB,坡道平面,0,27.27
RPPQMLPLJIOFFCF58CB,坡道平面,0,27.27
RPRQMLPLJIOFFCF78CB,坡道平面,0,27.27
RPSQMLPLJIOFFCF88CB,坡道平面,0,27.27
RPTQMLPLJIOFFCF98CB,坡道平面,0,27.27
RPXQMLPLJIOFFCF76CB,坡道平面,0,27.27
RPORMLPLJIOFFCF58CB,坡道平面,0,27.27
RPPRMLPLJIOFFCF68CB,坡道平面,0,27.27
RPTRMLPLJIOFFCF09CB,坡道平面,0,27.27
RPRRMLPLJIOFFCF88CB,坡道平面,0,27.27
RPQRMLPLJIOFFCF78CB,坡道平面,0,25.09
RPSRMLPLJIOFFCF98CB,坡道平面,0,27.27
RPUQMLPLJIOFFCF09CB,坡道平面,0,27.27
RPWQMLPLJIOFFCF66CB,坡道平面,0,27.27
RPVQMLPLJIOFFCF56CB,坡道平面,0,27.27
RPURMLPLJIOFFCF56CB,坡道平面,0,27.27
RPVRMLPLJIOFFCF66CB,坡道平面,0,27.27
RPWRMLPLJIOFFCF76CB,坡道平面,0,27.27
RPXRMLPLJIOFFCF86CB,坡道平面,0,27.27
RPPSMLPLJIOFFCF78CB,坡道平面,0,27.27
RPQSMLPLJIOFFCF88CB,坡道平面,0,27.27
RPUSMLPLJIOFFCF66CB,坡道平面,0,41.65
RPSSMLPLJIOFFCF09CB,坡道平面,0,27.27
RPRSMLPLJIOFFCF98CB,坡道平面,0,25.09
RPTSMLPLJIOFFCF56CB,坡道平面,0,25.09
RPVSMLPLJIOFFCF76CB,坡道平面,0,27.27
RPWSMLPLJIOFFCF86CB,坡道平面,0,25.09
RPSTMLPLJIOFFCF56CB,坡道平面,0,27.27
RPUTMLPLJIOFFCF76CB,坡道平面,0,25.09
RPPTMLPLJIOFFCF88CB,坡道平面,0,27.27
RPXSMLPLJIOFFCF96CB,坡道平面,0,27.27
RPTTMLPLJIOFFCF66CB,坡道平面,0,27.27
RPRTMLPLJIOFFCF09CB,坡道平面,0,27.27
RPQTMLPLJIOFFCF98CB,坡道平面,0,27.27
RPOTMLPLJIOFFCF78CB,坡道平面,0,27.27
RPOSMLPLJIOFFCF68CB,坡道平面,0,27.27
RPOUMLPLJIOFFCF88CB,坡道平面,0,27.27
RPSUMLPLJIOFFCF66CB,坡道平面,0,25.09
RPXTMLPLJIOFFCF07CB,坡道平面,0,25.09
RPVTMLPLJIOFFCF86CB,坡道平面,0,27.27
RPWTMLPLJIOFFCF96CB,坡道平面,0,25.09
RPRUMLPLJIOFFCF56CB,坡道平面,0,25.09
RPPUMLPLJIOFFCF98CB,坡道平面,0,25.09
RPQUMLPLJIOFFCF09CB,坡道平面,0,27.27
RPTUMLPLJIOFFCF76CB,坡道平面,0,27.27
RPUUMLPLJIOFFCF86CB,坡道平面,0,27.27
RPWUMLPLJIOFFCF07CB,坡道平面,0,27.27
RPXUMLPLJIOFFCF17CB,坡道平面,0,27.27
RPOVMLPLJIOFFCF98CB,坡道平面,0,27.27
RPVUMLPLJIOFFCF96CB,坡道平面,0,25.09
RPRVMLPLJIOFFCF66CB,坡道平面,0,27.27
RPTVMLPLJIOFFCF86CB,坡道平面,0,27.27
RPQVMLPLJIOFFCF56CB,坡道平面,0,27.27
RPPVMLPLJIOFFCF09CB,坡道平面,0,25.09
RPSVMLPLJIOFFCF76CB,坡道平面,0,27.27
RPUVMLPLJIOFFCF96CB,坡道平面,0,27.27
RPVVMLPLJIOFFCF07CB,坡道平面,0,27.27
RPWVMLPLJIOFFCF17CB,坡道平面,0,27.27
RPQWMLPLJIOFFCF66CB,坡道平面,0,27.27
RPUWMLPLJIOFFCF07CB,坡道平面,0,27.27
RPOWMLPLJIOFFCF09CB,坡道平面,0,27.27
RPSWMLPLJIOFFCF86CB,坡道平面,0,27.27
RPRWMLPLJIOFFCF76CB,坡道平面,0,27.27
RPXVMLPLJIOFFCF27CB,坡道平面,0,27.27
RPTWMLPLJIOFFCF96CB,坡道平面,0,27.27
RPPWMLPLJIOFFCF56CB,坡道平面,0,27.27
RPVWMLPLJIOFFCF17CB,坡道平面,0,27.27
RPXWMLPLJIOFFCF37CB,坡道平面,0,25.09
RPPNNLPLJIOFFCF38CB,坡道平面,0,27.27
RPONNLPLJIOFFCF28CB,坡道平面,0,27.27
RPQNNLPLJIOFFCF48CB,坡道平面,0,27.27
RPRNNLPLJIOFFCF58CB,坡道平面,0,25.09
RPSNNLPLJIOFFCF68CB,坡道平面,0,27.27
RPTNNLPLJIOFFCF78CB,坡道平面,0,27.27
RPUNNLPLJIOFFCF88CB,坡道平面,0,27.27
RPVNNLPLJIOFFCF98CB,坡道平面,0,27.27
RPOONLPLJIOFFCF38CB,坡道平面,0,27.27
RPXNNLPLJIOFFCF56CB,坡道平面,0,27.27
RPQONLPLJIOFFCF58CB,坡道平面,0,27.27
RPWNNLPLJIOFFCF09CB,坡道平面,0,27.27
RPRONLPLJIOFFCF68CB,坡道平面,0,27.27
RPPONLPLJIOFFCF48CB,坡道平面,0,27.27
RPSONLPLJIOFFCF78CB,坡道平面,0,27.27
RPUONLPLJIOFFCF98CB,坡道平面,0,27.27
RPTONLPLJIOFFCF88CB,坡道平面,0,27.27
RPVONLPLJIOFFCF09CB,坡道平面,0,27.27
RPXONLPLJIOFFCF66CB,坡道平面,0,27.27
RPWONLPLJIOFFCF56CB,坡道平面,0,27.27
RPPPNLPLJIOFFCF58CB,坡道平面,0,25.09
RPOPNLPLJIOFFCF48CB,坡道平面,0,27.27
RPRPNLPLJIOFFCF78CB,坡道平面,0,27.27
RPSPNLPLJIOFFCF88CB,坡道平面,0,27.27
RPTPNLPLJIOFFCF98CB,坡道平面,0,25.09
RPVPNLPLJIOFFCF56CB,坡道平面,0,25.09
RPUPNLPLJIOFFCF09CB,坡道平面,0,27.27
RPWPNLPLJIOFFCF66CB,坡道平面,0,27.27
RPXPNLPLJIOFFCF76CB,坡道平面,0,27.27
RPOQNLPLJIOFFCF58CB,坡道平面,0,27.27
RPPQNLPLJIOFFCF68CB,坡道平面,0,27.27
RPQPNLPLJIOFFCF68CB,坡道平面,0,27.27
RPQQNLPLJIOFFCF78CB,坡道平面,0,27.27
RPRQNLPLJIOFFCF88CB,坡道平面,0,27.27
RPSQNLPLJIOFFCF98CB,坡道平面,0,27.27
RPTQNLPLJIOFFCF09CB,坡道平面,0,27.27
RPUQNLPLJIOFFCF56CB,坡道平面,0,27.27
RPXQNLPLJIOFFCF86CB,坡道平面,0,25.09
RPWQNLPLJIOFFCF76CB,坡道平面,0,25.09
RPORNLPLJIOFFCF68CB,坡道平面,0,27.27
RPPRNLPLJIOFFCF78CB,坡道平面,0,25.09
RPVQNLPLJIOFFCF66CB,坡道平面,0,27.27
RPQRNLPLJIOFFCF88CB,坡道平面,0,27.27
RPSRNLPLJIOFFCF09CB,坡道平面,0,27.27
RPXRNLPLJIOFFCF96CB,坡道平面,0,27.27
RPTRNLPLJIOFFCF56CB,坡道平面,0,27.27
RPVRNLPLJIOFFCF76CB,坡道平面,0,27.27
RPWRNLPLJIOFFCF86CB,坡道平面,0,27.27
RPOSNLPLJIOFFCF78CB,坡道平面,0,27.27
RPPSNLPLJIOFFCF88CB,坡道平面,0,27.27
RPURNLPLJIOFFCF66CB,坡道平面,0,27.27
RPRRNLPLJIOFFCF98CB,坡道平面,0,27.27
RPQSNLPLJIOFFCF98CB,坡道平面,0,27.27
RPRSNLPLJIOFFCF09CB,坡道平面,0,25.09
RPSSNLPLJIOFFCF56CB,坡道平面,0,27.27
RPTSNLPLJIOFFCF66CB,坡道平面,0,25.09
RPUSNLPLJIOFFCF76CB,坡道平面,0,27.27
RPVSNLPLJIOFFCF86CB,坡道平面,0,27.27
RPXSNLPLJIOFFCF07CB,坡道平面,0,27.27
RPWSNLPLJIOFFCF96CB,坡道平面,0,27.27
RPQTNLPLJIOFFCF09CB,坡道平面,0,27.27
RPPTNLPLJIOFFCF98CB,坡道平面,0,27.27
RPRTNLPLJIOFFCF56CB,坡道平面,0,27.27
RPUTNLPLJIOFFCF86CB,坡道平面,0,27.27
RPSTNLPLJIOFFCF66CB,坡道平面,0,27.27
RPTTNLPLJIOFFCF76CB,坡道平面,0,25.09
RPWTNLPLJIOFFCF07CB,坡道平面,0,25.09
RPVTNLPLJIOFFCF96CB,坡道平面,0,27.27
RPOTNLPLJIOFFCF88CB,坡道平面,0,27.27
RPXTNLPLJIOFFCF17CB,坡道平面,0,25.09
RPPUNLPLJIOFFCF09CB,坡道平面,0,27.27
RPOUNLPLJIOFFCF98CB,坡道平面,0,27.27
RPTUNLPLJIOFFCF86CB,坡道平面,0,27.27
RPWUNLPLJIOFFCF17CB,坡道平面,0,25.09
RPOVNLPLJIOFFCF09CB,坡道平面,0,27.27
RPRVNLPLJIOFFCF76CB,坡道平面,0,27.27
RPQVNLPLJIOFFCF66CB,坡道平面,0,27.27
RPSVNLPLJIOFFCF86CB,坡道平面,0,27.27
RPTVNLPLJIOFFCF96CB,坡道平面,0,27.27
RPUVNLPLJIOFFCF07CB,坡道平面,0,27.27
RPWVNLPLJIOFFCF27CB,坡道平面,0,25.09
RPXVNLPLJIOFFCF37CB,坡道平面,0,27.27
RPOWNLPLJIOFFCF56CB,坡道平面,0,27.27
RPPWNLPLJIOFFCF66CB,坡道平面,0,27.27
RPQWNLPLJIOFFCF76CB,坡道平面,0,27.27
RPSWNLPLJIOFFCF96CB,坡道平面,0,27.27
RPRWNLPLJIOFFCF86CB,坡道平面,0,25.09
RPUWNLPLJIOFFCF17CB,坡道平面,0,27.27
RPWWNLPLJIOFFCF37CB,坡道平面,0,27.27
RPVWNLPLJIOFFCF27CB,坡道平面,0,27.27
RPXWNLPLJIOFFCF47CB,坡道平面,0,27.27
RPONOLPLJIOFFCF38CB,坡道平面,0,27.27
RPTWNLPLJIOFFCF07CB,坡道平面,0,27.27
RPPNOLPLJIOFFCF48CB,坡道平面,0,27.27
RPQNOLPLJIOFFCF58CB,坡道平面,0,27.27
RPRNOLPLJIOFFCF68CB,坡道平面,0,27.27
RPSNOLPLJIOFFCF78CB,坡道平面,0,27.27
RPUNOLPLJIOFFCF98CB,坡道平面,0,27.27
RPTNOLPLJIOFFCF88CB,坡道平面,0,27.27
RPWNOLPLJIOFFCF56CB,坡道平面,0,27.27
RPVNOLPLJIOFFCF09CB,坡道平面,0,27.27
RPXNOLPLJIOFFCF66CB,坡道平面,0,27.27
RPPOOLPLJIOFFCF58CB,坡道平面,0,27.27
RPSOOLPLJIOFFCF88CB,坡道平面,0,27.27
RPOOOLPLJIOFFCF48CB,坡道平面,0,27.27
RPQOOLPLJIOFFCF68CB,坡道平面,0,27.27
RPROOLPLJIOFFCF78CB,坡道平面,0,27.27
RPTOOLPLJIOFFCF98CB,坡道平面,0,27.27
RPUOOLPLJIOFFCF09CB,坡道平面,0,27.27
RPOPOLPLJIOFFCF58CB,坡道平面,0,27.27
RPXOOLPLJIOFFCF76CB,坡道平面,0,27.27
RPVOOLPLJIOFFCF56CB,坡道平面,0,27.27
RPWOOLPLJIOFFCF66CB,坡道平面,0,25.09
RPTPOLPLJIOFFCF09CB,坡道平面,0,27.27
RPSPOLPLJIOFFCF98CB,坡道平面,0,27.27
RPPPOLPLJIOFFCF68CB,坡道平面,0,27.27
RPUPOLPLJIOFFCF56CB,坡道平面,0,25.09
RPRPOLPLJIOFFCF88CB,坡道平面,0,27.27
RPVPOLPLJIOFFCF66CB,坡道平面,0,27.27
RPWPOLPLJIOFFCF76CB,坡道平面,0,27.27
RPXPOLPLJIOFFCF86CB,坡道平面,0,27.27
RPQQOLPLJIOFFCF88CB,坡道平面,0,27.27
RPUQOLPLJIOFFCF66CB,坡道平面,0,25.09
RPPQOLPLJIOFFCF78CB,坡道平面,0,27.27
RPOQOLPLJIOFFCF68CB,坡道平面,0,27.27
RPVQOLPLJIOFFCF76CB,坡道平面,0,27.27
RPWQOLPLJIOFFCF86CB,坡道平面,0,25.09
RPRQOLPLJIOFFCF98CB,坡道平面,0,25.09
RPTQOLPLJIOFFCF56CB,坡道平面,0,27.27
RPXQOLPLJIOFFCF96CB,坡道平面,0,27.27
RPPROLPLJIOFFCF88CB,坡道平面,0,25.09
RPOROLPLJIOFFCF78CB,坡道平面,0,27.27
RPQROLPLJIOFFCF98CB,坡道平面,0,27.27
RPUROLPLJIOFFCF76CB,坡道平面,0,27.27
RPWROLPLJIOFFCF96CB,坡道平面,0,27.27
RPSROLPLJIOFFCF56CB,坡道平面,0,27.27
RPRROLPLJIOFFCF09CB,坡道平面,0,27.27
RPTROLPLJIOFFCF66CB,坡道平面,0,27.27
RPVROLPLJIOFFCF86CB,坡道平面,0,25.09
RPXROLPLJIOFFCF07CB,坡道平面,0,27.27
RPOSOLPLJIOFFCF88CB,坡道平面,0,27.27
RPSSOLPLJIOFFCF66CB,坡道平面,0,27.27
RPPSOLPLJIOFFCF98CB,坡道平面,0,27.27
RPRSOLPLJIOFFCF56CB,坡道平面,0,27.27
RPQSOLPLJIOFFCF09CB,坡道平面,0,27.27
RPTSOLPLJIOFFCF76CB,坡道平面,0,27.27
RPWSOLPLJIOFFCF07CB,坡道平面,0,25.09
RPUSOLPLJIOFFCF86CB,坡道平面,0,41.64
RPVSOLPLJIOFFCF96CB,坡道平面,0,27.27
RPXSOLPLJIOFFCF17CB,坡道平面,0,27.27
RPOTOLPLJIOFFCF98CB,坡道平面,0,27.27
RPSTOLPLJIOFFCF76CB,坡道平面,0,27.27
RPQTOLPLJIOFFCF56CB,坡道平面,0,25.09
RPPTOLPLJIOFFCF09CB,坡道平面,0,27.27
RPRTOLPLJIOFFCF66CB,坡道平面,0,27.27
RPXTOLPLJIOFFCF27CB,坡道平面,0,27.27
RPTTOLPLJIOFFCF86CB,坡道平面,0,27.27
RPOUOLPLJIOFFCF09CB,坡道平面,0,27.27
RPWTOLPLJIOFFCF17CB,坡道平面,0,25.09
RPUTOLPLJIOFFCF96CB,坡道平面,0,27.27
RPVTOLPLJIOFFCF07CB,坡道平面,0,27.27
RPPUOLPLJIOFFCF56CB,坡道平面,0,27.27
RPQUOLPLJIOFFCF66CB,坡道平面,0,27.27
RPTUOLPLJIOFFCF96CB,坡道平面,0,27.27
RPRUOLPLJIOFFCF76CB,坡道平面,0,27.27
RPSUOLPLJIOFFCF86CB,坡道平面,0,27.27
RPVUOLPLJIOFFCF17CB,坡道平面,0,27.27
RPWUOLPLJIOFFCF27CB,坡道平面,0,27.27
RPUUOLPLJIOFFCF07CB,坡道平面,0,27.27
RPVVMLPLJIOFFBF96CB,坡道平面,1400000,18.17
RPXVMLPLJIOFFBF17CB,坡道平面,1450000,18.17
RPWVMLPLJIOFFBF07CB,坡道平面,1600000,18.17
RPRWMLPLJIOFFBF66CB,坡道平面,1400000,18.17
RPTWMLPLJIOFFBF86CB,坡道平面,1400000,18.17
RPQWMLPLJIOFFBF56CB,坡道平面,1400000,18.17
RPSWMLPLJIOFFBF76CB,坡道平面,1350000,18.17
RPUWMLPLJIOFFBF96CB,坡道平面,1300000,18.17
RPVWMLPLJIOFFBF07CB,坡道平面,1550000,18.17
RPUVMLPLJIOFFBF86CB,坡道平面,1570000,18.17
RPWWMLPLJIOFFBF17CB,坡道平面,1500000,18.17
RPOWMLPLJIOFFBF98CB,坡道平面,1550000,18.17
RPPNNLPLJIOFFBF28CB,坡道平面,1400000,18.17
RPONNLPLJIOFFBF18CB,坡道平面,1500000,18.17
RPTNNLPLJIOFFBF68CB,坡道平面,1450000,18.17
RPVNNLPLJIOFFBF88CB,坡道平面,1500000,18.17
RPUNNLPLJIOFFBF78CB,坡道平面,1500000,18.17
RPWNNLPLJIOFFBF98CB,坡道平面,1400000,18.17
RPPONLPLJIOFFBF38CB,坡道平面,1750000,18.17
RPXNNLPLJIOFFBF09CB,坡道平面,1500000,18.17
RPRNNLPLJIOFFBF48CB,坡道平面,1400000,16.22
RPQONLPLJIOFFBF48CB,坡道平面,1300000,18.17
RPSNNLPLJIOFFBF58CB,坡道平面,1450000,18.17
RPQNNLPLJIOFFBF38CB,坡道平面,1400000,18.17
RPRONLPLJIOFFBF58CB,坡道平面,1600000,18.17
RPRONLPLJIOFFBF58CB,坡道平面,1550000,16.22
RPSONLPLJIOFFBF68CB,坡道平面,1400000,16.22
RPUONLPLJIOFFBF88CB,坡道平面,1500000,18.17
RPVONLPLJIOFFBF98CB,坡道平面,1400000,18.17
RPWONLPLJIOFFBF09CB,坡道平面,1600000,18.17
RPTONLPLJIOFFBF78CB,坡道平面,1550000,18.17
RPXONLPLJIOFFBF56CB,坡道平面,1500000,18.17
RPSPNLPLJIOFFBF78CB,坡道平面,1550000,16.22
RPTPNLPLJIOFFBF88CB,坡道平面,1500000,18.17
RPVPNLPLJIOFFBF09CB,坡道平面,1500000,18.17
RPXPNLPLJIOFFBF66CB,坡道平面,1500000,18.17
RPUPNLPLJIOFFBF98CB,坡道平面,1450000,18.17
RPOQNLPLJIOFFBF48CB,坡道平面,1500000,21.48
RPOPNLPLJIOFFBF38CB,坡道平面,1450000,18.17
RPQPNLPLJIOFFBF58CB,坡道平面,1600000,18.17
RPPPNLPLJIOFFBF48CB,坡道平面,1700000,18.17
RPRPNLPLJIOFFBF68CB,坡道平面,1400000,16.22
RPWQNLPLJIOFFBF66CB,坡道平面,1450000,18.17
RPXQNLPLJIOFFBF76CB,坡道平面,1500000,21.48
RPORNLPLJIOFFBF58CB,坡道平面,1400000,16.22
RPQQNLPLJIOFFBF68CB,坡道平面,1350000,18.17
RPRQNLPLJIOFFBF78CB,坡道平面,1350000,18.17
RPSQNLPLJIOFFBF88CB,坡道平面,1600000,18.17
RPQRNLPLJIOFFBF78CB,坡道平面,1450000,18.17
RPPRNLPLJIOFFBF68CB,坡道平面,1500000,18.17
RPURNLPLJIOFFBF56CB,坡道平面,1450000,18.17
RPRRNLPLJIOFFBF88CB,坡道平面,1400000,16.22
RPSRNLPLJIOFFBF98CB,坡道平面,1500000,18.17
RPVRNLPLJIOFFBF66CB,坡道平面,1500000,16.22
RPVQNLPLJIOFFBF56CB,坡道平面,1600000,18.17
RPUQNLPLJIOFFBF09CB,坡道平面,1750000,18.17
RPPQNLPLJIOFFBF58CB,坡道平面,1500000,18.17
RPTQNLPLJIOFFBF98CB,坡道平面,1450000,18.17
RPXRNLPLJIOFFBF86CB,坡道平面,1300000,18.17
RPOSNLPLJIOFFBF68CB,坡道平面,1300000,16.22
RPQSNLPLJIOFFBF88CB,坡道平面,1450000,16.22
RPWRNLPLJIOFFBF76CB,坡道平面,1300000,16.22
RPRSNLPLJIOFFBF98CB,坡道平面,1550000,18.17
RPPSNLPLJIOFFBF78CB,坡道平面,1450000,18.17
RPSSNLPLJIOFFBF09CB,坡道平面,1500000,18.17
RPTSNLPLJIOFFBF56CB,坡道平面,1500000,18.17
RPUSNLPLJIOFFBF66CB,坡道平面,1500000,18.17
RPVSNLPLJIOFFBF76CB,坡道平面,1350000,18.17
RPXSNLPLJIOFFBF96CB,坡道平面,1500000,18.17
RPWSNLPLJIOFFBF86CB,坡道平面,1550000,18.17
RPOTNLPLJIOFFBF78CB,坡道平面,1400000,18.17
RPPTNLPLJIOFFBF88CB,坡道平面,1300000,16.22
RPRTNLPLJIOFFBF09CB,坡道平面,1500000,18.17
RPTTNLPLJIOFFBF66CB,坡道平面,1600000,18.17
RPSTNLPLJIOFFBF56CB,坡道平面,1400000,18.17
RPUTNLPLJIOFFBF76CB,坡道平面,1500000,18.17
RPOUNLPLJIOFFBF88CB,坡道平面,1600000,16.22
RPXTNLPLJIOFFBF07CB,坡道平面,1600000,18.17
RPPUNLPLJIOFFBF98CB,坡道平面,1650000,18.17
RPWTNLPLJIOFFBF96CB,坡道平面,1700000,18.17
RPWTNLPLJIOFFBF96CB,坡道平面,1700000,18.17
RPQUNLPLJIOFFBF09CB,坡道平面,1650000,18.17
RPQTNLPLJIOFFBF98CB,坡道平面,1500000,18.17
RPRUNLPLJIOFFBF56CB,坡道平面,1500000,18.17
RPTUNLPLJIOFFBF76CB,坡道平面,1500000,18.17
RPSUNLPLJIOFFBF66CB,坡道平面,1600000,18.17
RPVUNLPLJIOFFBF96CB,坡道平面,1600000,18.17
RPWUNLPLJIOFFBF07CB,坡道平面,1500000,18.17
RPUUNLPLJIOFFBF86CB,坡道平面,1700000,18.17
RPXUNLPLJIOFFBF17CB,坡道平面,1500000,18.17
RPQVNLPLJIOFFBF56CB,坡道平面,1500000,18.17
RPOVNLPLJIOFFBF98CB,坡道平面,1600000,18.17
RPOVNLPLJIOFFBF98CB,坡道平面,1600000,18.17
RPSVNLPLJIOFFBF76CB,坡道平面,1500000,16.22
RPSVNLPLJIOFFBF76CB,坡道平面,1600000,18.17
RPRVNLPLJIOFFBF66CB,坡道平面,1750000,18.17
RPVVNLPLJIOFFBF07CB,坡道平面,1450000,16.22
RPTVNLPLJIOFFBF86CB,坡道平面,1400000,18.17
RPPVNLPLJIOFFBF09CB,坡道平面,1400000,18.17
RPUVNLPLJIOFFBF96CB,坡道平面,1500000,18.17
RPWVNLPLJIOFFBF17CB,坡道平面,1600000,18.17
RPXVNLPLJIOFFBF27CB,坡道平面,1550000,18.17
RPOWNLPLJIOFFBF09CB,坡道平面,1500000,18.17
RPQWNLPLJIOFFBF66CB,坡道平面,1700000,18.17
RPRWNLPLJIOFFBF76CB,坡道平面,1480000,18.17
RPPWNLPLJIOFFBF56CB,坡道平面,1550000,18.17
RPSWNLPLJIOFFBF86CB,坡道平面,1600000,18.17
RPPNOLPLJIOFFBF38CB,坡道平面,1950000,18.17
RPXWNLPLJIOFFBF37CB,坡道平面,1500000,18.17
RPONOLPLJIOFFBF28CB,坡道平面,1500000,18.17
RPVWNLPLJIOFFBF17CB,坡道平面,1350000,18.17
RPUWNLPLJIOFFBF07CB,坡道平面,1400000,18.17
RPQNOLPLJIOFFBF48CB,坡道平面,1550000,18.17
RPTWNLPLJIOFFBF96CB,坡道平面,1450000,21.48
RPTWNLPLJIOFFBF96CB,坡道平面,1450000,21.48
RPSNOLPLJIOFFBF68CB,坡道平面,1600000,18.17
RPRNOLPLJIOFFBF58CB,坡道平面,1550000,18.17
RPWWNLPLJIOFFBF27CB,坡道平面,1550000,18.17
RPTNOLPLJIOFFBF78CB,坡道平面,1450000,18.17
RPUNOLPLJIOFFBF88CB,坡道平面,1600000,18.17
RPVNOLPLJIOFFBF98CB,坡道平面,1250000,18.17
RPXNOLPLJIOFFBF56CB,坡道平面,1650000,18.17
RPUPMLPLJIOFFAF78CB,坡道平面,0,30.83
RPWPMLPLJIOFFAF98CB,坡道平面,0,30.83
RPVPMLPLJIOFFAF88CB,坡道平面,0,33.62
RPSQMLPLJIOFFAF68CB,坡道平面,0,30.83
RPPQMLPLJIOFFAF38CB,坡道平面,0,28.36
RPUQMLPLJIOFFAF88CB,坡道平面,0,33.62
RPOQMLPLJIOFFAF28CB,坡道平面,0,28.36
RPRQMLPLJIOFFAF58CB,坡道平面,0,30.83
RPTQMLPLJIOFFAF78CB,坡道平面,0,30.83
RPQQMLPLJIOFFAF48CB,坡道平面,0,30.83
RPXPMLPLJIOFFAF09CB,坡道平面,0,30.83
RPVQMLPLJIOFFAF98CB,坡道平面,0,28.36
RPORMLPLJIOFFAF38CB,坡道平面,0,30.83
RPWQMLPLJIOFFAF09CB,坡道平面,0,30.83
RPXQMLPLJIOFFAF56CB,坡道平面,0,30.83
RPPRMLPLJIOFFAF48CB,坡道平面,0,30.83
RPRRMLPLJIOFFAF68CB,坡道平面,0,28.36
RPSRMLPLJIOFFAF78CB,坡道平面,0,30.83
RPQRMLPLJIOFFAF58CB,坡道平面,0,30.83
RPURMLPLJIOFFAF98CB,坡道平面,0,30.83
RPTRMLPLJIOFFAF88CB,坡道平面,0,30.83
RPOSMLPLJIOFFAF48CB,坡道平面,0,30.83
RPWRMLPLJIOFFAF56CB,坡道平面,0,28.36
RPXRMLPLJIOFFAF66CB,坡道平面,0,30.83
RPVRMLPLJIOFFAF09CB,坡道平面,0,30.83
RPQSMLPLJIOFFAF68CB,坡道平面,0,30.83
RPPSMLPLJIOFFAF58CB,坡道平面,0,30.83
RPRSMLPLJIOFFAF78CB,坡道平面,0,33.62
RPSSMLPLJIOFFAF88CB,坡道平面,0,30.83
RPUSMLPLJIOFFAF09CB,坡道平面,0,30.83
RPXSMLPLJIOFFAF76CB,坡道平面,0,30.83
RPOTMLPLJIOFFAF58CB,坡道平面,0,30.83
RPWSMLPLJIOFFAF66CB,坡道平面,0,28.36
RPVSMLPLJIOFFAF56CB,坡道平面,0,30.83
RPTSMLPLJIOFFAF98CB,坡道平面,0,30.83
RPQTMLPLJIOFFAF78CB,坡道平面,0,33.62
RPPTMLPLJIOFFAF68CB,坡道平面,0,30.83
RPRTMLPLJIOFFAF88CB,坡道平面,0,30.83
RPSTMLPLJIOFFAF98CB,坡道平面,0,30.83
RPUTMLPLJIOFFAF56CB,坡道平面,0,30.83
RPTTMLPLJIOFFAF09CB,坡道平面,0,30.83
RPSUMLPLJIOFFAF09CB,坡道平面,0,28.36
RPQUMLPLJIOFFAF88CB,坡道平面,0,30.83
RPRUMLPLJIOFFAF98CB,坡道平面,0,30.83
RPWVMLPLJIOFFAF96CB,坡道平面,0,30.83
RPTVMLPLJIOFFAF66CB,坡道平面,0,28.36
RPVTMLPLJIOFFAF66CB,坡道平面,0,33.62
RPQVMLPLJIOFFAF98CB,坡道平面,0,30.83
RPSVMLPLJIOFFAF56CB,坡道平面,0,30.83
RPRVMLPLJIOFFAF09CB,坡道平面,0,30.83
RPOWMLPLJIOFFAF88CB,坡道平面,0,30.83
RPXVMLPLJIOFFAF07CB,坡道平面,0,30.83
RPUVMLPLJIOFFAF76CB,坡道平面,0,30.83
RPPWMLPLJIOFFAF98CB,坡道平面,0,30.83
RPVVMLPLJIOFFAF86CB,坡道平面,0,30.83
RPUWMLPLJIOFFAF86CB,坡道平面,0,30.83
RPVWMLPLJIOFFAF96CB,坡道平面,0,30.83
RPXWMLPLJIOFFAF17CB,坡道平面,0,30.83
RPPNNLPLJIOFFAF18CB,坡道平面,0,30.83
RPONNLPLJIOFFAF08CB,坡道平面,0,30.83
RPTNNLPLJIOFFAF58CB,坡道平面,0,30.83
RPUNNLPLJIOFFAF68CB,坡道平面,0,30.83
RPRWMLPLJIOFFAF56CB,坡道平面,0,30.83
RPVNNLPLJIOFFAF78CB,坡道平面,0,30.83
RPQWMLPLJIOFFAF09CB,坡道平面,0,30.83
RPWNNLPLJIOFFAF88CB,坡道平面,0,30.83
RPOONLPLJIOFFAF18CB,坡道平面,0,30.83
RPXNNLPLJIOFFAF98CB,坡道平面,0,28.36
RPRNNLPLJIOFFAF38CB,坡道平面,0,28.36
RPWWMLPLJIOFFAF07CB,坡道平面,0,30.83
RPSWMLPLJIOFFAF66CB,坡道平面,0,30.83
RPTWMLPLJIOFFAF76CB,坡道平面,0,30.83
RPQNNLPLJIOFFAF28CB,坡道平面,0,30.83
RPSNNLPLJIOFFAF48CB,坡道平面,0,30.83
RPTONLPLJIOFFAF68CB,坡道平面,0,30.83
RPUONLPLJIOFFAF78CB,坡道平面,0,30.83
RPPONLPLJIOFFAF28CB,坡道平面,0,30.83
RPVONLPLJIOFFAF88CB,坡道平面,0,30.83
RPSONLPLJIOFFAF58CB,坡道平面,0,30.83
RPRONLPLJIOFFAF48CB,坡道平面,0,28.36
RPXONLPLJIOFFAF09CB,坡道平面,0,30.83
RPQONLPLJIOFFAF38CB,坡道平面,0,30.83
RPOPNLPLJIOFFAF28CB,坡道平面,0,30.83
RPWONLPLJIOFFAF98CB,坡道平面,0,30.83
RPPPNLPLJIOFFAF38CB,坡道平面,0,28.36
RPVPNLPLJIOFFAF98CB,坡道平面,0,30.83
RPTPNLPLJIOFFAF78CB,坡道平面,0,30.83
RPOQNLPLJIOFFAF38CB,坡道平面,0,33.62
RPQPNLPLJIOFFAF48CB,坡道平面,0,30.83
RPSPNLPLJIOFFAF68CB,坡道平面,0,33.62
RPXPNLPLJIOFFAF56CB,坡道平面,0,30.83
RPUPNLPLJIOFFAF88CB,坡道平面,0,30.83
RPWPNLPLJIOFFAF09CB,坡道平面,0,30.83
RPRPNLPLJIOFFAF58CB,坡道平面,0,30.83
RPPQNLPLJIOFFAF48CB,坡道平面,0,30.83
RPQQNLPLJIOFFAF58CB,坡道平面,0,30.83
RPSQNLPLJIOFFAF78CB,坡道平面,0,30.83
RPTQNLPLJIOFFAF88CB,坡道平面,0,30.83
RPRQNLPLJIOFFAF68CB,坡道平面,0,33.62
RPUQNLPLJIOFFAF98CB,坡道平面,0,30.83
RPOSNLPLJIOFFAF58CB,坡道平面,0,30.83
RPXQNLPLJIOFFAF66CB,坡道平面,0,30.83
RPQSNLPLJIOFFAF78CB,坡道平面,0,30.83
RPPSNLPLJIOFFAF68CB,坡道平面,0,30.83
RPRSNLPLJIOFFAF88CB,坡道平面,0,33.62
RPSSNLPLJIOFFAF98CB,坡道平面,0,30.83
RPTSNLPLJIOFFAF09CB,坡道平面,0,30.83
RPUSNLPLJIOFFAF56CB,坡道平面,0,30.83
RPVSNLPLJIOFFAF66CB,坡道平面,0,30.83
RPWSNLPLJIOFFAF76CB,坡道平面,0,30.83
RPXSNLPLJIOFFAF86CB,坡道平面,0,30.83
RPOTNLPLJIOFFAF68CB,坡道平面,0,30.83
RPTTNLPLJIOFFAF56CB,坡道平面,0,30.83
RPPTNLPLJIOFFAF78CB,坡道平面,0,30.83
RPUTNLPLJIOFFAF66CB,坡道平面,0,30.83
RPSTNLPLJIOFFAF09CB,坡道平面,0,30.83
RPXTNLPLJIOFFAF96CB,坡道平面,0,30.83
RPVTNLPLJIOFFAF76CB,坡道平面,0,30.83
RPRTNLPLJIOFFAF98CB,坡道平面,0,30.83
RPWTNLPLJIOFFAF86CB,坡道平面,0,30.83
RPOUNLPLJIOFFAF78CB,坡道平面,0,28.36
RPQUNLPLJIOFFAF98CB,坡道平面,0,30.83
RPPUNLPLJIOFFAF88CB,坡道平面,0,30.83
RPSUNLPLJIOFFAF56CB,坡道平面,0,30.83
RPTUNLPLJIOFFAF66CB,坡道平面,0,30.83
RPRUNLPLJIOFFAF09CB,坡道平面,0,30.83
RPUUNLPLJIOFFAF76CB,坡道平面,0,30.83
RPXUNLPLJIOFFAF07CB,坡道平面,0,30.83
RPWUNLPLJIOFFAF96CB,坡道平面,0,30.83
RPOVNLPLJIOFFAF88CB,坡道平面,0,30.83
RPQVNLPLJIOFFAF09CB,坡道平面,0,28.36
RPVUNLPLJIOFFAF86CB,坡道平面,0,30.83
RPSVNLPLJIOFFAF66CB,坡道平面,0,30.83
RPPVNLPLJIOFFAF98CB,坡道平面,0,30.83
RPUVNLPLJIOFFAF86CB,坡道平面,0,30.83
RPRVNLPLJIOFFAF56CB,坡道平面,0,30.83
RPTVNLPLJIOFFAF76CB,坡道平面,0,30.83
RPVVNLPLJIOFFAF96CB,坡道平面,0,30.83
RPOWNLPLJIOFFAF98CB,坡道平面,0,33.62
RPWVNLPLJIOFFAF07CB,坡道平面,0,30.83
RPXVNLPLJIOFFAF17CB,坡道平面,0,33.62
RPRWNLPLJIOFFAF66CB,坡道平面,0,28.36
RPUWNLPLJIOFFAF96CB,坡道平面,0,30.83
RPSWNLPLJIOFFAF76CB,坡道平面,0,30.83
RPTWNLPLJIOFFAF86CB,坡道平面,0,30.83
RPVWNLPLJIOFFAF07CB,坡道平面,0,30.83
RPWWNLPLJIOFFAF17CB,坡道平面,0,30.83
RPXWNLPLJIOFFAF27CB,坡道平面,0,30.83
RPQWNLPLJIOFFAF56CB,坡道平面,0,30.83
RPPWNLPLJIOFFAF09CB,坡道平面,0,30.83
RPONOLPLJIOFFAF18CB,坡道平面,0,33.62
RPRNOLPLJIOFFAF48CB,坡道平面,0,30.83
RPQNOLPLJIOFFAF38CB,坡道平面,0,33.62
RPPNOLPLJIOFFAF28CB,坡道平面,0,30.83
RPSNOLPLJIOFFAF58CB,坡道平面,0,30.83
RPTNOLPLJIOFFAF68CB,坡道平面,0,28.36
RPWNOLPLJIOFFAF98CB,坡道平面,0,28.36
RPXNOLPLJIOFFAF09CB,坡道平面,0,28.36
RPXNOLPLJIOFFAF09CB,坡道平面,0,30.83
RPUNOLPLJIOFFAF78CB,坡道平面,0,30.83
RPOOOLPLJIOFFAF28CB,坡道平面,0,30.83
RPVNOLPLJIOFFAF88CB,坡道平面,0,30.83
RPPOOLPLJIOFFAF38CB,坡道平面,0,30.83
RPQOOLPLJIOFFAF48CB,坡道平面,0,30.83
RPQPOLPLJIOFFAF58CB,坡道平面,0,30.83
RPSOOLPLJIOFFAF68CB,坡道平面,0,30.83
RPUOOLPLJIOFFAF88CB,坡道平面,0,30.83
RPTOOLPLJIOFFAF78CB,坡道平面,0,30.83
RPPPOLPLJIOFFAF48CB,坡道平面,0,33.62
RPROOLPLJIOFFAF58CB,坡道平面,0,30.83
RPVOOLPLJIOFFAF98CB,坡道平面,0,30.83
RPWOOLPLJIOFFAF09CB,坡道平面,0,30.83
RPXOOLPLJIOFFAF56CB,坡道平面,0,30.83
RPOPOLPLJIOFFAF38CB,坡道平面,0,30.83
RPRPOLPLJIOFFAF68CB,坡道平面,0,28.36
RPSPOLPLJIOFFAF78CB,坡道平面,0,30.83
RPTPOLPLJIOFFAF88CB,坡道平面,0,30.83
RPWPOLPLJIOFFAF56CB,坡道平面,0,30.83
RPXPOLPLJIOFFAF66CB,坡道平面,0,30.83
RPUPOLPLJIOFFAF98CB,坡道平面,0,30.83
RPPQOLPLJIOFFAF58CB,坡道平面,0,30.83
RPOQOLPLJIOFFAF48CB,坡道平面,0,30.83
RPVPOLPLJIOFFAF09CB,坡道平面,0,33.62
RPQQOLPLJIOFFAF68CB,坡道平面,0,30.83
RPTQOLPLJIOFFAF98CB,坡道平面,0,30.83
RPSQOLPLJIOFFAF88CB,坡道平面,0,28.36
RPUQOLPLJIOFFAF09CB,坡道平面,0,30.83
RPVQOLPLJIOFFAF56CB,坡道平面,0,28.36
RPRQOLPLJIOFFAF78CB,坡道平面,0,30.83
RPXQOLPLJIOFFAF76CB,坡道平面,0,30.83
RPOROLPLJIOFFAF58CB,坡道平面,0,30.83
RPWQOLPLJIOFFAF66CB,坡道平面,0,30.83
RPPROLPLJIOFFAF68CB,坡道平面,0,30.83
RPQROLPLJIOFFAF78CB,坡道平面,0,30.83
RPRROLPLJIOFFAF88CB,坡道平面,0,30.83
RPTROLPLJIOFFAF09CB,坡道平面,0,30.83
RPSROLPLJIOFFAF98CB,坡道平面,0,30.83
RPTSOLPLJIOFFAF56CB,坡道平面,0,30.83
RPUROLPLJIOFFAF56CB,坡道平面,0,30.83
RPQSOLPLJIOFFAF88CB,坡道平面,0,30.83
RPRSOLPLJIOFFAF98CB,坡道平面,0,28.36
RPVROLPLJIOFFAF66CB,坡道平面,0,30.83
RPSSOLPLJIOFFAF09CB,坡道平面,0,30.83
RPWROLPLJIOFFAF76CB,坡道平面,0,30.83
RPPSOLPLJIOFFAF78CB,坡道平面,0,30.83
RPOSOLPLJIOFFAF68CB,坡道平面,0,30.83
RPXROLPLJIOFFAF86CB,坡道平面,0,28.36
RPUSOLPLJIOFFAF66CB,坡道平面,0,30.83
RPVSOLPLJIOFFAF76CB,坡道平面,0,30.83
RPXSOLPLJIOFFAF96CB,坡道平面,0,30.83
RPPTOLPLJIOFFAF88CB,坡道平面,0,30.83
RPRTOLPLJIOFFAF09CB,坡道平面,0,30.83
RPQTOLPLJIOFFAF98CB,坡道平面,0,30.83
RPTTOLPLJIOFFAF66CB,坡道平面,0,30.83
RPSTOLPLJIOFFAF56CB,坡道平面,0,30.83
RPUTOLPLJIOFFAF76CB,坡道平面,0,30.83
RPOTOLPLJIOFFAF78CB,坡道平面,0,30.83
RPOTOLPLJIOFFAF78CB,坡道平面,0,33.62
RPWSOLPLJIOFFAF86CB,坡道平面,0,30.83
RPVTOLPLJIOFFAF86CB,坡道平面,0,30.83
RPXTOLPLJIOFFAF07CB,坡道平面,0,30.83
RPPUOLPLJIOFFAF98CB,坡道平面,0,30.83
RPOUOLPLJIOFFAF88CB,坡道平面,0,30.83
RPWTOLPLJIOFFAF96CB,坡道平面,0,33.62
RPOVOLPLJIOFFAF98CB,坡道平面,0,28.36
RPVUOLPLJIOFFAF96CB,坡道平面,0,30.83
RPWUOLPLJIOFFAF07CB,坡道平面,0,30.83
RPXUOLPLJIOFFAF17CB,坡道平面,0,28.36
RPPVOLPLJIOFFAF09CB,坡道平面,0,30.83
RPQUOLPLJIOFFAF09CB,坡道平面,0,28.36
RPSUOLPLJIOFFAF66CB,坡道平面,0,30.83
RPTUOLPLJIOFFAF76CB,坡道平面,0,30.83
RPRUOLPLJIOFFAF56CB,坡道平面,0,30.83
RPRVOLPLJIOFFAF66CB,坡道平面,0,30.83
RPTVOLPLJIOFFAF86CB,坡道平面,0,28.36
RPQVOLPLJIOFFAF56CB,坡道平面,0,30.83
RPSVOLPLJIOFFAF76CB,坡道平面,0,30.83
RPUVOLPLJIOFFAF96CB,坡道平面,0,30.83
RPVVOLPLJIOFFAF07CB,坡道平面,0,30.83
RPWVOLPLJIOFFAF17CB,坡道平面,0,30.83
RPUUOLPLJIOFFAF86CB,坡道平面,0,28.36
RPXVOLPLJIOFFAF27CB,坡道平面,0,30.83
RPSWOLPLJIOFFAF86CB,坡道平面,0,30.83
RPRWOLPLJIOFFAF76CB,坡道平面,0,30.83
RPTWOLPLJIOFFAF96CB,坡道平面,0,30.83
RPUWOLPLJIOFFAF07CB,坡道平面,0,30.83
RPVWOLPLJIOFFAF17CB,坡道平面,0,30.83
RPWWOLPLJIOFFAF27CB,坡道平面,0,30.83
RPOWOLPLJIOFFAF09CB,坡道平面,0,30.83
RPQWOLPLJIOFFAF66CB,坡道平面,0,30.83
RPPWOLPLJIOFFAF56CB,坡道平面,0,30.83
RPPNPLPLJIOFFAF38CB,坡道平面,0,33.62
RPXWOLPLJIOFFAF37CB,坡道平面,0,30.83
RPOOPLPLJIOFFAF38CB,坡道平面,0,23.98
RPSNPLPLJIOFFAF68CB,坡道平面,0,28.36
RPVNPLPLJIOFFAF98CB,坡道平面,0,30.83
RPPOPLPLJIOFFAF48CB,坡道平面,0,23.98
RPROPLPLJIOFFAF68CB,坡道平面,0,22.06
RPWNPLPLJIOFFAF09CB,坡道平面,0,23.98
RPTNPLPLJIOFFAF78CB,坡道平面,0,30.83
RPQNPLPLJIOFFAF48CB,坡道平面,0,30.83
RPUNPLPLJIOFFAF88CB,坡道平面,0,30.83
RPSOPLPLJIOFFAF78CB,坡道平面,0,23.98
RPVOPLPLJIOFFAF09CB,坡道平面,0,22.06
RPTOPLPLJIOFFAF88CB,坡道平面,0,23.98
RPWOPLPLJIOFFAF56CB,坡道平面,0,23.98
RPXOPLPLJIOFFAF66CB,坡道平面,0,22.06
RPQPPLPLJIOFFAF68CB,坡道平面,0,23.98
RPSPPLPLJIOFFAF88CB,坡道平面,0,22.06
RPVPPLPLJIOFFAF56CB,坡道平面,0,23.98
RPUOPLPLJIOFFAF98CB,坡道平面,0,22.06
RPTPPLPLJIOFFAF98CB,坡道平面,0,23.98
RPUPPLPLJIOFFAF09CB,坡道平面,0,26.16
RPOQPLPLJIOFFAF58CB,坡道平面,0,23.98
RPUQPLPLJIOFFAF56CB,坡道平面,0,23.98
RPPQPLPLJIOFFAF68CB,坡道平面,0,23.98
RPVQPLPLJIOFFAF66CB,坡道平面,0,23.98
RPSQPLPLJIOFFAF98CB,坡道平面,0,23.98
RPQQPLPLJIOFFAF78CB,坡道平面,0,23.98
RPXPPLPLJIOFFAF76CB,坡道平面,0,23.98
RPWPPLPLJIOFFAF66CB,坡道平面,0,23.98
RPPRPLPLJIOFFAF78CB,坡道平面,0,23.98
RPTRPLPLJIOFFAF56CB,坡道平面,0,23.98
RPURPLPLJIOFFAF66CB,坡道平面,0,23.98
RPRRPLPLJIOFFAF98CB,坡道平面,0,23.98
RPVRPLPLJIOFFAF76CB,坡道平面,0,26.16
RPORPLPLJIOFFAF68CB,坡道平面,0,23.98
RPSRPLPLJIOFFAF09CB,坡道平面,0,23.98
RPWRPLPLJIOFFAF86CB,坡道平面,0,23.98
RPOSPLPLJIOFFAF78CB,坡道平面,0,23.98
RPXRPLPLJIOFFAF96CB,坡道平面,0,23.98
RPSSPLPLJIOFFAF56CB,坡道平面,0,23.98
RPWSPLPLJIOFFAF96CB,坡道平面,0,26.16
RPTSPLPLJIOFFAF66CB,坡道平面,0,23.98
RPTSPLPLJIOFFAF66CB,坡道平面,0,22.06
RPUSPLPLJIOFFAF76CB,坡道平面,0,23.98
RPRSPLPLJIOFFAF09CB,坡道平面,0,26.16
RPQSPLPLJIOFFAF98CB,坡道平面,0,23.98
RPPTPLPLJIOFFAF98CB,坡道平面,0,26.16
RPQTPLPLJIOFFAF09CB,坡道平面,0,23.98
RPTTPLPLJIOFFAF76CB,坡道平面,0,22.06
RPWTPLPLJIOFFAF07CB,坡道平面,0,26.16
RPUTPLPLJIOFFAF86CB,坡道平面,0,23.98
RPRTPLPLJIOFFAF56CB,坡道平面,0,23.98
RPQUPLPLJIOFFAF56CB,坡道平面,0,23.98
RPXTPLPLJIOFFAF17CB,坡道平面,0,22.06
RPPUPLPLJIOFFAF09CB,坡道平面,0,23.98
RPOUPLPLJIOFFAF98CB,坡道平面,0,23.98
RPRUPLPLJIOFFAF66CB,坡道平面,0,23.98
RPSUPLPLJIOFFAF76CB,坡道平面,0,22.06
RPTUPLPLJIOFFAF86CB,坡道平面,0,23.98
RPUUPLPLJIOFFAF96CB,坡道平面,0,23.98
RPSVPLPLJIOFFAF86CB,坡道平面,0,22.06
RPRVPLPLJIOFFAF76CB,坡道平面,0,23.98
RPPVPLPLJIOFFAF56CB,坡道平面,0,22.06
RPWUPLPLJIOFFAF17CB,坡道平面,0,23.98
RPUVPLPLJIOFFAF07CB,坡道平面,0,23.98
RPQVPLPLJIOFFAF66CB,坡道平面,0,23.98
RPTVPLPLJIOFFAF96CB,坡道平面,0,23.98
RPVVPLPLJIOFFAF17CB,坡道平面,0,22.06
RPWVPLPLJIOFFAF27CB,坡道平面,0,23.98
RPXVPLPLJIOFFAF37CB,坡道平面,0,23.98
RPQWPLPLJIOFFAF76CB,坡道平面,0,22.06
RPOWPLPLJIOFFAF56CB,坡道平面,0,23.98
RPUWPLPLJIOFFAF17CB,坡道平面,0,22.06
RPTWPLPLJIOFFAF07CB,坡道平面,0,23.98
RPRWPLPLJIOFFAF86CB,坡道平面,0,26.16
RPPNQLPLJIOFFAF48CB,坡道平面,0,23.98
RPVNQLPLJIOFFAF09CB,坡道平面,0,26.16
RPPOQLPLJIOFFAF58CB,坡道平面,0,23.98
RPWOQLPLJIOFFAF66CB,坡道平面,0,23.98
RPUOQLPLJIOFFAF09CB,坡道平面,0,23.98
RPVOQLPLJIOFFAF56CB,坡道平面,0,26.12
RPPPQLPLJIOFFAF68CB,坡道平面,0,23.98
RPXOQLPLJIOFFAF76CB,坡道平面,0,22.06
RPQPQLPLJIOFFAF78CB,坡道平面,0,23.98
RPRPQLPLJIOFFAF88CB,坡道平面,0,22.06
RPSPQLPLJIOFFAF98CB,坡道平面,0,23.98
RPSQQLPLJIOFFAF09CB,坡道平面,0,23.98
RPPQQLPLJIOFFAF78CB,坡道平面,0,23.98
RPUPQLPLJIOFFAF56CB,坡道平面,0,23.98
RPRQQLPLJIOFFAF98CB,坡道平面,0,23.98
RPVPQLPLJIOFFAF66CB,坡道平面,0,23.98
RPOQQLPLJIOFFAF68CB,坡道平面,0,22.06
RPXPQLPLJIOFFAF86CB,坡道平面,0,23.98
RPTPQLPLJIOFFAF09CB,坡道平面,0,23.98
RPWPQLPLJIOFFAF76CB,坡道平面,0,23.98
RPXQQLPLJIOFFAF96CB,坡道平面,0,23.98
RPTQQLPLJIOFFAF56CB,坡道平面,0,23.98
RPUQQLPLJIOFFAF66CB,坡道平面,0,23.98
RPVQQLPLJIOFFAF76CB,坡道平面,0,23.98
RPQRQLPLJIOFFAF98CB,坡道平面,0,22.06
RPORQLPLJIOFFAF78CB,坡道平面,0,23.98
RPTRQLPLJIOFFAF66CB,坡道平面,0,23.98
RPRRQLPLJIOFFAF09CB,坡道平面,0,28.77
RPURQLPLJIOFFAF76CB,坡道平面,0,23.98
RPSRQLPLJIOFFAF56CB,坡道平面,0,22.06
RPPRQLPLJIOFFAF88CB,坡道平面,0,23.98
RPVRQLPLJIOFFAF86CB,坡道平面,0,22.06
RPSSQLPLJIOFFAF66CB,坡道平面,0,26.16
RPTSQLPLJIOFFAF76CB,坡道平面,0,23.98
RPUSQLPLJIOFFAF86CB,坡道平面,0,23.98
RPVSQLPLJIOFFAF96CB,坡道平面,0,28.77
RPWRQLPLJIOFFAF96CB,坡道平面,0,23.98
RPXRQLPLJIOFFAF07CB,坡道平面,0,23.98
RPWSQLPLJIOFFAF07CB,坡道平面,0,26.16
RPQTQLPLJIOFFAF56CB,坡道平面,0,26.16
RPRTQLPLJIOFFAF66CB,坡道平面,0,22.06
RPOTQLPLJIOFFAF98CB,坡道平面,0,23.98
RPQSQLPLJIOFFAF09CB,坡道平面,0,23.98
RPOSQLPLJIOFFAF88CB,坡道平面,0,23.98
RPSTQLPLJIOFFAF76CB,坡道平面,0,23.98
RPPSQLPLJIOFFAF98CB,坡道平面,0,22.06
RPRSQLPLJIOFFAF56CB,坡道平面,0,22.06
RPTTQLPLJIOFFAF86CB,坡道平面,0,22.06
RPUTQLPLJIOFFAF96CB,坡道平面,0,23.98
RPXTQLPLJIOFFAF27CB,坡道平面,0,23.98
RPWTQLPLJIOFFAF17CB,坡道平面,0,23.98
RPOUQLPLJIOFFAF09CB,坡道平面,0,23.98
RPPUQLPLJIOFFAF56CB,坡道平面,0,23.98
RPVTQLPLJIOFFAF07CB,坡道平面,0,23.98
RPQUQLPLJIOFFAF66CB,坡道平面,0,23.98
RPSUQLPLJIOFFAF86CB,坡道平面,0,23.98
RPRUQLPLJIOFFAF76CB,坡道平面,0,23.98
RPTUQLPLJIOFFAF96CB,坡道平面,0,23.98
RPWUQLPLJIOFFAF27CB,坡道平面,0,26.16
RPVUQLPLJIOFFAF17CB,坡道平面,0,26.16
RPUUQLPLJIOFFAF07CB,坡道平面,0,23.98
RPXUQLPLJIOFFAF37CB,坡道平面,0,23.98
RPOVQLPLJIOFFAF56CB,坡道平面,0,23.98
RPPVQLPLJIOFFAF66CB,坡道平面,0,23.98
RPSVQLPLJIOFFAF96CB,坡道平面,0,26.16
RPQVQLPLJIOFFAF76CB,坡道平面,0,22.06
RPOWQLPLJIOFFAF66CB,坡道平面,0,22.06
RPWVQLPLJIOFFAF37CB,坡道平面,0,23.98
RPTVQLPLJIOFFAF07CB,坡道平面,0,23.98
RPUVQLPLJIOFFAF17CB,坡道平面,0,22.06
RPSWQLPLJIOFFAF07CB,坡道平面,0,23.98
RPVVQLPLJIOFFAF27CB,坡道平面,0,28.77
RPPWQLPLJIOFFAF76CB,坡道平面,0,23.98
RPRWQLPLJIOFFAF96CB,坡道平面,0,23.98
RPXVQLPLJIOFFAF47CB,坡道平面,0,23.98
RPQWQLPLJIOFFAF86CB,坡道平面,0,22.06
RPUWQLPLJIOFFAF27CB,坡道平面,0,23.98
RPVWQLPLJIOFFAF37CB,坡道平面,0,23.98
RPWWQLPLJIOFFAF47CB,坡道平面,0,23.98
RPSNRLPLJIOFFAF88CB,坡道平面,0,23.98
RPQNRLPLJIOFFAF68CB,坡道平面,0,23.98
RPRNRLPLJIOFFAF78CB,坡道平面,0,23.98
RPTNRLPLJIOFFAF98CB,坡道平面,0,23.98
RPXWQLPLJIOFFAF57CB,坡道平面,0,23.98
RPXWQLPLJIOFFAF57CB,坡道平面,0,23.98
RPUNRLPLJIOFFAF09CB,坡道平面,0,23.98
RPVNRLPLJIOFFAF56CB,坡道平面,0,26.16
RPWNRLPLJIOFFAF66CB,坡道平面,0,23.98
RPOORLPLJIOFFAF58CB,坡道平面,0,23.98
RPPORLPLJIOFFAF68CB,坡道平面,0,23.98
RPXNRLPLJIOFFAF76CB,坡道平面,0,23.98
RPQORLPLJIOFFAF78CB,坡道平面,0,23.98
RPSORLPLJIOFFAF98CB,坡道平面,0,23.98
RPUORLPLJIOFFAF56CB,坡道平面,0,28.77
RPUORLPLJIOFFAF56CB,坡道平面,0,23.98
RPTORLPLJIOFFAF09CB,坡道平面,0,23.98
RPVORLPLJIOFFAF66CB,坡道平面,0,23.98
RPRORLPLJIOFFAF88CB,坡道平面,0,23.98
RPRORLPLJIOFFAF88CB,坡道平面,0,23.98
RPOPRLPLJIOFFAF68CB,坡道平面,0,23.98
RPPPRLPLJIOFFAF78CB,坡道平面,0,23.98
RPQPRLPLJIOFFAF88CB,坡道平面,0,26.16
RPWORLPLJIOFFAF76CB,坡道平面,0,22.06
RPRPRLPLJIOFFAF98CB,坡道平面,0,23.98
RPUPRLPLJIOFFAF66CB,坡道平面,0,23.98
RPSPRLPLJIOFFAF09CB,坡道平面,0,23.98
RPVPRLPLJIOFFAF76CB,坡道平面,0,22.06
RPXPRLPLJIOFFAF96CB,坡道平面,0,26.16
RPOQRLPLJIOFFAF78CB,坡道平面,0,23.98
RPPQRLPLJIOFFAF88CB,坡道平面,0,22.06
RPRRRLPLJIOFFAF56CB,坡道平面,0,23.98
RPTPRLPLJIOFFAF56CB,坡道平面,0,23.98
RPOURLPLJIOFFAF56CB,坡道平面,0,23.98
RPXTRLPLJIOFFAF37CB,坡道平面,0,23.98
RPWTRLPLJIOFFAF27CB,坡道平面,0,23.98
RPVTRLPLJIOFFAF17CB,坡道平面,0,23.98
RPUTRLPLJIOFFAF07CB,坡道平面,0,23.98
RPSVRLPLJIOFFAF07CB,坡道平面,0,23.98
RPQVRLPLJIOFFAF86CB,坡道平面,0,22.06
RPPVRLPLJIOFFAF76CB,坡道平面,0,23.98
RPRVRLPLJIOFFAF96CB,坡道平面,0,23.98
RPWVRLPLJIOFFAF47CB,坡道平面,0,23.98
RPVVRLPLJIOFFAF37CB,坡道平面,0,23.98
RPTVRLPLJIOFFAF17CB,坡道平面,0,23.98
RPXVRLPLJIOFFAF57CB,坡道平面,0,23.98
RPUVRLPLJIOFFAF27CB,坡道平面,0,23.98
RPOWRLPLJIOFFAF76CB,坡道平面,0,23.98
RPQWRLPLJIOFFAF96CB,坡道平面,0,23.98
RPPWRLPLJIOFFAF86CB,坡道平面,0,23.98
RPSWRLPLJIOFFAF17CB,坡道平面,0,22.06
RPRWRLPLJIOFFAF07CB,坡道平面,0,23.98
RPTWRLPLJIOFFAF27CB,坡道平面,0,23.98
RPSNSLPLJIOFFAF98CB,坡道平面,0,23.98
RPQNSLPLJIOFFAF78CB,坡道平面,0,23.98
RPTNSLPLJIOFFAF09CB,坡道平面,0,23.98
RPUNSLPLJIOFFAF56CB,坡道平面,0,23.98
RPVNSLPLJIOFFAF66CB,坡道平面,0,23.98
RPWNSLPLJIOFFAF76CB,坡道平面,0,22.06
RPXNSLPLJIOFFAF86CB,坡道平面,0,23.98
RPROSLPLJIOFFAF98CB,坡道平面,0,23.98
RPPOSLPLJIOFFAF78CB,坡道平面,0,22.06
RPSOSLPLJIOFFAF09CB,坡道平面,0,23.98
RPOPSLPLJIOFFAF78CB,坡道平面,0,23.98
RPTOSLPLJIOFFAF56CB,坡道平面,0,22.06
RPXOSLPLJIOFFAF96CB,坡道平面,0,23.98
RPPPSLPLJIOFFAF88CB,坡道平面,0,23.98
RPUOSLPLJIOFFAF66CB,坡道平面,0,22.06
RPQPSLPLJIOFFAF98CB,坡道平面,0,23.98
RPRPSLPLJIOFFAF09CB,坡道平面,0,23.98
RPSPSLPLJIOFFAF56CB,坡道平面,0,23.98
RPVOSLPLJIOFFAF76CB,坡道平面,0,23.98
RPWOSLPLJIOFFAF86CB,坡道平面,0,23.98
RPWPSLPLJIOFFAF96CB,坡道平面,0,22.06
RPTPSLPLJIOFFAF66CB,坡道平面,0,23.98
RPUPSLPLJIOFFAF76CB,坡道平面,0,23.98
RPVPSLPLJIOFFAF86CB,坡道平面,0,22.06
RPPQSLPLJIOFFAF98CB,坡道平面,0,23.98
RPWQSLPLJIOFFAF07CB,坡道平面,0,22.06
RPQQSLPLJIOFFAF09CB,坡道平面,0,23.98
RPVQSLPLJIOFFAF96CB,坡道平面,0,23.98
RPSQSLPLJIOFFAF66CB,坡道平面,0,23.98
RPTQSLPLJIOFFAF76CB,坡道平面,0,23.98
RPUQSLPLJIOFFAF86CB,坡道平面,0,23.98
RPRQSLPLJIOFFAF56CB,坡道平面,0,23.98
RPXQSLPLJIOFFAF17CB,坡道平面,0,28.77
RPORSLPLJIOFFAF98CB,坡道平面,0,23.98
RPOQSLPLJIOFFAF88CB,坡道平面,0,23.98
RPXPSLPLJIOFFAF07CB,坡道平面,0,23.98
RPRRSLPLJIOFFAF66CB,坡道平面,0,22.06
RPQRSLPLJIOFFAF56CB,坡道平面,0,23.98
RPPRSLPLJIOFFAF09CB,坡道平面,0,23.98
RPSRSLPLJIOFFAF76CB,坡道平面,0,22.06
RPQSSLPLJIOFFAF66CB,坡道平面,0,23.98
RPSSSLPLJIOFFAF86CB,坡道平面,0,23.98
RPRSSLPLJIOFFAF76CB,坡道平面,0,23.98
RPTRSLPLJIOFFAF86CB,坡道平面,0,23.98
RPWRSLPLJIOFFAF17CB,坡道平面,0,22.06
RPVRSLPLJIOFFAF07CB,坡道平面,0,23.98
RPURSLPLJIOFFAF96CB,坡道平面,0,23.98
RPXRSLPLJIOFFAF27CB,坡道平面,0,23.98
RPOSSLPLJIOFFAF09CB,坡道平面,0,23.98
RPPSSLPLJIOFFAF56CB,坡道平面,0,23.98
RPUSSLPLJIOFFAF07CB,坡道平面,0,23.98
RPTSSLPLJIOFFAF96CB,坡道平面,0,22.06
RPVSSLPLJIOFFAF17CB,坡道平面,0,23.98
RPWSSLPLJIOFFAF27CB,坡道平面,0,22.06
RPXSSLPLJIOFFAF37CB,坡道平面,0,22.06
RPOTSLPLJIOFFAF56CB,坡道平面,0,22.06
RPPTSLPLJIOFFAF66CB,坡道平面,0,22.06
RPQTSLPLJIOFFAF76CB,坡道平面,0,23.98
RPRTSLPLJIOFFAF86CB,坡道平面,0,22.06
RPSTSLPLJIOFFAF96CB,坡道平面,0,23.98
RPUTSLPLJIOFFAF17CB,坡道平面,0,23.98
RPTTSLPLJIOFFAF07CB,坡道平面,0,23.98
RPVTSLPLJIOFFAF27CB,坡道平面,0,23.98
RPOUSLPLJIOFFAF66CB,坡道平面,0,22.06
RPWTSLPLJIOFFAF37CB,坡道平面,0,22.06
RPXTSLPLJIOFFAF47CB,坡道平面,0,23.98
RPQUSLPLJIOFFAF86CB,坡道平面,0,23.98
RPPUSLPLJIOFFAF76CB,坡道平面,0,23.98
RPUUSLPLJIOFFAF27CB,坡道平面,0,23.98
RPSUSLPLJIOFFAF07CB,坡道平面,0,23.98
RPTUSLPLJIOFFAF17CB,坡道平面,0,23.98
RPRUSLPLJIOFFAF96CB,坡道平面,0,22.06
RPVUSLPLJIOFFAF37CB,坡道平面,0,23.98
RPWUSLPLJIOFFAF47CB,坡道平面,0,22.06
RPXUSLPLJIOFFAF57CB,坡道平面,0,23.98
RPOVSLPLJIOFFAF76CB,坡道平面,0,23.98
RPWVSLPLJIOFFAF57CB,坡道平面,0,22.06
RPOWSLPLJIOFFAF86CB,坡道平面,0,23.98
RPXVSLPLJIOFFAF67CB,坡道平面,0,23.98
RPQWSLPLJIOFFAF07CB,坡道平面,0,23.98
RPSVSLPLJIOFFAF17CB,坡道平面,0,23.98
RPPWSLPLJIOFFAF96CB,坡道平面,0,23.98
RPRWSLPLJIOFFAF17CB,坡道平面,0,22.06
RPUWSLPLJIOFFAF47CB,坡道平面,0,22.06
RPSWSLPLJIOFFAF27CB,坡道平面,0,28.77
RPXWSLPLJIOFFAF77CB,坡道平面,0,22.06
RPTWSLPLJIOFFAF37CB,坡道平面,0,23.98
RPVWSLPLJIOFFAF57CB,坡道平面,0,22.06
RPONTLPLJIOFFAF68CB,坡道平面,0,23.98
RPQNTLPLJIOFFAF88CB,坡道平面,0,22.06
RPPNTLPLJIOFFAF78CB,坡道平面,0,23.98
RPWWSLPLJIOFFAF67CB,坡道平面,0,23.98
RPSNTLPLJIOFFAF09CB,坡道平面,0,23.98
RPRNTLPLJIOFFAF98CB,坡道平面,0,23.98
RPVNTLPLJIOFFAF76CB,坡道平面,0,22.06
RPTNTLPLJIOFFAF56CB,坡道平面,0,23.98
RPWNTLPLJIOFFAF86CB,坡道平面,0,22.06
RPPOTLPLJIOFFAF88CB,坡道平面,0,23.98
RPOOTLPLJIOFFAF78CB,坡道平面,0,22.06
RPXNTLPLJIOFFAF96CB,坡道平面,0,23.98
RPUNTLPLJIOFFAF66CB,坡道平面,0,23.98
RPQOTLPLJIOFFAF98CB,坡道平面,0,23.98
RPROTLPLJIOFFAF09CB,坡道平面,0,23.98
RPQPTLPLJIOFFAF09CB,坡道平面,0,23.98
RPUOTLPLJIOFFAF76CB,坡道平面,0,23.98
RPRPTLPLJIOFFAF56CB,坡道平面,0,23.98
RPWQTLPLJIOFFAF17CB,坡道平面,0,22.06
RPQRTLPLJIOFFAF66CB,坡道平面,0,23.98
RPORTLPLJIOFFAF09CB,坡道平面,0,22.06
RPRRTLPLJIOFFAF76CB,坡道平面,0,23.98
RPSRTLPLJIOFFAF86CB,坡道平面,0,23.98
RPOSTLPLJIOFFAF56CB,坡道平面,0,23.98
RPPSTLPLJIOFFAF66CB,坡道平面,0,23.98
RPWRTLPLJIOFFAF27CB,坡道平面,0,22.06
RPURTLPLJIOFFAF07CB,坡道平面,0,23.98
RPXRTLPLJIOFFAF37CB,坡道平面,0,23.98
RPVRTLPLJIOFFAF17CB,坡道平面,0,23.98
RPTRTLPLJIOFFAF96CB,坡道平面,0,23.98
RPQSTLPLJIOFFAF76CB,坡道平面,0,23.98
RPRSTLPLJIOFFAF86CB,坡道平面,0,22.06
RPSSTLPLJIOFFAF96CB,坡道平面,0,23.98
RPTSTLPLJIOFFAF07CB,坡道平面,0,23.98
RPSPMLPLJIOFFEF98CB,坡道平面,1100000,22.41
RPSPMLPLJIOFFEF98CB,坡道平面,1200000,22.41
RPUPMLPLJIOFFEF56CB,坡道平面,1200000,22.41
RPUPMLPLJIOFFEF56CB,坡道平面,1200000,22.41
RPTPMLPLJIOFFEF09CB,坡道平面,1300000,22.41
RPTPMLPLJIOFFEF09CB,坡道平面,1200000,22.41
RPVPMLPLJIOFFEF66CB,坡道平面,1100000,22.41
RPVPMLPLJIOFFEF66CB,坡道平面,1100000,22.41
RPQQMLPLJIOFFEF88CB,坡道平面,1100000,22.41
RPQQMLPLJIOFFEF88CB,坡道平面,1100000,22.41
RPPQMLPLJIOFFEF78CB,坡道平面,1200000,22.41
RPPQMLPLJIOFFEF78CB,坡道平面,1200000,22.41
RPXPMLPLJIOFFEF86CB,坡道平面,1300000,22.41
RPXPMLPLJIOFFEF86CB,坡道平面,1300000,22.41
RPVQMLPLJIOFFEF76CB,坡道平面,1300000,22.41
RPVQMLPLJIOFFEF76CB,坡道平面,1300000,22.41
RPXQMLPLJIOFFEF96CB,坡道平面,1100000,22.41
RPXQMLPLJIOFFEF96CB,坡道平面,1100000,22.41
RPORMLPLJIOFFEF78CB,坡道平面,1200000,22.41
RPORMLPLJIOFFEF78CB,坡道平面,1200000,22.41
RPPRMLPLJIOFFEF88CB,坡道平面,1100000,22.41
RPPRMLPLJIOFFEF88CB,坡道平面,1200000,22.41
RPWQMLPLJIOFFEF86CB,坡道平面,1100000,22.41
RPWQMLPLJIOFFEF86CB,坡道平面,1200000,22.41
RPRQMLPLJIOFFEF98CB,坡道平面,1100000,22.41
RPRQMLPLJIOFFEF98CB,坡道平面,1200000,22.41
RPSQMLPLJIOFFEF09CB,坡道平面,1200000,22.41
RPSQMLPLJIOFFEF09CB,坡道平面,1200000,22.41
RPTQMLPLJIOFFEF56CB,坡道平面,1300000,22.41
RPTQMLPLJIOFFEF56CB,坡道平面,1200000,22.41
RPRRMLPLJIOFFEF09CB,坡道平面,1200000,22.41
RPRRMLPLJIOFFEF09CB,坡道平面,1200000,22.41
RPVRMLPLJIOFFEF86CB,坡道平面,1200000,22.41
RPVRMLPLJIOFFEF86CB,坡道平面,1100000,22.41
RPTRMLPLJIOFFEF66CB,坡道平面,1300000,22.41
RPTRMLPLJIOFFEF66CB,坡道平面,1200000,22.41
RPSRMLPLJIOFFEF56CB,坡道平面,1300000,22.41
RPSRMLPLJIOFFEF56CB,坡道平面,1200000,22.41
RPWRMLPLJIOFFEF96CB,坡道平面,1300000,22.41
RPWRMLPLJIOFFEF96CB,坡道平面,1300000,22.41
RPUQMLPLJIOFFEF66CB,坡道平面,1100000,22.41
RPUQMLPLJIOFFEF66CB,坡道平面,1200000,22.41
RPURMLPLJIOFFEF76CB,坡道平面,1200000,22.41
RPURMLPLJIOFFEF76CB,坡道平面,1100000,22.41
RPXRMLPLJIOFFEF07CB,坡道平面,1300000,22.41
RPXRMLPLJIOFFEF07CB,坡道平面,1300000,22.41
RPOSMLPLJIOFFEF88CB,坡道平面,1300000,22.41
RPOSMLPLJIOFFEF88CB,坡道平面,1300000,22.41
RPSSMLPLJIOFFEF66CB,坡道平面,1300000,22.41
RPSSMLPLJIOFFEF66CB,坡道平面,1300000,22.41
RPTSMLPLJIOFFEF76CB,坡道平面,1200000,22.41
RPTSMLPLJIOFFEF76CB,坡道平面,1200000,22.41
RPQSMLPLJIOFFEF09CB,坡道平面,1100000,22.41
RPQSMLPLJIOFFEF09CB,坡道平面,1100000,22.41
RPRSMLPLJIOFFEF56CB,坡道平面,1300000,22.41
RPRSMLPLJIOFFEF56CB,坡道平面,1200000,22.41
RPUSMLPLJIOFFEF86CB,坡道平面,1100000,22.41
RPUSMLPLJIOFFEF86CB,坡道平面,1350000,22.41
RPPSMLPLJIOFFEF98CB,坡道平面,1300000,22.41
RPPSMLPLJIOFFEF98CB,坡道平面,1300000,22.41
RPVSMLPLJIOFFEF96CB,坡道平面,1300000,22.41
RPVSMLPLJIOFFEF96CB,坡道平面,1200000,22.41
RPWSMLPLJIOFFEF07CB,坡道平面,1300000,22.41
RPWSMLPLJIOFFEF07CB,坡道平面,1300000,22.41
RPXSMLPLJIOFFEF17CB,坡道平面,1200000,22.41
RPXSMLPLJIOFFEF17CB,坡道平面,1200000,22.41
RPSTMLPLJIOFFEF76CB,坡道平面,1100000,22.41
RPSTMLPLJIOFFEF76CB,坡道平面,1200000,22.41
RPRTMLPLJIOFFEF66CB,坡道平面,1200000,22.41
RPRTMLPLJIOFFEF66CB,坡道平面,1200000,22.41
RPPTMLPLJIOFFEF09CB,坡道平面,1300000,22.41
RPPTMLPLJIOFFEF09CB,坡道平面,1300000,22.41
RPTTMLPLJIOFFEF86CB,坡道平面,1200000,22.41
RPTTMLPLJIOFFEF86CB,坡道平面,1200000,22.41
RPOTMLPLJIOFFEF98CB,坡道平面,1100000,22.41
RPOTMLPLJIOFFEF98CB,坡道平面,1100000,22.41
RPQTMLPLJIOFFEF56CB,坡道平面,800000,22.41
RPQTMLPLJIOFFEF56CB,坡道平面,1200000,22.41
RPQTMLPLJIOFFEF56CB,坡道平面,800000,22.41
RPQTMLPLJIOFFEF56CB,坡道平面,1200000,22.41
RPQUMLPLJIOFFEF66CB,坡道平面,1100000,22.41
RPQUMLPLJIOFFEF66CB,坡道平面,1100000,22.41
RPXTMLPLJIOFFEF27CB,坡道平面,1100000,22.41
RPXTMLPLJIOFFEF27CB,坡道平面,1100000,22.41
RPSUMLPLJIOFFEF86CB,坡道平面,1200000,22.41
RPSUMLPLJIOFFEF86CB,坡道平面,1200000,22.41
RPSUMLPLJIOFFEF86CB,坡道平面,1200000,22.41
RPOUMLPLJIOFFEF09CB,坡道平面,1200000,22.41
RPOUMLPLJIOFFEF09CB,坡道平面,1200000,22.41
RPVTMLPLJIOFFEF07CB,坡道平面,1200000,22.41
RPVTMLPLJIOFFEF07CB,坡道平面,1200000,22.41
RPRUMLPLJIOFFEF76CB,坡道平面,1200000,22.41
RPRUMLPLJIOFFEF76CB,坡道平面,1100000,22.41
RPWTMLPLJIOFFEF17CB,坡道平面,1100000,22.41
RPWTMLPLJIOFFEF17CB,坡道平面,1200000,22.41
RPPUMLPLJIOFFEF56CB,坡道平面,1200000,22.41
RPPUMLPLJIOFFEF56CB,坡道平面,1200000,22.41
RPUTMLPLJIOFFEF96CB,坡道平面,1200000,22.41
RPUTMLPLJIOFFEF96CB,坡道平面,1200000,22.41
RPTUMLPLJIOFFEF96CB,坡道平面,1200000,22.41
RPTUMLPLJIOFFEF96CB,坡道平面,800000,22.41
RPTUMLPLJIOFFEF96CB,坡道平面,800000,22.41
RPTUMLPLJIOFFEF96CB,坡道平面,1200000,22.41
RPXUMLPLJIOFFEF37CB,坡道平面,1100000,22.41
RPXUMLPLJIOFFEF37CB,坡道平面,1200000,22.41
RPWUMLPLJIOFFEF27CB,坡道平面,1200000,22.41
RPWUMLPLJIOFFEF27CB,坡道平面,1200000,22.41
RPUUMLPLJIOFFEF07CB,坡道平面,1100000,22.41
RPUUMLPLJIOFFEF07CB,坡道平面,1100000,22.41
RPRVMLPLJIOFFEF86CB,坡道平面,850000,22.41
RPRVMLPLJIOFFEF86CB,坡道平面,1300000,22.41
RPRVMLPLJIOFFEF86CB,坡道平面,1300000,22.41
RPRVMLPLJIOFFEF86CB,坡道平面,850000,22.41
RPVUMLPLJIOFFEF17CB,坡道平面,1300000,22.41
RPVUMLPLJIOFFEF17CB,坡道平面,1300000,22.41
RPVUMLPLJIOFFEF17CB,坡道平面,700000,22.41
RPVUMLPLJIOFFEF17CB,坡道平面,700000,22.41
RPVUMLPLJIOFFEF17CB,坡道平面,700000,22.41
RPVUMLPLJIOFFEF17CB,坡道平面,700000,22.41
RPPVMLPLJIOFFEF66CB,坡道平面,1200000,22.41
RPPVMLPLJIOFFEF66CB,坡道平面,750000,22.41
RPPVMLPLJIOFFEF66CB,坡道平面,750000,22.41
RPPVMLPLJIOFFEF66CB,坡道平面,1200000,22.41
RPPVMLPLJIOFFEF66CB,坡道平面,800000,22.41
RPQVMLPLJIOFFEF76CB,坡道平面,1300000,22.41
RPQVMLPLJIOFFEF76CB,坡道平面,1200000,22.41
RPTVMLPLJIOFFEF07CB,坡道平面,850000,22.41
RPTVMLPLJIOFFEF07CB,坡道平面,850000,22.41
RPUVMLPLJIOFFEF17CB,坡道平面,1200000,22.41
RPUVMLPLJIOFFEF17CB,坡道平面,1300000,22.41
RPVVMLPLJIOFFEF27CB,坡道平面,1100000,22.41
RPVVMLPLJIOFFEF27CB,坡道平面,1100000,22.41
RPWVMLPLJIOFFEF37CB,坡道平面,1300000,22.41
RPWVMLPLJIOFFEF37CB,坡道平面,1300000,22.41
RPXVMLPLJIOFFEF47CB,坡道平面,1200000,22.41
RPXVMLPLJIOFFEF47CB,坡道平面,1200000,22.41
RPOWMLPLJIOFFEF66CB,坡道平面,1200000,22.41
RPOWMLPLJIOFFEF66CB,坡道平面,1200000,22.41
RPPWMLPLJIOFFEF76CB,坡道平面,1300000,22.41
RPPWMLPLJIOFFEF76CB,坡道平面,1300000,22.41
RPRWMLPLJIOFFEF96CB,坡道平面,1350000,22.41
RPRWMLPLJIOFFEF96CB,坡道平面,1350000,22.41
RPRWMLPLJIOFFEF96CB,坡道平面,1350000,22.41
RPUWMLPLJIOFFEF27CB,坡道平面,1300000,22.41
RPUWMLPLJIOFFEF27CB,坡道平面,1300000,22.41
RPQWMLPLJIOFFEF86CB,坡道平面,1100000,22.41
RPQWMLPLJIOFFEF86CB,坡道平面,1100000,22.41
RPTWMLPLJIOFFEF17CB,坡道平面,1300000,22.41
RPTWMLPLJIOFFEF17CB,坡道平面,1300000,22.41
RPSWMLPLJIOFFEF07CB,坡道平面,1200000,22.41
RPSWMLPLJIOFFEF07CB,坡道平面,1200000,22.41
RPVWMLPLJIOFFEF37CB,坡道平面,1200000,22.41
RPVWMLPLJIOFFEF37CB,坡道平面,1200000,22.41
RPWWMLPLJIOFFEF47CB,坡道平面,1200000,22.41
RPWWMLPLJIOFFEF47CB,坡道平面,1200000,22.41
RPXWMLPLJIOFFEF57CB,坡道平面,1200000,22.41
RPXWMLPLJIOFFEF57CB,坡道平面,1200000,22.41
RPRNNLPLJIOFFEF78CB,坡道平面,1200000,22.41
RPRNNLPLJIOFFEF78CB,坡道平面,1200000,22.41
RPONNLPLJIOFFEF48CB,坡道平面,1200000,22.41
RPONNLPLJIOFFEF48CB,坡道平面,1300000,22.41
RPPNNLPLJIOFFEF58CB,坡道平面,1300000,22.41
RPPNNLPLJIOFFEF58CB,坡道平面,1300000,22.41
RPSNNLPLJIOFFEF88CB,坡道平面,1300000,22.41
RPSNNLPLJIOFFEF88CB,坡道平面,1300000,22.41
RPTNNLPLJIOFFEF98CB,坡道平面,1200000,22.41
RPTNNLPLJIOFFEF98CB,坡道平面,1100000,22.41
RPQNNLPLJIOFFEF68CB,坡道平面,1300000,22.41
RPQNNLPLJIOFFEF68CB,坡道平面,1300000,22.41
RPUNNLPLJIOFFEF09CB,坡道平面,1200000,22.41
RPUNNLPLJIOFFEF09CB,坡道平面,1200000,22.41
RPVNNLPLJIOFFEF56CB,坡道平面,1300000,22.41
RPVNNLPLJIOFFEF56CB,坡道平面,1300000,22.41
RPWNNLPLJIOFFEF66CB,坡道平面,1200000,22.41
RPWNNLPLJIOFFEF66CB,坡道平面,1200000,22.41
RPWONLPLJIOFFEF76CB,坡道平面,1200000,22.41
RPWONLPLJIOFFEF76CB,坡道平面,1200000,22.41
RPVONLPLJIOFFEF66CB,坡道平面,1200000,22.41
RPVONLPLJIOFFEF66CB,坡道平面,1100000,22.41
RPPONLPLJIOFFEF68CB,坡道平面,1200000,22.41
RPPONLPLJIOFFEF68CB,坡道平面,1100000,22.41
RPTONLPLJIOFFEF09CB,坡道平面,1300000,22.41
RPTONLPLJIOFFEF09CB,坡道平面,1200000,22.41
RPQONLPLJIOFFEF78CB,坡道平面,1200000,22.41
RPQONLPLJIOFFEF78CB,坡道平面,1200000,22.41
RPXNNLPLJIOFFEF76CB,坡道平面,1200000,22.41
RPXNNLPLJIOFFEF76CB,坡道平面,1100000,22.41
RPOONLPLJIOFFEF58CB,坡道平面,1300000,22.41
RPOONLPLJIOFFEF58CB,坡道平面,1300000,22.41
RPRONLPLJIOFFEF88CB,坡道平面,1200000,22.41
RPRONLPLJIOFFEF88CB,坡道平面,1300000,22.41
RPSONLPLJIOFFEF98CB,坡道平面,1300000,22.41
RPSONLPLJIOFFEF98CB,坡道平面,1300000,22.41
RPUONLPLJIOFFEF56CB,坡道平面,1200000,22.41
RPUONLPLJIOFFEF56CB,坡道平面,1200000,22.41
RPXPNLPLJIOFFEF96CB,坡道平面,1200000,22.41
RPXPNLPLJIOFFEF96CB,坡道平面,750000,22.41
RPXPNLPLJIOFFEF96CB,坡道平面,750000,22.41
RPXPNLPLJIOFFEF96CB,坡道平面,1100000,22.41
RPXPNLPLJIOFFEF96CB,坡道平面,750000,22.41
RPRPNLPLJIOFFEF98CB,坡道平面,1100000,22.41
RPRPNLPLJIOFFEF98CB,坡道平面,1200000,22.41
RPPPNLPLJIOFFEF78CB,坡道平面,1200000,22.41
RPPPNLPLJIOFFEF78CB,坡道平面,750000,22.41
RPPPNLPLJIOFFEF78CB,坡道平面,750000,22.41
RPPPNLPLJIOFFEF78CB,坡道平面,750000,22.41
RPPPNLPLJIOFFEF78CB,坡道平面,1200000,22.41
RPQPNLPLJIOFFEF88CB,坡道平面,1100000,22.41
RPQPNLPLJIOFFEF88CB,坡道平面,1200000,22.41
RPOQNLPLJIOFFEF78CB,坡道平面,1200000,22.41
RPOQNLPLJIOFFEF78CB,坡道平面,1100000,22.41
RPTPNLPLJIOFFEF56CB,坡道平面,1200000,22.41
RPTPNLPLJIOFFEF56CB,坡道平面,1200000,22.41
RPXONLPLJIOFFEF86CB,坡道平面,1200000,22.41
RPXONLPLJIOFFEF86CB,坡道平面,1200000,22.41
RPUPNLPLJIOFFEF66CB,坡道平面,1300000,22.41
RPUPNLPLJIOFFEF66CB,坡道平面,1300000,22.41
RPOPNLPLJIOFFEF68CB,坡道平面,1200000,22.41
RPOPNLPLJIOFFEF68CB,坡道平面,1200000,22.41
RPWPNLPLJIOFFEF86CB,坡道平面,1200000,22.41
RPWPNLPLJIOFFEF86CB,坡道平面,1100000,22.41
RPQQNLPLJIOFFEF98CB,坡道平面,1300000,22.41
RPQQNLPLJIOFFEF98CB,坡道平面,1300000,22.41
RPPQNLPLJIOFFEF88CB,坡道平面,1200000,22.41
RPPQNLPLJIOFFEF88CB,坡道平面,1100000,22.41
RPRQNLPLJIOFFEF09CB,坡道平面,1200000,22.41
RPRQNLPLJIOFFEF09CB,坡道平面,1300000,22.41
RPSQNLPLJIOFFEF56CB,坡道平面,1200000,22.41
RPSQNLPLJIOFFEF56CB,坡道平面,1100000,22.41
RPUQNLPLJIOFFEF76CB,坡道平面,1200000,22.41
RPUQNLPLJIOFFEF76CB,坡道平面,1100000,22.41
RPTQNLPLJIOFFEF66CB,坡道平面,1200000,22.41
RPTQNLPLJIOFFEF66CB,坡道平面,1200000,22.41
RPVQNLPLJIOFFEF86CB,坡道平面,1100000,22.41
RPVQNLPLJIOFFEF86CB,坡道平面,1100000,22.41
RPXQNLPLJIOFFEF07CB,坡道平面,1100000,22.41
RPXQNLPLJIOFFEF07CB,坡道平面,1200000,22.41
RPWQNLPLJIOFFEF96CB,坡道平面,1200000,22.41
RPWQNLPLJIOFFEF96CB,坡道平面,1300000,22.41
RPSPNLPLJIOFFEF09CB,坡道平面,1200000,22.41
RPSPNLPLJIOFFEF09CB,坡道平面,1100000,22.41
RPORNLPLJIOFFEF88CB,坡道平面,1100000,22.41
RPORNLPLJIOFFEF88CB,坡道平面,1100000,22.41
RPQRNLPLJIOFFEF09CB,坡道平面,1300000,22.41
RPQRNLPLJIOFFEF09CB,坡道平面,1300000,22.41
RPPRNLPLJIOFFEF98CB,坡道平面,850000,22.41
RPPRNLPLJIOFFEF98CB,坡道平面,1300000,22.41
RPPRNLPLJIOFFEF98CB,坡道平面,850000,22.41
RPPRNLPLJIOFFEF98CB,坡道平面,1200000,22.41
RPSRNLPLJIOFFEF66CB,坡道平面,1200000,22.41
RPSRNLPLJIOFFEF66CB,坡道平面,1300000,22.41
RPURNLPLJIOFFEF86CB,坡道平面,1200000,22.41
RPURNLPLJIOFFEF86CB,坡道平面,1200000,22.41
RPTRNLPLJIOFFEF76CB,坡道平面,1100000,22.41
RPTRNLPLJIOFFEF76CB,坡道平面,1100000,22.41
RPVRNLPLJIOFFEF96CB,坡道平面,1200000,22.41
RPVRNLPLJIOFFEF96CB,坡道平面,1100000,22.41
RPXRNLPLJIOFFEF17CB,坡道平面,1300000,22.41
RPXRNLPLJIOFFEF17CB,坡道平面,1300000,22.41
RPXRNLPLJIOFFEF17CB,坡道平面,850000,22.41
RPXRNLPLJIOFFEF17CB,坡道平面,850000,22.41
RPWRNLPLJIOFFEF07CB,坡道平面,1200000,22.41
RPWRNLPLJIOFFEF07CB,坡道平面,1300000,22.41
RPOSNLPLJIOFFEF98CB,坡道平面,1100000,22.41
RPOSNLPLJIOFFEF98CB,坡道平面,1100000,22.41
RPQSNLPLJIOFFEF56CB,坡道平面,1200000,22.41
RPQSNLPLJIOFFEF56CB,坡道平面,1300000,22.41
RPPSNLPLJIOFFEF09CB,坡道平面,1300000,22.41
RPPSNLPLJIOFFEF09CB,坡道平面,1300000,22.41
RPRSNLPLJIOFFEF66CB,坡道平面,1200000,22.41
RPRSNLPLJIOFFEF66CB,坡道平面,1200000,22.41
RPUSNLPLJIOFFEF96CB,坡道平面,1200000,22.41
RPUSNLPLJIOFFEF96CB,坡道平面,1200000,22.41
RPXSNLPLJIOFFEF27CB,坡道平面,1300000,22.41
RPXSNLPLJIOFFEF27CB,坡道平面,1300000,22.41
RPSSNLPLJIOFFEF76CB,坡道平面,1200000,22.41
RPSSNLPLJIOFFEF76CB,坡道平面,1100000,22.41
RPTSNLPLJIOFFEF86CB,坡道平面,1200000,22.41
RPTSNLPLJIOFFEF86CB,坡道平面,1300000,22.41
RPVSNLPLJIOFFEF07CB,坡道平面,1300000,22.41
RPVSNLPLJIOFFEF07CB,坡道平面,1300000,22.41
RPWSNLPLJIOFFEF17CB,坡道平面,1300000,22.41
RPWSNLPLJIOFFEF17CB,坡道平面,1200000,22.41
RPPTNLPLJIOFFEF56CB,坡道平面,1300000,22.41
RPPTNLPLJIOFFEF56CB,坡道平面,1300000,22.41
RPOTNLPLJIOFFEF09CB,坡道平面,1300000,22.41
RPOTNLPLJIOFFEF09CB,坡道平面,1300000,22.41
RPQTNLPLJIOFFEF66CB,坡道平面,1300000,22.41
RPQTNLPLJIOFFEF66CB,坡道平面,1200000,22.41
RPRTNLPLJIOFFEF76CB,坡道平面,1300000,22.41
RPRTNLPLJIOFFEF76CB,坡道平面,1300000,22.41
RPSTNLPLJIOFFEF86CB,坡道平面,1300000,22.41
RPSTNLPLJIOFFEF86CB,坡道平面,1200000,22.41
RPTTNLPLJIOFFEF96CB,坡道平面,1300000,22.41
RPTTNLPLJIOFFEF96CB,坡道平面,1200000,22.41
RPUTNLPLJIOFFEF07CB,坡道平面,1300000,22.41
RPUTNLPLJIOFFEF07CB,坡道平面,1200000,22.41
RPVTNLPLJIOFFEF17CB,坡道平面,1200000,22.41
RPVTNLPLJIOFFEF17CB,坡道平面,1200000,22.41
RPOUNLPLJIOFFEF56CB,坡道平面,1200000,22.41
RPOUNLPLJIOFFEF56CB,坡道平面,1200000,22.41
RPWTNLPLJIOFFEF27CB,坡道平面,1300000,22.41
RPWTNLPLJIOFFEF27CB,坡道平面,1200000,22.41
RPQUNLPLJIOFFEF76CB,坡道平面,1300000,22.41
RPQUNLPLJIOFFEF76CB,坡道平面,1300000,22.41
RPXTNLPLJIOFFEF37CB,坡道平面,1300000,22.41
RPXTNLPLJIOFFEF37CB,坡道平面,1200000,22.41
RPRUNLPLJIOFFEF86CB,坡道平面,1300000,22.41
RPRUNLPLJIOFFEF86CB,坡道平面,1300000,22.41
RPPUNLPLJIOFFEF66CB,坡道平面,1200000,22.41
RPPUNLPLJIOFFEF66CB,坡道平面,1200000,22.41
RPSUNLPLJIOFFEF96CB,坡道平面,1300000,22.41
RPSUNLPLJIOFFEF96CB,坡道平面,1300000,22.41
RPVUNLPLJIOFFEF27CB,坡道平面,1100000,22.41
RPVUNLPLJIOFFEF27CB,坡道平面,1350000,22.41
RPTUNLPLJIOFFEF07CB,坡道平面,1100000,22.41
RPTUNLPLJIOFFEF07CB,坡道平面,1200000,22.41
RPUUNLPLJIOFFEF17CB,坡道平面,1300000,22.41
RPUUNLPLJIOFFEF17CB,坡道平面,1200000,22.41
RPWUNLPLJIOFFEF37CB,坡道平面,1200000,22.41
RPWUNLPLJIOFFEF37CB,坡道平面,1200000,22.41
RPOVNLPLJIOFFEF66CB,坡道平面,1200000,22.41
RPOVNLPLJIOFFEF66CB,坡道平面,1200000,22.41
RPXUNLPLJIOFFEF47CB,坡道平面,1300000,22.41
RPXUNLPLJIOFFEF47CB,坡道平面,1300000,22.41
RPSVNLPLJIOFFEF07CB,坡道平面,1200000,22.41
RPSVNLPLJIOFFEF07CB,坡道平面,1200000,22.41
RPRVNLPLJIOFFEF96CB,坡道平面,1100000,22.41
RPRVNLPLJIOFFEF96CB,坡道平面,1100000,22.41
RPVVNLPLJIOFFEF37CB,坡道平面,1200000,22.41
RPVVNLPLJIOFFEF37CB,坡道平面,1200000,22.41
RPQVNLPLJIOFFEF86CB,坡道平面,1200000,22.41
RPQVNLPLJIOFFEF86CB,坡道平面,1200000,22.41
RPTVNLPLJIOFFEF17CB,坡道平面,1200000,22.41
RPTVNLPLJIOFFEF17CB,坡道平面,1200000,22.41
RPUVNLPLJIOFFEF27CB,坡道平面,1200000,22.41
RPUVNLPLJIOFFEF27CB,坡道平面,1100000,22.41
RPWVNLPLJIOFFEF47CB,坡道平面,1200000,22.41
RPWVNLPLJIOFFEF47CB,坡道平面,1300000,22.41
RPOWNLPLJIOFFEF76CB,坡道平面,1200000,22.41
RPOWNLPLJIOFFEF76CB,坡道平面,1300000,22.41
RPXVNLPLJIOFFEF57CB,坡道平面,1200000,22.41
RPXVNLPLJIOFFEF57CB,坡道平面,1300000,22.41
RPQWNLPLJIOFFEF96CB,坡道平面,1200000,22.41
RPQWNLPLJIOFFEF96CB,坡道平面,1200000,22.41
RPUWNLPLJIOFFEF37CB,坡道平面,1200000,22.41
RPUWNLPLJIOFFEF37CB,坡道平面,1300000,22.41
RPTWNLPLJIOFFEF27CB,坡道平面,1300000,22.41
RPTWNLPLJIOFFEF27CB,坡道平面,1300000,22.41
RPPWNLPLJIOFFEF86CB,坡道平面,1200000,22.41
RPPWNLPLJIOFFEF86CB,坡道平面,1200000,22.41
RPRWNLPLJIOFFEF07CB,坡道平面,1100000,22.41
RPRWNLPLJIOFFEF07CB,坡道平面,1100000,22.41
RPVWNLPLJIOFFEF47CB,坡道平面,1200000,22.41
RPVWNLPLJIOFFEF47CB,坡道平面,1200000,22.41
RPSWNLPLJIOFFEF17CB,坡道平面,1200000,22.41
RPSWNLPLJIOFFEF17CB,坡道平面,1200000,22.41
RPWWNLPLJIOFFEF57CB,坡道平面,1100000,22.41
RPWWNLPLJIOFFEF57CB,坡道平面,1100000,22.41
RPXWNLPLJIOFFEF67CB,坡道平面,1100000,22.41
RPXWNLPLJIOFFEF67CB,坡道平面,1200000,22.41
RPONOLPLJIOFFEF58CB,坡道平面,1100000,22.41
RPONOLPLJIOFFEF58CB,坡道平面,1200000,22.41
RPPNOLPLJIOFFEF68CB,坡道平面,1200000,22.41
RPPNOLPLJIOFFEF68CB,坡道平面,750000,22.41
RPPNOLPLJIOFFEF68CB,坡道平面,750000,22.41
RPPNOLPLJIOFFEF68CB,坡道平面,750000,22.41
RPPNOLPLJIOFFEF68CB,坡道平面,1200000,22.41
RPPNOLPLJIOFFEF68CB,坡道平面,1200000,22.41
RPQNOLPLJIOFFEF78CB,坡道平面,1100000,22.41
RPQNOLPLJIOFFEF78CB,坡道平面,1100000,22.41
RPTNOLPLJIOFFEF09CB,坡道平面,1200000,22.41
RPTNOLPLJIOFFEF09CB,坡道平面,1200000,22.41
RPSNOLPLJIOFFEF98CB,坡道平面,1100000,22.41
RPSNOLPLJIOFFEF98CB,坡道平面,1200000,22.41
RPRNOLPLJIOFFEF88CB,坡道平面,1200000,22.41
RPRNOLPLJIOFFEF88CB,坡道平面,1200000,22.41
RPUNOLPLJIOFFEF56CB,坡道平面,1100000,22.41
RPUNOLPLJIOFFEF56CB,坡道平面,1200000,22.41
RPWNOLPLJIOFFEF76CB,坡道平面,1300000,22.41
RPWNOLPLJIOFFEF76CB,坡道平面,1300000,22.41
RPWNOLPLJIOFFEF76CB,坡道平面,700000,22.41
RPWNOLPLJIOFFEF76CB,坡道平面,700000,22.41
RPWNOLPLJIOFFEF76CB,坡道平面,700000,22.41
RPWNOLPLJIOFFEF76CB,坡道平面,700000,22.41
RPXNOLPLJIOFFEF86CB,坡道平面,1300000,22.41
RPXNOLPLJIOFFEF86CB,坡道平面,1300000,22.41
RPROOLPLJIOFFEF98CB,坡道平面,1200000,22.41
RPROOLPLJIOFFEF98CB,坡道平面,1200000,22.41
RPSOOLPLJIOFFEF09CB,坡道平面,750000,22.41
RPSOOLPLJIOFFEF09CB,坡道平面,750000,22.41
RPSOOLPLJIOFFEF09CB,坡道平面,1300000,22.41
RPSOOLPLJIOFFEF09CB,坡道平面,750000,22.41
RPSOOLPLJIOFFEF09CB,坡道平面,1300000,22.41
RPWOOLPLJIOFFEF86CB,坡道平面,1100000,22.41
RPWOOLPLJIOFFEF86CB,坡道平面,1200000,22.41
RPXOOLPLJIOFFEF96CB,坡道平面,1300000,22.41
RPXOOLPLJIOFFEF96CB,坡道平面,1300000,22.41
RPVOOLPLJIOFFEF76CB,坡道平面,1100000,22.41
RPVOOLPLJIOFFEF76CB,坡道平面,1200000,22.41
RPOPOLPLJIOFFEF78CB,坡道平面,1200000,22.41
RPOPOLPLJIOFFEF78CB,坡道平面,1200000,22.41
RPPPOLPLJIOFFEF88CB,坡道平面,1300000,22.41
RPPPOLPLJIOFFEF88CB,坡道平面,1300000,22.41
RPPTNLQLJIOFFAF88CB,坡道平面,0,31.13
RPQTNLQLJIOFFAF98CB,坡道平面,0,30.85
RPRTNLQLJIOFFAF09CB,坡道平面,0,30.85
RPSTNLQLJIOFFAF56CB,坡道平面,0,30.85
RPTTNLQLJIOFFAF66CB,坡道平面,0,30.85
RPQPOLPLJIOFFEF98CB,坡道平面,1300000,22.41
RPQPOLPLJIOFFEF98CB,坡道平面,1300000,22.41
RPTPOLPLJIOFFEF66CB,坡道平面,1300000,22.41
RPTPOLPLJIOFFEF66CB,坡道平面,1300000,22.41
RPSPOLPLJIOFFEF56CB,坡道平面,1100000,22.41
RPSPOLPLJIOFFEF56CB,坡道平面,1100000,22.41
RPRPOLPLJIOFFEF09CB,坡道平面,1100000,22.41
RPRPOLPLJIOFFEF09CB,坡道平面,1200000,22.41
RPUTNLQLJIOFFAF76CB,坡道平面,0,30.85
RPVTNLQLJIOFFAF86CB,坡道平面,0,28.38
RPXTNLQLJIOFFAF07CB,坡道平面,0,28.38
RPOUNLQLJIOFFAF88CB,坡道平面,0,30.85
RPQOOLPLJIOFFEF88CB,坡道平面,1200000,22.41
RPQOOLPLJIOFFEF88CB,坡道平面,1200000,22.41
RPPOOLPLJIOFFEF78CB,坡道平面,800000,22.41
RPPOOLPLJIOFFEF78CB,坡道平面,800000,22.41
RPPOOLPLJIOFFEF78CB,坡道平面,1200000,22.41
RPOOOLPLJIOFFEF68CB,坡道平面,1300000,22.41
RPOOOLPLJIOFFEF68CB,坡道平面,1300000,22.41
RPWTNLQLJIOFFAF96CB,坡道平面,0,30.85
RPXUNLQLJIOFFAF17CB,坡道平面,0,30.85
RPQUNLQLJIOFFAF09CB,坡道平面,0,30.85
RPPUNLQLJIOFFAF98CB,坡道平面,0,30.85
RPRUNLQLJIOFFAF56CB,坡道平面,0,30.85
RPSVNLQLJIOFFAF76CB,坡道平面,0,30.85
RPUUNLQLJIOFFAF86CB,坡道平面,0,30.85
RPVUNLQLJIOFFAF96CB,坡道平面,0,31.13
RPPVNLQLJIOFFAF09CB,坡道平面,0,30.85
RPWUNLQLJIOFFAF07CB,坡道平面,0,30.85
RPOVNLQLJIOFFAF98CB,坡道平面,0,30.85
RPRVNLQLJIOFFAF66CB,坡道平面,0,30.85
RPQVNLQLJIOFFAF56CB,坡道平面,0,30.85
RPSUNLQLJIOFFAF66CB,坡道平面,0,30.85
RPTUNLQLJIOFFAF76CB,坡道平面,0,30.85
RPVVNLQLJIOFFAF07CB,坡道平面,0,30.85
RPTVNLQLJIOFFAF86CB,坡道平面,0,30.85
RPUVNLQLJIOFFAF96CB,坡道平面,0,30.85
RPPWNLQLJIOFFAF56CB,坡道平面,0,30.85
RPRWNLQLJIOFFAF76CB,坡道平面,0,30.85
RPSWNLQLJIOFFAF86CB,坡道平面,0,30.85
RPXVNLQLJIOFFAF27CB,坡道平面,0,30.85
RPUWNLQLJIOFFAF07CB,坡道平面,0,30.85
RPVWNLQLJIOFFAF17CB,坡道平面,0,30.85
RPOWNLQLJIOFFAF09CB,坡道平面,0,30.85
RPWVNLQLJIOFFAF17CB,坡道平面,0,30.85
RPQWNLQLJIOFFAF66CB,坡道平面,0,30.85
RPTWNLQLJIOFFAF96CB,坡道平面,0,30.85
RPWWNLQLJIOFFAF27CB,坡道平面,0,30.85
RPXWNLQLJIOFFAF37CB,坡道平面,0,30.85
RPQNOLQLJIOFFAF48CB,坡道平面,0,30.85
RPPNOLQLJIOFFAF38CB,坡道平面,0,30.85
RPONOLQLJIOFFAF28CB,坡道平面,0,31.13
RPRNOLQLJIOFFAF58CB,坡道平面,0,30.85
RPVNOLQLJIOFFAF98CB,坡道平面,0,30.85
RPUNOLQLJIOFFAF88CB,坡道平面,0,30.85
RPTNOLQLJIOFFAF78CB,坡道平面,0,30.85
RPSNOLQLJIOFFAF68CB,坡道平面,0,30.85
RPWNOLQLJIOFFAF09CB,坡道平面,0,30.85
RPXNOLQLJIOFFAF56CB,坡道平面,0,30.85
RPQOOLQLJIOFFAF58CB,坡道平面,0,30.85
RPPOOLQLJIOFFAF48CB,坡道平面,0,30.85
RPROOLQLJIOFFAF68CB,坡道平面,0,30.85
RPOOOLQLJIOFFAF38CB,坡道平面,0,30.85
RPTOOLQLJIOFFAF88CB,坡道平面,0,30.85
RPUOOLQLJIOFFAF98CB,坡道平面,0,30.85
RPWOOLQLJIOFFAF56CB,坡道平面,0,30.85
RPVOOLQLJIOFFAF09CB,坡道平面,0,30.85
RPSOOLQLJIOFFAF78CB,坡道平面,0,30.85
RPXOOLQLJIOFFAF66CB,坡道平面,0,31.13
RPPPOLQLJIOFFAF58CB,坡道平面,0,30.85
RPOPOLQLJIOFFAF48CB,坡道平面,0,28.38
RPTPOLQLJIOFFAF98CB,坡道平面,0,30.85
RPSPOLQLJIOFFAF88CB,坡道平面,0,30.85
RPVPOLQLJIOFFAF56CB,坡道平面,0,30.85
RPWPOLQLJIOFFAF66CB,坡道平面,0,30.85
RPUPOLQLJIOFFAF09CB,坡道平面,0,30.85
RPQPOLQLJIOFFAF68CB,坡道平面,0,30.85
RPRPOLQLJIOFFAF78CB,坡道平面,0,28.38
RPXPOLQLJIOFFAF76CB,坡道平面,0,30.85
RPOQOLQLJIOFFAF58CB,坡道平面,0,30.85
RPQQOLQLJIOFFAF78CB,坡道平面,0,30.85
RPRQOLQLJIOFFAF88CB,坡道平面,0,30.85
RPPQOLQLJIOFFAF68CB,坡道平面,0,30.85
RPSQOLQLJIOFFAF98CB,坡道平面,0,30.85
RPTQOLQLJIOFFAF09CB,坡道平面,0,30.85
RPVQOLQLJIOFFAF66CB,坡道平面,0,30.85
RPXQOLQLJIOFFAF86CB,坡道平面,0,30.85
RPUQOLQLJIOFFAF56CB,坡道平面,0,30.85
RPWQOLQLJIOFFAF76CB,坡道平面,0,30.85
RPPROLQLJIOFFAF78CB,坡道平面,0,30.85
RPOROLQLJIOFFAF68CB,坡道平面,0,28.38
RPQROLQLJIOFFAF88CB,坡道平面,0,30.85
RPRROLQLJIOFFAF98CB,坡道平面,0,30.85
RPPSOLQLJIOFFAF88CB,坡道平面,0,28.38
RPOSOLQLJIOFFAF78CB,坡道平面,0,30.85
RPUROLQLJIOFFAF66CB,坡道平面,0,30.85
RPRSOLQLJIOFFAF09CB,坡道平面,0,30.85
RPVROLQLJIOFFAF76CB,坡道平面,0,31.13
RPQSOLQLJIOFFAF98CB,坡道平面,0,30.85
RPSROLQLJIOFFAF09CB,坡道平面,0,30.85
RPWROLQLJIOFFAF86CB,坡道平面,0,30.85
RPXROLQLJIOFFAF96CB,坡道平面,0,28.38
RPTROLQLJIOFFAF56CB,坡道平面,0,28.38
RPRTOLQLJIOFFAF56CB,坡道平面,0,28.38
RPXSOLQLJIOFFAF07CB,坡道平面,0,30.85
RPOTOLQLJIOFFAF88CB,坡道平面,0,30.85
RPTSOLQLJIOFFAF66CB,坡道平面,0,30.85
RPPTOLQLJIOFFAF98CB,坡道平面,0,30.85
RPVSOLQLJIOFFAF86CB,坡道平面,0,30.85
RPUSOLQLJIOFFAF76CB,坡道平面,0,30.85
RPWSOLQLJIOFFAF96CB,坡道平面,0,30.85
RPSSOLQLJIOFFAF56CB,坡道平面,0,28.38
RPSSOLQLJIOFFAF56CB,坡道平面,0,28.38
RPQTOLQLJIOFFAF09CB,坡道平面,0,28.38
RPTTOLQLJIOFFAF76CB,坡道平面,0,30.85
RPVTOLQLJIOFFAF96CB,坡道平面,0,30.85
RPRUOLQLJIOFFAF66CB,坡道平面,0,30.85
RPUTOLQLJIOFFAF86CB,坡道平面,0,30.85
RPXTOLQLJIOFFAF17CB,坡道平面,0,30.85
RPTUOLQLJIOFFAF86CB,坡道平面,0,30.85
RPSTOLQLJIOFFAF66CB,坡道平面,0,30.85
RPSUOLQLJIOFFAF76CB,坡道平面,0,30.85
RPOUOLQLJIOFFAF98CB,坡道平面,0,31.13
RPWTOLQLJIOFFAF07CB,坡道平面,0,28.38
RPUUOLQLJIOFFAF96CB,坡道平面,0,30.85
RPUUOLQLJIOFFAF96CB,坡道平面,0,30.85
RPQVOLQLJIOFFAF66CB,坡道平面,0,28.38
RPSVOLQLJIOFFAF86CB,坡道平面,0,30.85
RPTVOLQLJIOFFAF96CB,坡道平面,0,28.38
RPWUOLQLJIOFFAF17CB,坡道平面,0,30.85
RPXUOLQLJIOFFAF27CB,坡道平面,0,30.85
RPOVOLQLJIOFFAF09CB,坡道平面,0,30.85
RPPVOLQLJIOFFAF56CB,坡道平面,0,30.85
RPVUOLQLJIOFFAF07CB,坡道平面,0,30.85
RPUVOLQLJIOFFAF07CB,坡道平面,0,28.38
RPVVOLQLJIOFFAF17CB,坡道平面,0,28.38
RPWVOLQLJIOFFAF27CB,坡道平面,0,30.85
RPOWOLQLJIOFFAF56CB,坡道平面,0,30.85
RPQWOLQLJIOFFAF76CB,坡道平面,0,30.85
RPXVOLQLJIOFFAF37CB,坡道平面,0,30.85
RPPWOLQLJIOFFAF66CB,坡道平面,0,30.85
RPRWOLQLJIOFFAF86CB,坡道平面,0,30.85
RPTWOLQLJIOFFAF07CB,坡道平面,0,30.85
RPSWOLQLJIOFFAF96CB,坡道平面,0,28.38
RPVWOLQLJIOFFAF27CB,坡道平面,0,30.85
RPUWOLQLJIOFFAF17CB,坡道平面,0,30.85
RPWWOLQLJIOFFAF37CB,坡道平面,0,28.38
RPONPLQLJIOFFAF38CB,坡道平面,0,30.85
RPXWOLQLJIOFFAF47CB,坡道平面,0,30.85
RPRNPLQLJIOFFAF68CB,坡道平面,0,30.85
RPPNPLQLJIOFFAF48CB,坡道平面,0,30.85
RPTNPLQLJIOFFAF88CB,坡道平面,0,30.85
RPVNPLQLJIOFFAF09CB,坡道平面,0,30.85
RPUNPLQLJIOFFAF98CB,坡道平面,0,30.85
RPSNPLQLJIOFFAF78CB,坡道平面,0,30.85
RPXNPLQLJIOFFAF66CB,坡道平面,0,30.85
RPWNPLQLJIOFFAF56CB,坡道平面,0,28.38
RPPOPLQLJIOFFAF58CB,坡道平面,0,30.85
RPQOPLQLJIOFFAF68CB,坡道平面,0,30.85
RPOOPLQLJIOFFAF48CB,坡道平面,0,28.38
RPTOPLQLJIOFFAF98CB,坡道平面,0,30.85
RPROPLQLJIOFFAF78CB,坡道平面,0,30.85
RPVOPLQLJIOFFAF56CB,坡道平面,0,30.85
RPSOPLQLJIOFFAF88CB,坡道平面,0,30.85
RPUOPLQLJIOFFAF09CB,坡道平面,0,28.38
RPWOPLQLJIOFFAF66CB,坡道平面,0,30.85
RPPPPLQLJIOFFAF68CB,坡道平面,0,30.85
RPOPPLQLJIOFFAF58CB,坡道平面,0,28.38
RPXOPLQLJIOFFAF76CB,坡道平面,0,30.85
RPQPPLQLJIOFFAF78CB,坡道平面,0,28.38
RPSPPLQLJIOFFAF98CB,坡道平面,0,30.85
RPUPPLQLJIOFFAF56CB,坡道平面,0,28.38
RPRPPLQLJIOFFAF88CB,坡道平面,0,30.85
RPWPPLQLJIOFFAF76CB,坡道平面,0,30.85
RPVPPLQLJIOFFAF66CB,坡道平面,0,30.85
RPXPPLQLJIOFFAF86CB,坡道平面,0,28.38
RPOQPLQLJIOFFAF68CB,坡道平面,0,30.85
RPTPPLQLJIOFFAF09CB,坡道平面,0,28.38
RPQQPLQLJIOFFAF88CB,坡道平面,0,30.85
RPPQPLQLJIOFFAF78CB,坡道平面,0,30.85
RPSQPLQLJIOFFAF09CB,坡道平面,0,30.85
RPTQPLQLJIOFFAF56CB,坡道平面,0,30.85
RPUQPLQLJIOFFAF66CB,坡道平面,0,30.85
RPVQPLQLJIOFFAF76CB,坡道平面,0,30.85
RPWQPLQLJIOFFAF86CB,坡道平面,0,30.85
RPRQPLQLJIOFFAF98CB,坡道平面,0,28.38
RPPRPLQLJIOFFAF88CB,坡道平面,0,30.85
RPQRPLQLJIOFFAF98CB,坡道平面,0,30.85
RPORPLQLJIOFFAF78CB,坡道平面,0,28.38
RPRRPLQLJIOFFAF09CB,坡道平面,0,30.85
RPSRPLQLJIOFFAF56CB,坡道平面,0,30.85
RPXQPLQLJIOFFAF96CB,坡道平面,0,28.38
RPVRPLQLJIOFFAF86CB,坡道平面,0,30.85
RPTRPLQLJIOFFAF66CB,坡道平面,0,30.85
RPURPLQLJIOFFAF76CB,坡道平面,0,30.85
RPWRPLQLJIOFFAF96CB,坡道平面,0,30.85
RPOSPLQLJIOFFAF88CB,坡道平面,0,30.85
RPPSPLQLJIOFFAF98CB,坡道平面,0,30.85
RPXRPLQLJIOFFAF07CB,坡道平面,0,30.85
RPQSPLQLJIOFFAF09CB,坡道平面,0,30.85
RPSSPLQLJIOFFAF66CB,坡道平面,0,30.85
RPRSPLQLJIOFFAF56CB,坡道平面,0,30.85
RPVSPLQLJIOFFAF96CB,坡道平面,0,28.38
RPPTPLQLJIOFFAF09CB,坡道平面,0,30.85
RPXSPLQLJIOFFAF17CB,坡道平面,0,28.38
RPQTPLQLJIOFFAF56CB,坡道平面,0,30.85
RPOTPLQLJIOFFAF98CB,坡道平面,0,30.85
RPUSPLQLJIOFFAF86CB,坡道平面,0,30.85
RPWSPLQLJIOFFAF07CB,坡道平面,0,28.38
RPRTPLQLJIOFFAF66CB,坡道平面,0,30.85
RPSTPLQLJIOFFAF76CB,坡道平面,0,30.85
RPUTPLQLJIOFFAF96CB,坡道平面,0,30.85
RPVTPLQLJIOFFAF07CB,坡道平面,0,30.85
RPTTPLQLJIOFFAF86CB,坡道平面,0,28.38
RPXTPLQLJIOFFAF27CB,坡道平面,0,30.85
RPPUPLQLJIOFFAF56CB,坡道平面,0,30.85
RPWTPLQLJIOFFAF17CB,坡道平面,0,30.85
RPOUPLQLJIOFFAF09CB,坡道平面,0,30.85
RPQUPLQLJIOFFAF66CB,坡道平面,0,30.85
RPRUPLQLJIOFFAF76CB,坡道平面,0,30.85
RPSUPLQLJIOFFAF86CB,坡道平面,0,30.85
RPTUPLQLJIOFFAF96CB,坡道平面,0,28.38
RPUUPLQLJIOFFAF07CB,坡道平面,0,30.85
RPWUPLQLJIOFFAF27CB,坡道平面,0,28.38
RPVUPLQLJIOFFAF17CB,坡道平面,0,30.85
RPVVPLQLJIOFFAF27CB,坡道平面,0,28.38
RPUVPLQLJIOFFAF17CB,坡道平面,0,30.85
RPWVPLQLJIOFFAF37CB,坡道平面,0,28.38
RPOWPLQLJIOFFAF66CB,坡道平面,0,30.85
RPPWPLQLJIOFFAF76CB,坡道平面,0,30.85
RPOVPLQLJIOFFAF56CB,坡道平面,0,28.38
RPXUPLQLJIOFFAF37CB,坡道平面,0,30.85
RPRVPLQLJIOFFAF86CB,坡道平面,0,28.38
RPTVPLQLJIOFFAF07CB,坡道平面,0,28.38
RPSVPLQLJIOFFAF96CB,坡道平面,0,30.85
RPPVPLQLJIOFFAF66CB,坡道平面,0,30.85
RPQWPLQLJIOFFAF86CB,坡道平面,0,30.85
RPRWPLQLJIOFFAF96CB,坡道平面,0,30.85
RPQVPLQLJIOFFAF76CB,坡道平面,0,28.38
RPTWPLQLJIOFFAF17CB,坡道平面,0,30.85
RPSWPLQLJIOFFAF07CB,坡道平面,0,28.38
RPVWPLQLJIOFFAF37CB,坡道平面,0,30.85
RPWWPLQLJIOFFAF47CB,坡道平面,0,30.85
RPUWPLQLJIOFFAF27CB,坡道平面,0,28.38
RPONQLQLJIOFFAF48CB,坡道平面,0,30.85
RPPNQLQLJIOFFAF58CB,坡道平面,0,30.85
RPXWPLQLJIOFFAF57CB,坡道平面,0,30.85
RPXVPLQLJIOFFAF47CB,坡道平面,0,28.38
RPQNQLQLJIOFFAF68CB,坡道平面,0,30.85
RPRNQLQLJIOFFAF78CB,坡道平面,0,30.85
RPUNQLQLJIOFFAF09CB,坡道平面,0,30.85
RPSNQLQLJIOFFAF88CB,坡道平面,0,28.38
RPWNQLQLJIOFFAF66CB,坡道平面,0,30.85
RPVNQLQLJIOFFAF56CB,坡道平面,0,30.85
RPTNQLQLJIOFFAF98CB,坡道平面,0,30.85
RPXNQLQLJIOFFAF76CB,坡道平面,0,30.85
RPQOQLQLJIOFFAF78CB,坡道平面,0,31.13
RPPOQLQLJIOFFAF68CB,坡道平面,0,30.85
RPOOQLQLJIOFFAF58CB,坡道平面,0,30.85
RPOPMLRLJIOFFCF58CB,坡道平面,2050000,25.65
RPQPMLRLJIOFFCF78CB,坡道平面,2000000,27.53
RPQPMLRLJIOFFCF78CB,坡道平面,1950000,25.65
RPSPMLRLJIOFFCF98CB,坡道平面,2150000,27.53
RPXPMLRLJIOFFCF86CB,坡道平面,1950000,27.53
RPQQMLRLJIOFFCF88CB,坡道平面,2000000,25.65
RPWPMLRLJIOFFCF76CB,坡道平面,2100000,27.53
RPTPMLRLJIOFFCF09CB,坡道平面,2050000,27.53
RPVPMLRLJIOFFCF66CB,坡道平面,2150000,27.53
RPRQMLRLJIOFFCF98CB,坡道平面,2050000,27.53
RPOQMLRLJIOFFCF68CB,坡道平面,2000000,27.53
RPPQMLRLJIOFFCF78CB,坡道平面,1970000,27.53
RPSQMLRLJIOFFCF09CB,坡道平面,2000000,25.65
RPUQMLRLJIOFFCF66CB,坡道平面,2050000,27.53
RPVQMLRLJIOFFCF76CB,坡道平面,2150000,27.53
RPURMLRLJIOFFCF76CB,坡道平面,1950000,25.65
RPPRMLRLJIOFFCF88CB,坡道平面,2130000,25.65
RPORMLRLJIOFFCF78CB,坡道平面,2050000,27.53
RPVRMLRLJIOFFCF86CB,坡道平面,2000000,27.53
RPWRMLRLJIOFFCF96CB,坡道平面,2050000,27.53
RPSQMLTLJIOFFBF56CB,塔式車位,1200000,11.57
RPOPMLTLJIOFFBF68CB,一樓平面,2500000,21.46
RPOPMLTLJIOFFBF68CB,一樓平面,3500000,21.46
RPRQMLTLJIOFFBF09CB,塔式車位,1200000,11.57
RPOQMLTLJIOFFBF78CB,塔式車位,1200000,11.57
RPQQMLTLJIOFFBF98CB,塔式車位,1200000,11.57
RPPQMLTLJIOFFBF88CB,塔式車位,1200000,11.57
RPQRMLPJKIOFFGF09CB,坡道平面,0,36.39
RPVRMLPJKIOFFGF96CB,坡道平面,1900000,39.31
RPTRMLPJKIOFFGF76CB,坡道平面,1650000,39.31
RPSRMLPJKIOFFGF66CB,坡道平面,1650000,39.31
RPXRMLPJKIOFFGF17CB,坡道平面,2000000,39.31
RPPSMLPJKIOFFGF09CB,坡道平面,2000000,39.31
RPSSMLPJKIOFFGF76CB,坡道平面,1800000,39.31
RPUSMLPJKIOFFGF96CB,坡道平面,2000000,39.31
RPTSMLPJKIOFFGF86CB,坡道平面,1650000,35.78
RPRSMLPJKIOFFGF66CB,坡道平面,1850000,39.31
RPOSMLPJKIOFFGF98CB,坡道平面,1900000,39.31
RPOTMLPJKIOFFGF09CB,坡道平面,1800000,39.31
RPWSMLPJKIOFFGF17CB,坡道平面,1900000,39.31
RPQUMLPJKIOFFGF76CB,坡道平面,1850000,39.31
RPRUMLPJKIOFFGF86CB,坡道平面,1900000,39.31
RPRTMLPJKIOFFGF76CB,坡道平面,1800000,39.31
RPOUMLPJKIOFFGF56CB,坡道平面,1800000,39.31
RPPUMLPJKIOFFGF66CB,坡道平面,1900000,39.31
RPWTMLPJKIOFFGF27CB,坡道平面,2100000,39.31
RPVTMLPJKIOFFGF17CB,坡道平面,2100000,39.31
RPSUMLPJKIOFFGF96CB,坡道平面,2000000,55.58
RPVUMLPJKIOFFGF27CB,坡道平面,1900000,39.31
RPUUMLPJKIOFFGF17CB,坡道平面,1700000,39.31
RPWUMLPJKIOFFGF37CB,坡道平面,2100000,42.58
RPRVMLPJKIOFFGF96CB,坡道平面,2000000,39.31
RPSVMLPJKIOFFGF07CB,坡道平面,2100000,42.58
RPOVMLPJKIOFFGF66CB,坡道平面,2000000,39.31
RPPVMLPJKIOFFGF76CB,坡道平面,1800000,39.31
RPTVMLPJKIOFFGF17CB,坡道平面,1900000,39.31
RPUVMLPJKIOFFGF27CB,坡道平面,2000000,39.31
RPXUMLPJKIOFFGF47CB,坡道平面,1700000,39.31
RPUOMLKKKIOFFBF28CB,坡道平面,0,22.90
RPUOMLTJKIOFFGF96CB,坡道平面,1900000,39.31
RPVVMLPJKIOFFGF37CB,坡道平面,1650000,39.31
RPROMLLKKIOFFCF18CB,坡道平面,2050000,27.53
RPUOMLLKKIOFFCF48CB,坡道平面,2000000,25.65
RPQOMLLKKIOFFCF08CB,坡道平面,2150000,27.53
RPWOMLLKKIOFFCF68CB,坡道平面,2000000,25.65
RPQPMLLKKIOFFCF18CB,坡道平面,2000000,27.53
RPSOMLLKKIOFFCF28CB,坡道平面,2050000,27.53
RPXNMLLKKIOFFCF68CB,坡道平面,2200000,27.53
RPSPMLLKKIOFFCF38CB,坡道平面,2000000,25.65
RPQQMLLKKIOFFCF28CB,坡道平面,2080000,25.65
RPTQMLLKKIOFFCF58CB,坡道平面,2100000,25.65
RPPQMLLKKIOFFCF18CB,坡道平面,2000000,25.65
RPOQMLLKKIOFFCF08CB,坡道平面,2080000,25.65
RPSQMLLKKIOFFCF48CB,坡道平面,2050000,25.65
RPUPMLLKKIOFFCF58CB,坡道平面,2030000,25.65
RPTPMLLKKIOFFCF48CB,坡道平面,2000000,27.53
RPUQMLLKKIOFFCF68CB,坡道平面,2000000,25.65
RPWQMLLKKIOFFCF88CB,坡道平面,2000000,25.65
RPRRMLLKKIOFFCF48CB,坡道平面,1900000,27.53
RPVQMLLKKIOFFCF78CB,坡道平面,2150000,27.53
RPPRMLLKKIOFFCF28CB,坡道平面,2050000,27.53
RPQRMLLKKIOFFCF38CB,坡道平面,1950000,25.65
RPORMLLKKIOFFCF18CB,坡道平面,1900000,25.65
RPSRMLLKKIOFFCF58CB,坡道平面,2000000,27.53
RPTRMLLKKIOFFCF68CB,坡道平面,2050000,27.53
RPOSMLLKKIOFFCF28CB,坡道平面,2100000,27.53
RPXRMLLKKIOFFCF09CB,坡道平面,2100000,27.53
RPVRMLLKKIOFFCF88CB,坡道平面,1850000,25.65
RPURMLLKKIOFFCF78CB,坡道平面,1800000,25.65
RPPSMLLKKIOFFCF38CB,坡道平面,2050000,27.53
RPWRMLLKKIOFFCF98CB,坡道平面,2000000,27.53
RPOPMLMKKIOFFCF08CB,坡道平面,2050000,25.65
RPTPMLMKKIOFFCF58CB,坡道平面,2150000,27.53
RPSOMLMKKIOFFCF38CB,坡道平面,2050000,25.65
RPTOMLMKKIOFFCF48CB,坡道平面,2050000,27.53
RPUOMLMKKIOFFCF58CB,坡道平面,2050000,27.53
RPSPMLMKKIOFFCF48CB,坡道平面,2050000,27.53
RPVOMLMKKIOFFCF68CB,坡道平面,2300000,27.53
RPWPMLMKKIOFFCF88CB,坡道平面,2050000,25.65
RPWOMLMKKIOFFCF78CB,坡道平面,2150000,27.53
RPPQMLMKKIOFFCF28CB,坡道平面,2050000,27.53
RPXPMLMKKIOFFCF98CB,坡道平面,2050000,27.53
RPTQMLMKKIOFFCF68CB,坡道平面,1850000,25.65
RPORMLMKKIOFFCF28CB,坡道平面,2000000,27.53
RPOSMLMKKIOFFCF38CB,坡道平面,2000000,25.65
RPQRMLMKKIOFFCF48CB,坡道平面,1800000,25.65
RPTOMLQKKIOFFCF88CB,坡道平面,1950000,25.65
RPPRMLMKKIOFFCF38CB,坡道平面,1950000,27.53
RPUOMLQKKIOFFCF98CB,坡道平面,2050000,27.53
RPTNMLQKKIOFFCF78CB,坡道平面,2000000,27.53
RPVNMLQKKIOFFCF98CB,坡道平面,2050000,25.65
RPWNMLQKKIOFFCF09CB,坡道平面,2050000,27.53
RPSOMLQKKIOFFCF78CB,坡道平面,1880000,25.65
RPQOMLQKKIOFFCF58CB,坡道平面,2000000,27.53
RPOOMLQKKIOFFCF38CB,坡道平面,1850000,27.53
RPVPMLQKKIOFFBF09CB,坡道平面,0,19.17
RPXNMLQKKIOFFHF07CB,坡道機械,1200000,18.77
RPWNMLQKKIOFFHF96CB,坡道平面,2100000,41.27
RPOOMLQKKIOFFHF88CB,坡道機械,1200000,18.77
RPPPMLQKKIOFFHF09CB,坡道機械,1200000,12.71
RPSOMLQKKIOFFHF66CB,坡道平面,2100000,37.87
RPOPMLQKKIOFFHF98CB,坡道平面,1900000,41.70
RPVOMLQKKIOFFHF96CB,坡道機械,1200000,12.62
RPRPMLQKKIOFFHF66CB,坡道平面,1900000,37.87
RPQPMLQKKIOFFHF56CB,坡道機械,1200000,12.71
RPSPMLQKKIOFFHF76CB,坡道機械,1300000,12.71
RPTPMLQKKIOFFHF86CB,坡道機械,1200000,19.09
RPRSMLQKKIOFFHF96CB,坡道機械,1200000,12.62
RPOSMLQKKIOFFHF66CB,坡道機械,1200000,12.62
RPUQMLQKKIOFFHF07CB,坡道機械,1300000,12.71
RPSSMLQKKIOFFHF07CB,坡道機械,1300000,12.71
RPVSMLQKKIOFFHF37CB,坡道機械,1150000,18.77
RPRTMLQKKIOFFHF07CB,坡道機械,1360000,18.77
RPOUMLQKKIOFFHF86CB,坡道機械,1300000,12.71
RPUTMLQKKIOFFHF37CB,坡道機械,1150000,18.77
RPQUMLQKKIOFFHF07CB,坡道機械,1150000,12.62
RPTUMLQKKIOFFHF37CB,坡道機械,1150000,18.77
RPSUMLQKKIOFFHF27CB,坡道機械,1200000,12.62
RPOVMLQKKIOFFHF96CB,坡道平面,2100000,37.87
RPRVMLQKKIOFFHF27CB,坡道機械,1500000,18.77
RPSVMLQKKIOFFHF37CB,坡道機械,1200000,12.62
RPQVMLQKKIOFFHF17CB,坡道機械,1200000,12.62
RPTVMLQKKIOFFHF47CB,坡道機械,1200000,12.62
RPUVMLQKKIOFFHF57CB,坡道機械,1300000,12.71
RPVVMLQKKIOFFHF67CB,坡道機械,1200000,18.77
RPXVMLQKKIOFFHF87CB,坡道平面,1900000,41.70
RPQWMLQKKIOFFHF27CB,坡道平面,1900000,38.09
RPPWMLQKKIOFFHF17CB,坡道平面,1900000,38.09
RPRWMLQKKIOFFHF37CB,坡道機械,1150000,19.09
RPOWMLQKKIOFFHF07CB,坡道平面,1900000,38.09
RPSTMLQKKIOFFHF17CB,坡道平面,2250000,41.43
RPOTMLQKKIOFFHF76CB,坡道平面,2300000,41.43
RPPNNLQKKIOFFHF98CB,坡道機械,1150000,18.77
RPWVMLQKKIOFFHF77CB,坡道平面,2200000,41.43
RPRNNLQKKIOFFHF56CB,坡道機械,1150000,12.62
RPOONLQKKIOFFHF98CB,坡道機械,1250000,18.77
RPOONLQKKIOFFHF98CB,坡道機械,1250000,18.77
RPSONLQKKIOFFHF76CB,坡道機械,1150000,12.62
RPWONLQKKIOFFHF17CB,坡道平面,2350000,41.43
RPPPNLQKKIOFFHF56CB,坡道平面,2350000,41.43
RPXONLQKKIOFFHF27CB,坡道平面,2250000,41.43
RPOPNLQKKIOFFHF09CB,坡道平面,2300000,41.43
RPSPNLQKKIOFFHF86CB,坡道平面,2250000,41.43
RPRPNLQKKIOFFHF76CB,坡道平面,2250000,41.43
RPTPNLQKKIOFFHF96CB,坡道平面,2250000,41.43
RPPPMLRKKIOFFHF56CB,坡道平面,2450000,41.43
RPSPMLRKKIOFFHF86CB,坡道平面,2300000,41.43
RPXOMLRKKIOFFHF27CB,坡道平面,2200000,41.43
RPXPMLRKKIOFFHF37CB,坡道平面,2400000,41.43
RPQPMLRKKIOFFHF66CB,坡道平面,2450000,41.43
RPOQMLRKKIOFFHF56CB,坡道平面,2450000,41.43
RPQQMLRKKIOFFHF76CB,坡道平面,2350000,41.43
RPSQMLRKKIOFFHF96CB,坡道平面,2200000,41.43
RPWQMLRKKIOFFHF37CB,坡道平面,2350000,41.43
RPUQMLRKKIOFFHF17CB,坡道平面,2350000,41.43
RPTPMLNLKIOFFGF56CB,坡道平面,1800000,48.70
RPVPMLNLKIOFFGF76CB,坡道平面,1900000,48.70
RPWPMLNLKIOFFGF86CB,坡道平面,1900000,48.70
RPXPMLNLKIOFFGF96CB,坡道平面,1900000,48.70
RPXNMLTKKIOFFCF86CB,坡道平面,2050000,27.53
RPVRMLRKKIOFFHF37CB,坡道平面,2300000,41.43
RPURMLRKKIOFFHF27CB,坡道平面,2400000,41.43
RPOOMLTKKIOFFCF68CB,坡道平面,2000000,27.53
RPVQMLNLKIOFFGF86CB,坡道平面,0,36.39
RPWNMLTKKIOFFCF76CB,坡道平面,2050000,25.65
RPWNMLTKKIOFFCF76CB,坡道平面,2100000,25.65
RPPQMLNLKIOFFGF88CB,坡道平面,1800000,48.70
RPRQMLNLKIOFFGF09CB,坡道平面,1800000,48.70
RPOQMLNLKIOFFGF78CB,坡道平面,1800000,48.70
RPSQMLNLKIOFFGF56CB,坡道平面,2000000,48.70
RPPRMLNLKIOFFGF98CB,坡道平面,2100000,48.70
RPUQMLNLKIOFFGF76CB,坡道平面,2000000,48.70
RPWQMLNLKIOFFGF96CB,坡道平面,2000000,48.70
RPQQMLNLKIOFFGF98CB,坡道平面,1900000,48.70
RPTQMLNLKIOFFGF66CB,坡道平面,1900000,48.70
RPTQMLNLKIOFFGF66CB,坡道平面,1800000,48.70
RPXQMLNLKIOFFGF07CB,坡道平面,0,33.09
RPWSMLNLKIOFFGF17CB,坡道平面,1900000,48.70
RPQRMLNLKIOFFGF09CB,坡道平面,2000000,48.70
RPQRMLNLKIOFFGF09CB,坡道平面,1900000,48.70
RPPSMLNLKIOFFGF09CB,坡道平面,0,36.39
RPXSMLNLKIOFFGF27CB,坡道平面,2000000,48.70
RPOTMLNLKIOFFGF09CB,坡道平面,2000000,48.70
RPSSMLNLKIOFFGF76CB,坡道平面,1900000,48.70
RPURMLNLKIOFFGF86CB,坡道平面,1900000,48.70
RPQSMLNLKIOFFGF56CB,坡道平面,2000000,48.70
RPOSMLNLKIOFFGF98CB,坡道平面,1800000,48.70
RPSRMLNLKIOFFGF66CB,坡道平面,1900000,48.70
RPQTMLNLKIOFFGF66CB,坡道平面,2000000,48.70
RPWRMLNLKIOFFGF07CB,坡道平面,1800000,48.70
RPSTMLNLKIOFFGF86CB,坡道平面,1900000,48.70
RPVSMLNLKIOFFGF07CB,坡道平面,2000000,48.70
RPRTMLNLKIOFFGF76CB,坡道平面,2000000,48.70
RPUTMLNLKIOFFGF07CB,坡道平面,1800000,48.70
RPTUMLNLKIOFFGF07CB,坡道平面,0,36.39
RPSUMLNLKIOFFGF96CB,坡道平面,0,33.09
RPSUMLNLKIOFFGF96CB,坡道平面,0,36.39
RPWUMLNLKIOFFGF37CB,坡道平面,0,33.09
RPUUMLNLKIOFFGF17CB,坡道平面,0,36.39
RPQVMLNLKIOFFGF86CB,坡道平面,0,33.09
RPPVMLNLKIOFFGF76CB,坡道平面,0,36.39
RPXUMLNLKIOFFGF47CB,坡道平面,0,36.39
RPRVMLNLKIOFFGF96CB,坡道平面,0,33.09
RPSVMLNLKIOFFGF07CB,坡道平面,0,36.39
RPUVMLNLKIOFFGF27CB,坡道平面,0,36.39
RPTVMLNLKIOFFGF17CB,坡道平面,0,36.39
RPXVMLNLKIOFFGF57CB,坡道平面,0,67.00
RPWVMLNLKIOFFGF47CB,坡道平面,0,67.00
RPVVMLNLKIOFFGF37CB,坡道平面,0,36.39
RPSWMLNLKIOFFGF17CB,坡道平面,0,36.39
RPWTMLNLKIOFFGF27CB,坡道平面,1800000,48.70
RPPUMLNLKIOFFGF66CB,坡道平面,1700000,48.70
RPXTMLNLKIOFFGF37CB,坡道平面,1800000,48.70
RPQUMLNLKIOFFGF76CB,坡道平面,1700000,48.70
RPOUMLNLKIOFFGF56CB,坡道平面,1800000,48.70
RPUWMLNLKIOFFGF37CB,坡道平面,0,36.39
RPPNMLOLKIOFFGF68CB,坡道平面,2100000,48.70
RPVQMLQLKIOFFEF96CB,坡道平面,1600000,44.12
RPQNMLOLKIOFFGF78CB,坡道平面,2000000,48.70
RPRNMLOLKIOFFGF88CB,坡道平面,1900000,48.70
RPUOMLOLKIOFFBF78CB,坡道平面,2050000,40.59
RPOQMLRLKIOFFAF58CB,坡道平面,0,23.22
RPOQMLRLKIOFFAF58CB,坡道平面,0,23.22
RPOQMLRLKIOFFAF58CB,坡道平面,0,23.22
RPXQMLKMKIOFFEF66CB,坡道平面,1600000,42.87
RPRWMLNLKIOFFGF07CB,坡道平面,0,36.39
RPQWMLNLKIOFFGF96CB,坡道平面,0,36.39
RPOWMLNLKIOFFGF76CB,坡道平面,0,36.39
RPPWMLNLKIOFFGF86CB,坡道平面,0,36.39
RPQOMLKMKIOFFGF58CB,升降機械,1800000,28.99
RPWOMLKMKIOFFGF56CB,升降機械,1800000,28.99
RPOPMLKMKIOFFGF48CB,升降機械,1700000,28.99
RPPRMLKMKIOFFEF58CB,坡道平面,1500000,42.87
RPRRMLKMKIOFFEF78CB,坡道平面,1600000,42.87
RPXPMLKMKIOFFGF76CB,坡道平面,2400000,68.93
RPTPMLKMKIOFFGF98CB,坡道平面,2300000,68.93
RPOQMLKMKIOFFGF58CB,升降機械,1700000,28.99
RPVNMLRJJHPFFAF68CB,坡道平面,2200000,33.06
RPWNMLRJJHPFFAF78CB,坡道平面,2300000,33.06
RPOOMLRJJHPFFAF08CB,坡道平面,2300000,33.06
RPPNMLRJJHPFFAF08CB,坡道平面,2300000,28.56
RPSNMLRJJHPFFAF38CB,坡道平面,2000000,33.06
RPRNMLRJJHPFFAF28CB,坡道平面,2700000,33.06
RPPOMLRJJHPFFAF18CB,坡道平面,2500000,28.56
RPWOMLRJJHPFFAF88CB,坡道平面,2050000,28.56
RPWOMLRJJHPFFAF88CB,坡道平面,2250000,33.06
RPXOMLRJJHPFFAF98CB,坡道平面,2300000,33.06
RPQOMLRJJHPFFAF28CB,坡道平面,2150000,33.06
RPUNMLRJJHPFFAF58CB,坡道平面,2000000,33.06
RPPNMLMJJHPFFEF97CB,坡道平面,1600000,42.87
RPOPMLRJJHPFFAF18CB,坡道平面,2700000,33.06
RPPPMLRJJHPFFAF28CB,坡道平面,2450000,33.06
RPPPMLRJJHPFFAF28CB,坡道平面,2350000,33.06
RPRPMLRJJHPFFAF48CB,坡道平面,2300000,33.06
RPRPMLRJJHPFFAF48CB,坡道平面,2150000,28.56
RPTPMLRJJHPFFAF68CB,坡道平面,2300000,33.06
RPTPMLRJJHPFFAF68CB,坡道平面,2100000,28.56
RPVPMLRJJHPFFAF88CB,坡道平面,2000000,28.56
RPPQMLRJJHPFFAF38CB,坡道平面,2150000,33.06
RPPQMLRJJHPFFAF38CB,坡道平面,2150000,33.06
RPXPMLRJJHPFFAF09CB,坡道平面,2300000,33.06
RPQQMLRJJHPFFAF48CB,坡道平面,2300000,33.06
RPQQMLRJJHPFFAF48CB,坡道平面,2300000,33.06
RPUQMLRJJHPFFAF88CB,坡道平面,2150000,33.06
RPSQMLRJJHPFFAF68CB,坡道平面,2100000,33.06
RPSQMLRJJHPFFAF68CB,坡道平面,2100000,33.06
RPRQMLRJJHPFFAF58CB,坡道平面,2150000,33.06
RPTQMLRJJHPFFAF78CB,坡道平面,2150000,33.06
RPTQMLRJJHPFFAF78CB,坡道平面,2100000,33.06
RPVQMLRJJHPFFAF98CB,坡道平面,2150000,33.06
RPVQMLRJJHPFFAF98CB,坡道平面,2150000,33.06
RPWQMLRJJHPFFAF09CB,坡道平面,2150000,33.06
RPWQMLRJJHPFFAF09CB,坡道平面,2150000,33.06
RPXQMLRJJHPFFAF56CB,坡道平面,2300000,33.06
RPXQMLRJJHPFFAF56CB,坡道平面,2300000,33.06
RPQRMLRJJHPFFAF58CB,坡道平面,2300000,33.06
RPURMLRJJHPFFAF98CB,坡道平面,2000000,28.56
RPWRMLRJJHPFFAF56CB,坡道平面,2300000,33.06
RPVRMLRJJHPFFAF09CB,坡道平面,2000000,28.56
RPTRMLRJJHPFFAF88CB,坡道平面,2000000,28.56
RPXRMLRJJHPFFAF66CB,坡道平面,2150000,28.56
RPOSMLRJJHPFFAF48CB,坡道平面,2000000,28.56
RPOSMLRJJHPFFAF48CB,坡道平面,2150000,33.06
RPPSMLRJJHPFFAF58CB,坡道平面,2100000,33.06
RPRSMLRJJHPFFAF78CB,坡道平面,2100000,33.06
RPQSMLRJJHPFFAF68CB,坡道平面,2700000,33.06
RPTSMLRJJHPFFAF98CB,坡道平面,2300000,33.06
RPTSMLRJJHPFFAF98CB,坡道平面,2300000,33.06
RPSSMLRJJHPFFAF88CB,坡道平面,2250000,33.06
RPUSMLRJJHPFFAF09CB,坡道平面,1950000,33.06
RPVSMLRJJHPFFAF56CB,坡道平面,2250000,33.06
RPWSMLRJJHPFFAF66CB,坡道平面,2150000,33.06
RPXSMLRJJHPFFAF76CB,坡道平面,2100000,33.06
RPQTMLRJJHPFFAF78CB,坡道平面,2450000,33.06
RPPTMLRJJHPFFAF68CB,坡道平面,2150000,33.06
RPOTMLRJJHPFFAF58CB,坡道平面,2450000,33.06
RPOTMLRJJHPFFAF58CB,坡道平面,2450000,33.06
RPSTMLRJJHPFFAF98CB,坡道平面,2100000,33.06
RPRTMLRJJHPFFAF88CB,坡道平面,2150000,33.06
RPTTMLRJJHPFFAF09CB,坡道平面,2150000,33.06
RPOUMLRJJHPFFAF68CB,坡道平面,2150000,33.06
RPVTMLRJJHPFFAF66CB,坡道平面,2150000,33.06
RPQUMLRJJHPFFAF88CB,坡道平面,2700000,33.06
RPPUMLRJJHPFFAF78CB,坡道平面,2250000,33.06
RPWTMLRJJHPFFAF76CB,坡道平面,2000000,33.06
RPTUMLRJJHPFFAF56CB,坡道平面,2300000,33.06
RPVUMLRJJHPFFAF76CB,坡道平面,2150000,33.06
RPOVMLRJJHPFFAF78CB,坡道平面,2150000,33.06
RPQVMLRJJHPFFAF98CB,坡道平面,2150000,33.06
RPPVMLRJJHPFFAF88CB,坡道平面,2300000,33.06
RPRVMLRJJHPFFAF09CB,坡道平面,2150000,33.06
RPTVMLRJJHPFFAF66CB,坡道平面,2250000,33.06
RPXOMLSJJHPFFCF66CB,坡道平面,2100000,35.89
RPXNMLSJJHPFFCF56CB,坡道平面,2300000,41.54
RPROMLSJJHPFFCF68CB,坡道平面,1900000,35.89
RPOOMLSJJHPFFCF38CB,坡道平面,2300000,41.54
RPSPMLSJJHPFFCF88CB,坡道平面,2400000,41.54
RPPPMLSJJHPFFCF58CB,坡道平面,2400000,41.54
RPRPMLSJJHPFFCF78CB,坡道平面,1700000,41.54
RPQPMLSJJHPFFCF68CB,坡道平面,2000000,41.54
RPTPMLSJJHPFFCF98CB,坡道平面,1700000,41.54
RPUPMLSJJHPFFCF09CB,坡道平面,2400000,41.54
RPWPMLSJJHPFFCF66CB,坡道平面,2400000,41.54
RPWPMLSJJHPFFCF66CB,坡道平面,2300000,35.89
RPPQMLSJJHPFFCF68CB,坡道平面,2100000,41.54
RPPQMLSJJHPFFCF68CB,坡道平面,1900000,35.89
RPOQMLSJJHPFFCF58CB,坡道平面,2100000,41.54
RPOQMLSJJHPFFCF58CB,坡道平面,1900000,35.89
RPXPMLSJJHPFFCF76CB,坡道平面,2000000,41.54
RPXPMLSJJHPFFCF76CB,坡道平面,2000000,35.89
RPVPMLSJJHPFFCF56CB,坡道平面,2100000,41.54
RPRQMLSJJHPFFCF88CB,坡道平面,2500000,41.54
RPSQMLSJJHPFFCF98CB,坡道平面,2300000,35.89
RPTQMLSJJHPFFCF09CB,坡道平面,1800000,41.54
RPVQMLSJJHPFFCF66CB,坡道平面,2600000,54.83
RPWQMLSJJHPFFCF76CB,坡道平面,1950000,41.54
RPWQMLSJJHPFFCF76CB,坡道平面,1950000,41.54
RPWQMLSJJHPFFCF76CB,坡道平面,2200000,35.89
RPORMLSJJHPFFCF68CB,坡道平面,2000000,35.89
RPXQMLSJJHPFFCF86CB,坡道平面,2400000,35.89
RPQRMLSJJHPFFCF88CB,坡道平面,1700000,41.54
RPRRMLSJJHPFFCF98CB,坡道平面,1900000,54.83
RPSRMLSJJHPFFCF09CB,坡道平面,2500000,41.54
RPUQMLSJJHPFFCF56CB,坡道平面,2500000,35.89
RPTRMLSJJHPFFCF56CB,坡道平面,1900000,35.89
RPWRMLSJJHPFFCF86CB,坡道平面,1900000,35.89
RPRSMLSJJHPFFCF09CB,坡道平面,2300000,41.54
RPVRMLSJJHPFFCF76CB,坡道平面,1500000,35.89
RPQSMLSJJHPFFCF98CB,坡道平面,2600000,54.83
RPQSMLSJJHPFFCF98CB,坡道平面,2400000,41.54
RPPSMLSJJHPFFCF88CB,坡道平面,1600000,35.89
RPSSMLSJJHPFFCF56CB,坡道平面,2500000,41.54
RPPRMLSJJHPFFCF78CB,坡道平面,2450000,41.54
RPSNMLNKJHPFFCF28CB,坡道平面,2400000,23.11
RPSOMLNKJHPFFCF38CB,坡道平面,2400000,23.11
RPTPMLNKJHPFFCF58CB,坡道平面,2000000,23.11
RPTQMLNKJHPFFCF68CB,坡道平面,2300000,23.11
RPPPMLNKJHPFFCF18CB,坡道平面,2300000,23.11
RPOOMLNKJHPFFCF97CB,坡道平面,2500000,23.11
RPUNMLNKJHPFFCF48CB,坡道平面,2300000,23.11
RPQSMLNKJHPFFCF58CB,坡道平面,2400000,23.11
RPXNMLTJJHPFFGF07CB,坡道平面,0,36.40
RPOTMLNKJHPFFCF48CB,坡道平面,2000000,23.11
RPUSMLNKJHPFFCF98CB,坡道平面,2400000,23.11
RPXPMLNKJHPFFCF98CB,坡道平面,2400000,23.11
RPTTMLNKJHPFFCF98CB,坡道平面,2500000,23.11
RPWTMLNKJHPFFCF66CB,坡道平面,2300000,23.11
RPPRMLNKJHPFFCF38CB,坡道平面,2400000,23.11
RPRUMLNKJHPFFCF88CB,坡道平面,2400000,23.11
RPUUMLNKJHPFFCF56CB,坡道平面,2400000,23.11
RPRUMLKLJHPFFAF48CB,坡道平面,1900000,40.95
RPWOMLOKJHPFFHF76CB,坡道平面,2250000,41.43
RPTOMLOKJHPFFHF09CB,坡道平面,2150000,41.43
RPSUMLKLJHPFFAF58CB,坡道平面,1900000,40.95
RPTUMLKLJHPFFAF68CB,坡道平面,1900000,40.95
RPUUMLKLJHPFFAF78CB,坡道平面,2100000,40.95
RPUUMLKLJHPFFAF78CB,坡道平面,1900000,40.95
RPPVMLKLJHPFFAF38CB,坡道平面,1900000,40.95
RPXUMLKLJHPFFAF09CB,坡道平面,1900000,40.95
RPOVMLKLJHPFFAF28CB,坡道平面,1900000,40.95
RPWUMLKLJHPFFAF98CB,坡道平面,1900000,40.95
RPVUMLKLJHPFFAF88CB,坡道平面,1900000,40.95
RPTVMLKLJHPFFAF78CB,坡道平面,2100000,40.95
RPWVMLKLJHPFFAF09CB,坡道平面,2100000,40.95
RPWVMLKLJHPFFAF09CB,坡道平面,2100000,40.95
RPRVMLKLJHPFFAF58CB,坡道平面,2200000,40.95
RPUVMLKLJHPFFAF88CB,坡道平面,2100000,40.95
RPXVMLKLJHPFFAF56CB,坡道平面,2100000,40.95
RPXVMLKLJHPFFAF56CB,坡道平面,2100000,40.95
RPXVMLKLJHPFFAF56CB,坡道平面,2150000,40.95
RPRWMLKLJHPFFAF68CB,坡道平面,2100000,40.95
RPVVMLKLJHPFFAF98CB,坡道平面,2150000,40.95
RPQWMLKLJHPFFAF58CB,坡道平面,2100000,40.95
RPPWMLKLJHPFFAF48CB,坡道平面,2000000,40.95
RPOWMLKLJHPFFAF38CB,坡道平面,2250000,40.95
RPOWMLKLJHPFFAF38CB,坡道平面,2250000,40.95
RPUWMLKLJHPFFAF98CB,坡道平面,1900000,40.95
RPTWMLKLJHPFFAF88CB,坡道平面,2100000,40.95
RPVWMLKLJHPFFAF09CB,坡道平面,2100000,40.95
RPRNNLKLJHPFFAF87CB,坡道平面,2100000,40.95
RPPNNLKLJHPFFAF67CB,坡道平面,2250000,40.95
RPWWMLKLJHPFFAF56CB,坡道平面,2200000,40.95
RPQNNLKLJHPFFAF77CB,坡道平面,2100000,40.95
RPQNNLKLJHPFFAF77CB,坡道平面,2100000,40.95
RPTNNLKLJHPFFAF08CB,坡道平面,1900000,40.95
RPSNNLKLJHPFFAF97CB,坡道平面,2000000,40.95
RPWNNLKLJHPFFAF38CB,坡道平面,2000000,40.95
RPXNNLKLJHPFFAF48CB,坡道平面,1900000,40.95
RPOONLKLJHPFFAF67CB,坡道平面,1900000,40.95
RPPONLKLJHPFFAF77CB,坡道平面,2000000,40.95
RPQONLKLJHPFFAF87CB,坡道平面,2000000,40.95
RPSONLKLJHPFFAF08CB,坡道平面,2000000,40.95
RPRPNLKLJHPFFAF08CB,坡道平面,2150000,40.95
RPQPNLKLJHPFFAF97CB,坡道平面,2000000,40.95
RPUONLKLJHPFFAF28CB,坡道平面,2100000,40.95
RPTONLKLJHPFFAF18CB,坡道平面,2000000,40.95
RPOPNLKLJHPFFAF77CB,坡道平面,2100000,40.95
RPVNNLKLJHPFFAF28CB,坡道平面,1900000,40.95
RPXONLKLJHPFFAF58CB,坡道平面,2100000,40.95
RPUNNLKLJHPFFAF18CB,坡道平面,1900000,40.95
RPSPNLKLJHPFFAF18CB,坡道平面,2100000,40.95
RPRONLKLJHPFFAF97CB,坡道平面,1950000,40.95
RPUPNLKLJHPFFAF38CB,坡道平面,2100000,40.95
RPXPNLKLJHPFFAF68CB,坡道平面,2150000,40.95
RPTPNLKLJHPFFAF28CB,坡道平面,1900000,40.95
RPVPNLKLJHPFFAF48CB,坡道平面,2200000,40.95
RPPQNLKLJHPFFAF97CB,坡道平面,2150000,40.95
RPQQNLKLJHPFFAF08CB,坡道平面,2100000,40.95
RPQQNLKLJHPFFAF08CB,坡道平面,2100000,40.95
RPOQNLKLJHPFFAF87CB,坡道平面,2200000,40.95
RPWPNLKLJHPFFAF58CB,坡道平面,2100000,40.95
RPRQNLKLJHPFFAF18CB,坡道平面,2200000,40.95
RPRQNLKLJHPFFAF18CB,坡道平面,2200000,40.95
RPSQNLKLJHPFFAF28CB,坡道平面,2000000,40.95
RPTQNLKLJHPFFAF38CB,坡道平面,2100000,40.95
RPWQNLKLJHPFFAF68CB,坡道平面,2300000,40.95
RPWQNLKLJHPFFAF68CB,坡道平面,2300000,40.95
RPUQNLKLJHPFFAF48CB,坡道平面,2000000,40.95
RPQRNLKLJHPFFAF18CB,坡道平面,2100000,40.95
RPSRNLKLJHPFFAF38CB,坡道平面,1950000,40.95
RPTRNLKLJHPFFAF48CB,坡道平面,2200000,40.95
RPORNLKLJHPFFAF97CB,坡道平面,2200000,40.95
RPPRNLKLJHPFFAF08CB,坡道平面,2150000,40.95
RPURNLKLJHPFFAF58CB,坡道平面,2100000,40.95
RPTSNLKLJHPFFAF58CB,坡道平面,1900000,40.95
RPUSNLKLJHPFFAF68CB,坡道平面,1950000,40.95
RPVSNLKLJHPFFAF78CB,坡道平面,1900000,40.95
RPVRNLKLJHPFFAF68CB,坡道平面,2200000,40.95
RPQSNLKLJHPFFAF28CB,坡道平面,1950000,40.95
RPRSNLKLJHPFFAF38CB,坡道平面,1900000,40.95
RPXRNLKLJHPFFAF88CB,坡道平面,2150000,40.95
RPXRNLKLJHPFFAF88CB,坡道平面,2150000,40.95
RPPSNLKLJHPFFAF18CB,坡道平面,2000000,40.95
RPOSNLKLJHPFFAF08CB,坡道平面,1900000,40.95
RPWSNLKLJHPFFAF88CB,坡道平面,1850000,40.95
RPOTNLKLJHPFFAF18CB,坡道平面,1900000,40.95
RPTTNLKLJHPFFAF68CB,坡道平面,2050000,40.95
RPVTNLKLJHPFFAF88CB,坡道平面,2000000,40.95
RPWTNLKLJHPFFAF98CB,坡道平面,2100000,40.95
RPXTNLKLJHPFFAF09CB,坡道平面,1800000,40.95
RPRUNLKLJHPFFAF58CB,坡道平面,1900000,40.95
RPXUNLKLJHPFFAF56CB,坡道平面,1900000,40.95
RPWUNLKLJHPFFAF09CB,坡道平面,1900000,40.95
RPSUNLKLJHPFFAF68CB,坡道平面,2000000,40.95
RPOVNLKLJHPFFAF38CB,坡道平面,2000000,40.95
RPXPMLKLJHPFFEF98CB,坡道平面,1100000,22.41
RPXPMLKLJHPFFEF98CB,坡道平面,1100000,22.41
RPPQMLKLJHPFFEF28CB,坡道平面,1300000,22.41
RPPQMLKLJHPFFEF28CB,坡道平面,1300000,22.41
RPPQMLKLJHPFFEF28CB,坡道平面,1300000,22.41
RPQPMLKLJHPFFEF28CB,坡道平面,1200000,22.41
RPQPMLKLJHPFFEF28CB,坡道平面,1300000,22.41
RPSQMLKLJHPFFEF58CB,坡道平面,1250000,32.43
RPWPMLKLJHPFFEF88CB,坡道平面,1300000,22.41
RPWPMLKLJHPFFEF88CB,坡道平面,1300000,22.41
RPWPMLKLJHPFFEF88CB,坡道平面,1300000,22.41
RPRPMLKLJHPFFEF38CB,坡道平面,1200000,22.41
RPRPMLKLJHPFFEF38CB,坡道平面,1200000,22.41
RPRQMLKLJHPFFEF48CB,坡道機械,500000,16.21
RPVPMLKLJHPFFEF78CB,坡道平面,1200000,22.41
RPVPMLKLJHPFFEF78CB,坡道平面,1200000,22.41
RPUPMLKLJHPFFEF68CB,坡道平面,1200000,22.41
RPUPMLKLJHPFFEF68CB,坡道平面,1200000,22.41
RPQQMLKLJHPFFEF38CB,坡道平面,1100000,32.43
RPTPMLKLJHPFFEF58CB,坡道平面,1200000,22.41
RPTPMLKLJHPFFEF58CB,坡道平面,1300000,22.41
RPUQMLKLJHPFFEF78CB,坡道機械,500000,16.21
RPTQMLKLJHPFFEF68CB,坡道機械,700000,16.21
RPVQMLKLJHPFFEF88CB,坡道平面,1300000,32.43
RPRRMLKLJHPFFEF58CB,坡道平面,950000,32.43
RPQRMLKLJHPFFEF48CB,坡道平面,1300000,32.43
RPSRMLKLJHPFFEF68CB,坡道機械,500000,16.21
RPPRMLKLJHPFFEF38CB,坡道機械,700000,16.21
RPORMLKLJHPFFEF28CB,坡道機械,700000,16.21
RPTRMLKLJHPFFEF78CB,坡道機械,500000,16.21
RPWQMLKLJHPFFEF98CB,坡道機械,700000,16.21
RPWRMLKLJHPFFEF09CB,坡道機械,500000,16.21
RPXQMLKLJHPFFEF09CB,坡道平面,1100000,32.43
RPURMLKLJHPFFEF88CB,坡道平面,1050000,32.43
RPVRMLKLJHPFFEF98CB,坡道機械,700000,16.21
RPXRMLKLJHPFFEF56CB,坡道機械,500000,16.21
RPPSMLKLJHPFFEF48CB,坡道平面,1100000,32.43
RPOSMLKLJHPFFEF38CB,坡道平面,1100000,32.43
RPVSMLKLJHPFFEF09CB,坡道平面,950000,32.43
RPWSMLKLJHPFFEF56CB,坡道平面,1100000,32.43
RPXSMLKLJHPFFEF66CB,坡道機械,500000,16.21
RPOTMLKLJHPFFEF48CB,坡道機械,500000,16.21
RPPTMLKLJHPFFEF58CB,坡道機械,500000,16.21
RPSSMLKLJHPFFEF78CB,坡道平面,1050000,32.43
RPUSMLKLJHPFFEF98CB,坡道機械,500000,16.21
RPRSMLKLJHPFFEF68CB,坡道機械,500000,16.21
RPTSMLKLJHPFFEF88CB,坡道機械,500000,16.21
RPXTMLKLJHPFFEF76CB,坡道機械,500000,16.21
RPTTMLKLJHPFFEF98CB,坡道平面,1100000,32.43
RPRTMLKLJHPFFEF78CB,坡道平面,1050000,32.43
RPOUMLKLJHPFFEF58CB,坡道機械,500000,16.21
RPQTMLKLJHPFFEF68CB,坡道平面,950000,32.43
RPUTMLKLJHPFFEF09CB,坡道平面,1100000,32.43
RPSTMLKLJHPFFEF88CB,坡道平面,1100000,32.43
RPPUMLKLJHPFFEF68CB,坡道平面,1100000,32.43
RPVTMLKLJHPFFEF56CB,坡道機械,500000,16.21
RPWTMLKLJHPFFEF66CB,坡道平面,950000,32.43
RPSUMLKLJHPFFEF98CB,坡道平面,1100000,32.43
RPRUMLKLJHPFFEF88CB,坡道機械,700000,16.21
RPOVMLKLJHPFFEF68CB,坡道平面,1250000,32.43
RPXUMLKLJHPFFEF86CB,坡道平面,1250000,32.43
RPQUMLKLJHPFFEF78CB,坡道平面,1250000,32.43
RPUUMLKLJHPFFEF56CB,坡道平面,1250000,32.43
RPVUMLKLJHPFFEF66CB,坡道平面,1250000,32.43
RPTUMLKLJHPFFEF09CB,坡道平面,1300000,32.43
RPQVMLKLJHPFFEF88CB,坡道平面,1100000,32.43
RPPVMLKLJHPFFEF78CB,坡道平面,1250000,32.43
RPWVMLKLJHPFFEF86CB,坡道平面,1300000,32.43
RPTVMLKLJHPFFEF56CB,坡道平面,1200000,32.43
RPVVMLKLJHPFFEF76CB,坡道平面,1300000,32.43
RPRVMLKLJHPFFEF98CB,坡道平面,1200000,32.43
RPUVMLKLJHPFFEF66CB,坡道平面,1300000,32.43
RPSVMLKLJHPFFEF09CB,坡道平面,1250000,32.43
RPXVMLKLJHPFFEF96CB,坡道平面,1250000,32.43
RPOWMLKLJHPFFEF78CB,坡道平面,1250000,32.43
RPRWMLKLJHPFFEF09CB,坡道平面,1300000,32.43
RPPWMLKLJHPFFEF88CB,坡道平面,1250000,32.43
RPSWMLKLJHPFFEF56CB,坡道平面,850000,32.43
RPTWMLKLJHPFFEF66CB,坡道機械,500000,16.21
RPWWMLKLJHPFFEF96CB,坡道平面,1150000,32.43
RPUWMLKLJHPFFEF76CB,坡道機械,560000,16.21
RPVWMLKLJHPFFEF86CB,坡道平面,1250000,32.43
RPQWMLKLJHPFFEF98CB,坡道平面,1100000,32.43
RPONNLKLJHPFFEF97CB,坡道機械,500000,16.21
RPXWMLKLJHPFFEF07CB,坡道平面,1300000,32.43
RPQNNLKLJHPFFEF18CB,坡道機械,500000,16.21
RPSNNLKLJHPFFEF38CB,坡道機械,650000,16.21
RPRNNLKLJHPFFEF28CB,坡道機械,700000,16.21
RPTNNLKLJHPFFEF48CB,坡道平面,950000,32.43
RPUNNLKLJHPFFEF58CB,坡道平面,1300000,32.43
RPQONLKLJHPFFEF28CB,坡道平面,1300000,32.43
RPRONLKLJHPFFEF38CB,坡道平面,1100000,32.43
RPTONLKLJHPFFEF58CB,坡道平面,1250000,32.43
RPWNNLKLJHPFFEF78CB,坡道平面,1050000,32.43
RPPONLKLJHPFFEF18CB,坡道平面,1050000,32.43
RPOONLKLJHPFFEF08CB,坡道平面,1050000,32.43
RPXNNLKLJHPFFEF88CB,坡道平面,1100000,32.43
RPSONLKLJHPFFEF48CB,坡道平面,1300000,32.43
RPUONLKLJHPFFEF68CB,坡道平面,1100000,32.43
RPVONLKLJHPFFEF78CB,坡道平面,1300000,32.43
RPPPNLKLJHPFFEF28CB,坡道平面,1250000,32.43
RPWONLKLJHPFFEF88CB,坡道平面,1250000,32.43
RPRPNLKLJHPFFEF48CB,坡道平面,1300000,32.43
RPOPNLKLJHPFFEF18CB,坡道平面,1100000,32.43
RPQPNLKLJHPFFEF38CB,坡道平面,1050000,32.43
RPXONLKLJHPFFEF98CB,坡道平面,1250000,32.43
RPTPNLKLJHPFFEF68CB,坡道平面,1250000,32.43
RPTPNLKLJHPFFEF68CB,坡道平面,1200000,32.43
RPSPNLKLJHPFFEF58CB,坡道平面,1300000,32.43
RPVPNLKLJHPFFEF88CB,坡道平面,1250000,32.43
RPXPNLKLJHPFFEF09CB,坡道平面,1100000,32.43
RPWPNLKLJHPFFEF98CB,坡道平面,1300000,32.43
RPQQNLKLJHPFFEF48CB,坡道平面,950000,32.43
RPRQNLKLJHPFFEF58CB,坡道平面,1100000,32.43
RPUPNLKLJHPFFEF78CB,坡道機械,500000,16.21
RPTQNLKLJHPFFEF78CB,坡道平面,1250000,32.43
RPOQNLKLJHPFFEF28CB,坡道平面,1200000,32.43
RPPQNLKLJHPFFEF38CB,坡道平面,1250000,32.43
RPSQNLKLJHPFFEF68CB,坡道平面,1250000,32.43
RPVQNLKLJHPFFEF98CB,坡道平面,1250000,32.43
RPUQNLKLJHPFFEF88CB,坡道平面,1100000,32.43
RPPRNLKLJHPFFEF48CB,坡道平面,1250000,32.43
RPWQNLKLJHPFFEF09CB,坡道機械,700000,16.21
RPORNLKLJHPFFEF38CB,坡道平面,1250000,32.43
RPRRNLKLJHPFFEF68CB,坡道機械,500000,16.21
RPXQNLKLJHPFFEF56CB,坡道平面,950000,32.43
RPQRNLKLJHPFFEF58CB,坡道平面,1250000,32.43
RPSRNLKLJHPFFEF78CB,坡道平面,1050000,32.43
RPQSNLKLJHPFFEF68CB,坡道機械,700000,16.21
RPPSNLKLJHPFFEF58CB,坡道機械,700000,16.21
RPRSNLKLJHPFFEF78CB,坡道機械,700000,16.21
RPOSNLKLJHPFFEF48CB,坡道平面,1050000,32.43
RPTRNLKLJHPFFEF88CB,坡道平面,1100000,32.43
RPURNLKLJHPFFEF98CB,坡道機械,500000,16.21
RPVRNLKLJHPFFEF09CB,坡道平面,1250000,32.43
RPWRNLKLJHPFFEF56CB,坡道平面,1100000,32.43
RPSSNLKLJHPFFEF88CB,坡道平面,1100000,32.43
RPUSNLKLJHPFFEF09CB,坡道平面,1300000,32.43
RPTSNLKLJHPFFEF98CB,坡道平面,1100000,32.43
RPXRNLKLJHPFFEF66CB,坡道機械,700000,16.21
RPWSNLKLJHPFFEF66CB,坡道平面,950000,32.43
RPVSNLKLJHPFFEF56CB,坡道機械,500000,16.21
RPWTNLKLJHPFFEF76CB,坡道平面,1250000,32.43
RPVTNLKLJHPFFEF66CB,坡道平面,1300000,32.43
RPXSNLKLJHPFFEF76CB,坡道機械,500000,16.21
RPOTNLKLJHPFFEF58CB,坡道平面,1250000,32.43
RPPTNLKLJHPFFEF68CB,坡道平面,1300000,32.43
RPQTNLKLJHPFFEF78CB,坡道平面,1100000,32.43
RPUTNLKLJHPFFEF56CB,坡道平面,1050000,32.43
RPRTNLKLJHPFFEF88CB,坡道平面,1250000,32.43
RPSTNLKLJHPFFEF98CB,坡道平面,1100000,32.43
RPTTNLKLJHPFFEF09CB,坡道平面,1100000,32.43
RPXTNLKLJHPFFEF86CB,坡道機械,700000,16.21
RPOUNLKLJHPFFEF68CB,坡道機械,700000,16.21
RPQUNLKLJHPFFEF88CB,坡道平面,1300000,32.43
RPPUNLKLJHPFFEF78CB,坡道平面,1250000,32.43
RPPUNLKLJHPFFEF78CB,坡道平面,1250000,32.43
RPRUNLKLJHPFFEF98CB,坡道平面,1100000,32.43
RPTUNLKLJHPFFEF56CB,坡道平面,1300000,32.43
RPSUNLKLJHPFFEF09CB,坡道平面,1050000,32.43
RPVUNLKLJHPFFEF76CB,坡道平面,1250000,32.43
RPWUNLKLJHPFFEF86CB,坡道平面,1100000,32.43
RPUUNLKLJHPFFEF66CB,坡道平面,1250000,32.43
RPXUNLKLJHPFFEF96CB,坡道平面,1100000,32.43
RPOVNLKLJHPFFEF78CB,坡道平面,1250000,32.43
RPPVNLKLJHPFFEF88CB,坡道平面,1300000,32.43
RPSVNLKLJHPFFEF56CB,坡道平面,1250000,32.43
RPTVNLKLJHPFFEF66CB,坡道平面,1250000,32.43
RPQVNLKLJHPFFEF98CB,坡道平面,1250000,32.43
RPRVNLKLJHPFFEF09CB,坡道平面,1250000,32.43
RPUVNLKLJHPFFEF76CB,坡道平面,1250000,32.43
RPVVNLKLJHPFFEF86CB,坡道平面,1300000,32.43
RPWVNLKLJHPFFEF96CB,坡道平面,1250000,32.43
RPXVNLKLJHPFFEF07CB,坡道平面,1100000,32.43
RPOWNLKLJHPFFEF88CB,坡道機械,500000,16.21
RPSWNLKLJHPFFEF66CB,坡道機械,500000,16.21
RPRWNLKLJHPFFEF56CB,坡道平面,1100000,32.43
RPQWNLKLJHPFFEF09CB,坡道平面,1100000,32.43
RPPWNLKLJHPFFEF98CB,坡道機械,700000,16.21
RPQNOLKLJHPFFEF28CB,坡道平面,1100000,32.43
RPTNOLKLJHPFFEF58CB,坡道平面,1300000,32.43
RPONOLKLJHPFFEF08CB,坡道平面,1300000,32.43
RPTWNLKLJHPFFEF76CB,坡道平面,1100000,32.43
RPVWNLKLJHPFFEF96CB,坡道平面,1300000,32.43
RPRNOLKLJHPFFEF38CB,坡道平面,1300000,32.43
RPSNOLKLJHPFFEF48CB,坡道平面,1200000,32.43
RPUWNLKLJHPFFEF86CB,坡道平面,1050000,32.43
RPWWNLKLJHPFFEF07CB,坡道平面,1250000,32.43
RPXWNLKLJHPFFEF17CB,坡道機械,700000,16.21
RPOOOLKLJHPFFEF18CB,坡道平面,1100000,32.43
RPPOOLKLJHPFFEF28CB,坡道平面,1250000,32.43
RPVNOLKLJHPFFEF78CB,坡道平面,1250000,32.43
RPQOOLKLJHPFFEF38CB,坡道平面,1250000,32.43
RPXNOLKLJHPFFEF98CB,坡道平面,1100000,32.43
RPROOLKLJHPFFEF48CB,坡道平面,1250000,32.43
RPSOOLKLJHPFFEF58CB,坡道平面,1250000,32.43
RPTOOLKLJHPFFEF68CB,坡道平面,1200000,32.43
RPUNOLKLJHPFFEF68CB,坡道平面,1050000,32.43
RPWNOLKLJHPFFEF88CB,坡道平面,1250000,32.43
RPUOOLKLJHPFFEF78CB,坡道平面,1250000,32.43
RPPPOLKLJHPFFEF38CB,坡道平面,1100000,32.43
RPVOOLKLJHPFFEF88CB,坡道平面,1250000,32.43
RPOPOLKLJHPFFEF28CB,坡道平面,1050000,32.43
RPXOOLKLJHPFFEF09CB,坡道平面,1300000,32.43
RPWOOLKLJHPFFEF98CB,坡道平面,1100000,32.43
RPRPOLKLJHPFFEF58CB,坡道平面,1100000,32.43
RPQPOLKLJHPFFEF48CB,坡道平面,1100000,32.43
RPPQOLKLJHPFFEF48CB,坡道平面,1250000,32.43
RPRQOLKLJHPFFEF68CB,坡道平面,1250000,32.43
RPQQOLKLJHPFFEF58CB,坡道平面,1300000,32.43
RPXPOLKLJHPFFEF56CB,坡道平面,1300000,32.43
RPSPOLKLJHPFFEF68CB,坡道平面,1100000,32.43
RPOQOLKLJHPFFEF38CB,坡道平面,1250000,32.43
RPTPOLKLJHPFFEF78CB,坡道平面,1250000,32.43
RPVPOLKLJHPFFEF98CB,坡道平面,1250000,32.43
RPUPOLKLJHPFFEF88CB,坡道平面,1300000,32.43
RPWPOLKLJHPFFEF09CB,坡道平面,1250000,32.43
RPTQOLKLJHPFFEF88CB,坡道平面,1300000,32.43
RPSQOLKLJHPFFEF78CB,坡道平面,1300000,32.43
RPUQOLKLJHPFFEF98CB,坡道平面,1300000,32.43
RPVQOLKLJHPFFEF09CB,坡道平面,1300000,32.43
RPWQOLKLJHPFFEF56CB,坡道平面,1250000,32.43
RPXQOLKLJHPFFEF66CB,坡道平面,1100000,32.43
RPVROLKLJHPFFEF56CB,坡道平面,1050000,32.43
RPPROLKLJHPFFEF58CB,坡道平面,1050000,32.43
RPWROLKLJHPFFEF66CB,坡道機械,700000,16.21
RPTROLKLJHPFFEF98CB,坡道平面,1300000,32.43
RPXROLKLJHPFFEF76CB,坡道機械,500000,16.21
RPRROLKLJHPFFEF78CB,坡道平面,1300000,32.43
RPQROLKLJHPFFEF68CB,坡道平面,1050000,32.43
RPOROLKLJHPFFEF48CB,坡道平面,1100000,32.43
RPSROLKLJHPFFEF88CB,坡道平面,1050000,32.43
RPUROLKLJHPFFEF09CB,坡道平面,1250000,32.43
RPOSOLKLJHPFFEF58CB,坡道平面,1300000,32.43
RPPSOLKLJHPFFEF68CB,坡道平面,1250000,32.43
RPQSOLKLJHPFFEF78CB,坡道機械,500000,16.21
RPRSOLKLJHPFFEF88CB,坡道機械,500000,16.21
RPTSOLKLJHPFFEF09CB,坡道平面,1100000,32.43
RPUSOLKLJHPFFEF56CB,坡道平面,1250000,32.43
RPVSOLKLJHPFFEF66CB,坡道平面,1250000,32.43
RPSSOLKLJHPFFEF98CB,坡道平面,1250000,32.43
RPXSOLKLJHPFFEF86CB,坡道平面,1250000,32.43
RPWSOLKLJHPFFEF76CB,坡道機械,500000,16.21
RPPTOLKLJHPFFEF78CB,坡道平面,1300000,32.43
RPOTOLKLJHPFFEF68CB,坡道平面,1250000,32.43
RPQTOLKLJHPFFEF88CB,坡道機械,700000,16.21
RPRTOLKLJHPFFEF98CB,坡道機械,700000,16.21
RPSTOLKLJHPFFEF09CB,坡道平面,1300000,32.43
RPVTOLKLJHPFFEF76CB,坡道平面,1300000,32.43
RPTTOLKLJHPFFEF56CB,坡道機械,500000,16.21
RPUTOLKLJHPFFEF66CB,坡道平面,1100000,32.43
RPOUOLKLJHPFFEF78CB,坡道平面,1100000,32.43
RPWTOLKLJHPFFEF86CB,坡道平面,1250000,32.43
RPXTOLKLJHPFFEF96CB,坡道平面,1250000,32.43
RPQUOLKLJHPFFEF98CB,坡道平面,1300000,32.43
RPSUOLKLJHPFFEF56CB,坡道平面,1250000,32.43
RPPUOLKLJHPFFEF88CB,坡道平面,1100000,32.43
RPRUOLKLJHPFFEF09CB,坡道平面,1300000,32.43
RPVUOLKLJHPFFEF86CB,坡道平面,1250000,32.43
RPWUOLKLJHPFFEF96CB,坡道機械,700000,16.21
RPTUOLKLJHPFFEF66CB,坡道平面,1100000,32.43
RPUUOLKLJHPFFEF76CB,坡道平面,1300000,32.43
RPXUOLKLJHPFFEF07CB,坡道平面,1100000,32.43
RPOVOLKLJHPFFEF88CB,坡道平面,1300000,32.43
RPPVOLKLJHPFFEF98CB,坡道平面,1300000,32.43
RPRVOLKLJHPFFEF56CB,坡道平面,1250000,32.43
RPUVOLKLJHPFFEF86CB,坡道平面,1300000,32.43
RPQVOLKLJHPFFEF09CB,坡道平面,1050000,32.43
RPSVOLKLJHPFFEF66CB,坡道平面,1250000,32.43
RPTVOLKLJHPFFEF76CB,坡道平面,1300000,32.43
RPOWOLKLJHPFFEF98CB,坡道平面,1100000,32.43
RPVVOLKLJHPFFEF96CB,坡道平面,1100000,32.43
RPXVOLKLJHPFFEF17CB,坡道平面,1300000,32.43
RPWVOLKLJHPFFEF07CB,坡道平面,1300000,32.43
RPPWOLKLJHPFFEF09CB,坡道機械,700000,16.21
RPRWOLKLJHPFFEF66CB,坡道平面,1250000,32.43
RPQWOLKLJHPFFEF56CB,坡道平面,1100000,32.43
RPSWOLKLJHPFFEF76CB,坡道平面,1100000,32.43
RPTWOLKLJHPFFEF86CB,坡道平面,1250000,32.43
RPWWOLKLJHPFFEF17CB,坡道機械,700000,16.21
RPRNPLKLJHPFFEF48CB,坡道機械,560000,16.21
RPSNPLKLJHPFFEF58CB,坡道平面,1300000,32.43
RPONPLKLJHPFFEF18CB,坡道機械,700000,16.21
RPQNPLKLJHPFFEF38CB,坡道機械,500000,16.21
RPXWOLKLJHPFFEF27CB,坡道機械,500000,16.21
RPPNPLKLJHPFFEF28CB,坡道機械,500000,16.21
RPUWOLKLJHPFFEF96CB,坡道機械,700000,16.21
RPVWOLKLJHPFFEF07CB,坡道平面,1100000,32.43
RPVNPLKLJHPFFEF88CB,坡道機械,500000,16.21
RPUNPLKLJHPFFEF78CB,坡道機械,700000,16.21
RPTNPLKLJHPFFEF68CB,坡道平面,1300000,32.43
RPSOPLKLJHPFFEF68CB,坡道機械,560000,16.21
RPOOPLKLJHPFFEF28CB,坡道平面,1250000,32.43
RPQOPLKLJHPFFEF48CB,坡道平面,1100000,32.43
RPWNPLKLJHPFFEF98CB,坡道機械,500000,16.21
RPXNPLKLJHPFFEF09CB,坡道平面,1050000,32.43
RPROPLKLJHPFFEF58CB,坡道機械,700000,16.21
RPPOPLKLJHPFFEF38CB,坡道平面,1100000,32.43
RPUOPLKLJHPFFEF88CB,坡道平面,1050000,32.43
RPVOPLKLJHPFFEF98CB,坡道平面,1250000,32.43
RPWOPLKLJHPFFEF09CB,坡道機械,500000,16.21
RPTOPLKLJHPFFEF78CB,坡道機械,700000,16.21
RPXOPLKLJHPFFEF56CB,坡道機械,700000,16.21
RPOPPLKLJHPFFEF38CB,坡道平面,1250000,32.43
RPRPPLKLJHPFFEF68CB,坡道平面,1100000,32.43
RPQPPLKLJHPFFEF58CB,坡道平面,1100000,32.43
RPTPPLKLJHPFFEF88CB,坡道平面,1300000,32.43
RPUPPLKLJHPFFEF98CB,坡道平面,1100000,32.43
RPVPPLKLJHPFFEF09CB,坡道平面,1100000,32.43
RPWPPLKLJHPFFEF56CB,坡道平面,1250000,32.43
RPSPPLKLJHPFFEF78CB,坡道平面,1300000,32.43
RPXPPLKLJHPFFEF66CB,坡道機械,500000,16.21
RPPPPLKLJHPFFEF48CB,坡道平面,1100000,32.43
RPOQPLKLJHPFFEF48CB,坡道平面,1100000,32.43
RPSQPLKLJHPFFEF88CB,坡道機械,700000,16.21
RPPQPLKLJHPFFEF58CB,坡道平面,1050000,32.43
RPUQPLKLJHPFFEF09CB,坡道機械,500000,16.21
RPVQPLKLJHPFFEF56CB,坡道機械,500000,16.21
RPRQPLKLJHPFFEF78CB,坡道平面,1250000,32.43
RPTQPLKLJHPFFEF98CB,坡道平面,1100000,32.43
RPXQPLKLJHPFFEF76CB,坡道平面,1050000,32.43
RPWQPLKLJHPFFEF66CB,坡道平面,1100000,32.43
RPORPLKLJHPFFEF58CB,坡道平面,950000,32.43
RPPRPLKLJHPFFEF68CB,坡道平面,1250000,32.43
RPQQPLKLJHPFFEF68CB,坡道平面,1300000,32.43
RPQRPLKLJHPFFEF78CB,坡道機械,500000,16.21
RPRSPLKLJHPFFEF98CB,坡道平面,1100000,32.43
RPOSPLKLJHPFFEF68CB,坡道機械,500000,16.21
RPXRPLKLJHPFFEF86CB,坡道機械,500000,16.21
RPPSPLKLJHPFFEF78CB,坡道平面,1100000,32.43
RPWRPLKLJHPFFEF76CB,坡道平面,1300000,32.43
RPQSPLKLJHPFFEF88CB,坡道平面,1300000,32.43
RPVSPLKLJHPFFEF76CB,坡道機械,700000,16.21
RPSSPLKLJHPFFEF09CB,坡道平面,1250000,32.43
RPTSPLKLJHPFFEF56CB,坡道平面,1250000,32.43
RPSRPLKLJHPFFEF98CB,坡道平面,1300000,32.43
RPTRPLKLJHPFFEF09CB,坡道平面,1300000,32.43
RPRRPLKLJHPFFEF88CB,坡道平面,1300000,32.43
RPURPLKLJHPFFEF56CB,坡道機械,700000,16.21
RPWSPLKLJHPFFEF86CB,坡道機械,700000,16.21
RPXSPLKLJHPFFEF96CB,坡道平面,1100000,32.43
RPQTPLKLJHPFFEF98CB,坡道機械,500000,16.21
RPOTPLKLJHPFFEF78CB,坡道機械,500000,16.21
RPUTPLKLJHPFFEF76CB,坡道平面,1100000,32.43
RPPTPLKLJHPFFEF88CB,坡道平面,1100000,32.43
RPSTPLKLJHPFFEF56CB,坡道平面,1100000,32.43
RPRTPLKLJHPFFEF09CB,坡道機械,700000,16.21
RPTTPLKLJHPFFEF66CB,坡道平面,1100000,32.43
RPVTPLKLJHPFFEF86CB,坡道平面,1300000,32.43
RPWTPLKLJHPFFEF96CB,坡道平面,1100000,32.43
RPOUPLKLJHPFFEF88CB,坡道平面,1100000,32.43
RPUUPLKLJHPFFEF86CB,坡道平面,1300000,32.43
RPXTPLKLJHPFFEF07CB,坡道平面,1050000,32.43
RPTUPLKLJHPFFEF76CB,坡道平面,1100000,32.43
RPSUPLKLJHPFFEF66CB,坡道平面,1100000,32.43
RPRUPLKLJHPFFEF56CB,坡道平面,1050000,32.43
RPPUPLKLJHPFFEF98CB,坡道平面,1100000,32.43
RPQUPLKLJHPFFEF09CB,坡道平面,850000,32.43
RPWUPLKLJHPFFEF07CB,坡道平面,1050000,32.43
RPXUPLKLJHPFFEF17CB,坡道平面,1300000,32.43
RPOVPLKLJHPFFEF98CB,坡道平面,1250000,32.43
RPPVPLKLJHPFFEF09CB,坡道平面,1100000,32.43
RPQVPLKLJHPFFEF56CB,坡道平面,1300000,32.43
RPQWPLKLJHPFFEF66CB,坡道平面,1100000,32.43
RPSWPLKLJHPFFEF86CB,坡道機械,700000,16.21
RPRWPLKLJHPFFEF76CB,坡道機械,500000,16.21
RPTWPLKLJHPFFEF96CB,坡道平面,1100000,32.43
RPRVPLKLJHPFFEF66CB,坡道平面,1250000,32.43
RPTVPLKLJHPFFEF86CB,坡道平面,1250000,32.43
RPWVPLKLJHPFFEF17CB,坡道平面,1250000,32.43
RPXVPLKLJHPFFEF27CB,坡道平面,1300000,32.43
RPVVPLKLJHPFFEF07CB,坡道平面,1250000,32.43
RPUWPLKLJHPFFEF07CB,坡道平面,1050000,32.43
RPSVPLKLJHPFFEF76CB,坡道平面,1250000,32.43
RPVWPLKLJHPFFEF17CB,坡道平面,1250000,32.43
RPWWPLKLJHPFFEF27CB,坡道平面,1300000,32.43
RPXWPLKLJHPFFEF37CB,坡道平面,1300000,32.43
RPONQLKLJHPFFEF28CB,坡道平面,1250000,32.43
RPPNQLKLJHPFFEF38CB,坡道平面,1300000,32.43
RPQNQLKLJHPFFEF48CB,坡道平面,1250000,32.43
RPTNQLKLJHPFFEF78CB,坡道平面,1300000,32.43
RPSNQLKLJHPFFEF68CB,坡道平面,1250000,32.43
RPWNQLKLJHPFFEF09CB,坡道平面,1100000,32.43
RPRNQLKLJHPFFEF58CB,坡道平面,950000,32.43
RPVNQLKLJHPFFEF98CB,坡道平面,1300000,32.43
RPOOQLKLJHPFFEF38CB,坡道平面,1300000,32.43
RPXNQLKLJHPFFEF56CB,坡道平面,1250000,32.43
RPPOQLKLJHPFFEF48CB,坡道平面,1300000,32.43
RPROQLKLJHPFFEF68CB,坡道平面,1300000,32.43
RPQOQLKLJHPFFEF58CB,坡道平面,1300000,32.43
RPTOQLKLJHPFFEF88CB,坡道平面,1300000,32.43
RPSOQLKLJHPFFEF78CB,坡道平面,1300000,32.43
RPVOQLKLJHPFFEF09CB,坡道平面,1100000,32.43
RPUOQLKLJHPFFEF98CB,坡道平面,1300000,32.43
RPWOQLKLJHPFFEF56CB,坡道機械,500000,16.21
RPOPQLKLJHPFFEF48CB,坡道平面,1050000,32.43
RPXOQLKLJHPFFEF66CB,坡道機械,500000,16.21
RPPPQLKLJHPFFEF58CB,坡道機械,700000,16.21
RPSPQLKLJHPFFEF88CB,坡道平面,1250000,32.43
RPRPQLKLJHPFFEF78CB,坡道平面,1100000,32.43
RPTPQLKLJHPFFEF98CB,坡道平面,1100000,32.43
RPQPQLKLJHPFFEF68CB,坡道平面,1100000,32.43
RPUPQLKLJHPFFEF09CB,坡道機械,500000,16.21
RPVPQLKLJHPFFEF56CB,坡道平面,1100000,32.43
RPPQQLKLJHPFFEF68CB,坡道平面,1250000,32.43
RPTQQLKLJHPFFEF09CB,坡道平面,1050000,32.43
RPXPQLKLJHPFFEF76CB,坡道平面,1050000,32.43
RPOQQLKLJHPFFEF58CB,坡道機械,700000,16.21
RPWQQLKLJHPFFEF76CB,坡道機械,500000,16.21
RPSQQLKLJHPFFEF98CB,坡道平面,1300000,32.43
RPVQQLKLJHPFFEF66CB,坡道機械,700000,16.21
RPQQQLKLJHPFFEF78CB,坡道平面,1050000,32.43
RPUQQLKLJHPFFEF56CB,坡道平面,1100000,32.43
RPRQQLKLJHPFFEF88CB,坡道平面,1250000,32.43
RPORQLKLJHPFFEF68CB,坡道機械,500000,16.21
RPXQQLKLJHPFFEF86CB,坡道平面,1100000,32.43
RPSRQLKLJHPFFEF09CB,坡道平面,1300000,32.43
RPQRQLKLJHPFFEF88CB,坡道平面,1050000,32.43
RPURQLKLJHPFFEF66CB,坡道平面,1100000,32.43
RPVRQLKLJHPFFEF76CB,坡道平面,1100000,32.43
RPWRQLKLJHPFFEF86CB,坡道平面,1100000,32.43
RPTRQLKLJHPFFEF56CB,坡道機械,700000,16.21
RPRRQLKLJHPFFEF98CB,坡道平面,1250000,32.43
RPPRQLKLJHPFFEF78CB,坡道機械,500000,16.21
RPOSQLKLJHPFFEF78CB,坡道平面,1100000,32.43
RPPSQLKLJHPFFEF88CB,坡道機械,700000,16.21
RPQSQLKLJHPFFEF98CB,坡道機械,500000,16.21
RPRSQLKLJHPFFEF09CB,坡道機械,500000,16.21
RPTSQLKLJHPFFEF66CB,坡道機械,500000,16.21
RPSSQLKLJHPFFEF56CB,坡道機械,500000,16.21
RPXSQLKLJHPFFEF07CB,坡道機械,700000,16.21
RPUSQLKLJHPFFEF76CB,坡道機械,500000,16.21
RPVSQLKLJHPFFEF86CB,坡道平面,1100000,32.43
RPWSQLKLJHPFFEF96CB,坡道平面,950000,32.43
RPOTQLKLJHPFFEF88CB,坡道平面,1300000,32.43
RPPTQLKLJHPFFEF98CB,坡道平面,1250000,32.43
RPRTQLKLJHPFFEF56CB,坡道機械,560000,16.21
RPQTQLKLJHPFFEF09CB,坡道平面,1300000,32.43
RPSTQLKLJHPFFEF66CB,坡道平面,1250000,32.43
RPXTQLKLJHPFFEF17CB,坡道平面,1250000,32.43
RPTTQLKLJHPFFEF76CB,坡道平面,1250000,32.43
RPVTQLKLJHPFFEF96CB,坡道平面,1300000,32.43
RPWTQLKLJHPFFEF07CB,坡道平面,1000000,32.43
RPUTQLKLJHPFFEF86CB,坡道平面,1300000,32.43
RPOUQLKLJHPFFEF98CB,坡道平面,1250000,32.43
RPRUQLKLJHPFFEF66CB,坡道平面,1250000,32.43
RPQUQLKLJHPFFEF56CB,坡道平面,1300000,32.43
RPPUQLKLJHPFFEF09CB,坡道平面,950000,32.43
RPSUQLKLJHPFFEF76CB,坡道平面,1300000,32.43
RPUUQLKLJHPFFEF96CB,坡道平面,1300000,32.43
RPVUQLKLJHPFFEF07CB,坡道平面,1100000,32.43
RPTUQLKLJHPFFEF86CB,坡道平面,1250000,32.43
RPWUQLKLJHPFFEF17CB,坡道平面,1100000,32.43
RPXUQLKLJHPFFEF27CB,坡道平面,1100000,32.43
RPOVQLKLJHPFFEF09CB,坡道機械,700000,16.21
RPPVQLKLJHPFFEF56CB,坡道平面,1050000,32.43
RPRVQLKLJHPFFEF76CB,坡道平面,1300000,32.43
RPQVQLKLJHPFFEF66CB,坡道平面,1200000,32.43
RPTVQLKLJHPFFEF96CB,坡道平面,1300000,32.43
RPUVQLKLJHPFFEF07CB,坡道平面,1300000,32.43
RPVVQLKLJHPFFEF17CB,坡道平面,1250000,32.43
RPSVQLKLJHPFFEF86CB,坡道平面,1200000,32.43
RPXVQLKLJHPFFEF37CB,坡道平面,1300000,32.43
RPPWQLKLJHPFFEF66CB,坡道平面,1300000,32.43
RPWVQLKLJHPFFEF27CB,坡道平面,1250000,32.43
RPOWQLKLJHPFFEF56CB,坡道平面,1100000,32.43
RPQWQLKLJHPFFEF76CB,坡道機械,500000,16.21
RPRWQLKLJHPFFEF86CB,坡道平面,1300000,32.43
RPTWQLKLJHPFFEF07CB,坡道平面,1250000,32.43
RPUWQLKLJHPFFEF17CB,坡道平面,1300000,32.43
RPSWQLKLJHPFFEF96CB,坡道平面,1300000,32.43
RPPNRLKLJHPFFEF48CB,坡道平面,1050000,32.43
RPVWQLKLJHPFFEF27CB,坡道平面,1200000,32.43
RPVWQLKLJHPFFEF27CB,坡道平面,1200000,32.43
RPWWQLKLJHPFFEF37CB,坡道平面,1250000,32.43
RPQNRLKLJHPFFEF58CB,坡道平面,1150000,32.43
RPRNRLKLJHPFFEF68CB,坡道平面,950000,32.43
RPXWQLKLJHPFFEF47CB,坡道平面,1100000,32.43
RPONRLKLJHPFFEF38CB,坡道平面,1300000,32.43
RPTNRLKLJHPFFEF88CB,坡道機械,700000,16.21
RPUNRLKLJHPFFEF98CB,坡道平面,1300000,32.43
RPSNRLKLJHPFFEF78CB,坡道機械,500000,16.21
RPVNRLKLJHPFFEF09CB,坡道機械,700000,16.21
RPWNRLKLJHPFFEF56CB,坡道機械,700000,16.21
RPOORLKLJHPFFEF48CB,坡道機械,700000,16.21
RPWORLKLJHPFFEF66CB,坡道平面,1100000,32.43
RPUORLKLJHPFFEF09CB,坡道平面,1250000,32.43
RPXORLKLJHPFFEF76CB,坡道機械,700000,16.21
RPQORLKLJHPFFEF68CB,坡道機械,700000,16.21
RPRORLKLJHPFFEF78CB,坡道機械,700000,16.21
RPVORLKLJHPFFEF56CB,坡道平面,1300000,32.43
RPXNRLKLJHPFFEF66CB,坡道平面,1200000,32.43
RPSORLKLJHPFFEF88CB,坡道機械,500000,16.21
RPRPRLKLJHPFFEF88CB,坡道平面,1250000,32.43
RPTPRLKLJHPFFEF09CB,坡道機械,500000,16.21
RPSPRLKLJHPFFEF98CB,坡道平面,1050000,32.43
RPUPRLKLJHPFFEF56CB,坡道平面,700000,16.21
RPVPRLKLJHPFFEF66CB,坡道平面,1250000,32.43
RPOQRLKLJHPFFEF68CB,坡道平面,1100000,32.43
RPPPRLKLJHPFFEF68CB,坡道機械,500000,16.21
RPOPRLKLJHPFFEF58CB,坡道平面,1100000,32.43
RPWPRLKLJHPFFEF76CB,坡道平面,1050000,32.43
RPQPRLKLJHPFFEF78CB,坡道平面,1300000,32.43
RPXPRLKLJHPFFEF86CB,坡道平面,950000,32.43
RPPQRLKLJHPFFEF78CB,坡道平面,1300000,32.43
RPQQRLKLJHPFFEF88CB,坡道平面,950000,32.43
RPSQRLKLJHPFFEF09CB,坡道平面,850000,32.43
RPUQRLKLJHPFFEF66CB,坡道平面,1200000,32.43
RPXQRLKLJHPFFEF96CB,坡道機械,700000,16.21
RPPRRLKLJHPFFEF88CB,坡道平面,1300000,32.43
RPTQRLKLJHPFFEF56CB,坡道平面,1250000,32.43
RPORRLKLJHPFFEF78CB,坡道平面,1300000,32.43
RPWQRLKLJHPFFEF86CB,坡道平面,1100000,32.43
RPVQRLKLJHPFFEF76CB,坡道機械,500000,16.21
RPRQRLKLJHPFFEF98CB,坡道平面,1250000,32.43
RPRRRLKLJHPFFEF09CB,坡道平面,1100000,32.43
RPURRLKLJHPFFEF76CB,坡道機械,700000,16.21
RPTRRLKLJHPFFEF66CB,坡道平面,1300000,32.43
RPQRRLKLJHPFFEF98CB,坡道平面,1050000,32.43
RPSRRLKLJHPFFEF56CB,坡道機械,700000,16.21
RPVRRLKLJHPFFEF86CB,坡道平面,1100000,32.43
RPOSRLKLJHPFFEF88CB,坡道平面,1300000,32.43
RPPSRLKLJHPFFEF98CB,坡道機械,500000,16.21
RPXRRLKLJHPFFEF07CB,坡道機械,500000,16.21
RPQSRLKLJHPFFEF09CB,坡道機械,700000,16.21
RPSSRLKLJHPFFEF66CB,坡道平面,1050000,32.43
RPWRRLKLJHPFFEF96CB,坡道平面,1300000,32.43
RPTSRLKLJHPFFEF76CB,坡道平面,1250000,32.43
RPUSRLKLJHPFFEF86CB,坡道平面,1300000,32.43
RPRSRLKLJHPFFEF56CB,坡道平面,1050000,32.43
RPWSRLKLJHPFFEF07CB,坡道平面,1100000,32.43
RPXSRLKLJHPFFEF17CB,坡道機械,500000,16.21
RPVSRLKLJHPFFEF96CB,坡道平面,1100000,32.43
RPRTRLKLJHPFFEF66CB,坡道機械,500000,16.21
RPTTRLKLJHPFFEF86CB,坡道機械,500000,16.21
RPQTRLKLJHPFFEF56CB,坡道平面,1100000,32.43
RPSTRLKLJHPFFEF76CB,坡道機械,500000,16.21
RPPTRLKLJHPFFEF09CB,坡道平面,1100000,32.43
RPPTRLKLJHPFFEF09CB,坡道平面,1100000,32.43
RPOTRLKLJHPFFEF98CB,坡道平面,1250000,32.43
RPUVRLKLJHPFFEF17CB,坡道機械,500000,16.21
RPRVRLKLJHPFFEF86CB,坡道平面,1100000,32.43
RPSVRLKLJHPFFEF96CB,坡道平面,1250000,32.43
RPTVRLKLJHPFFEF07CB,坡道平面,1050000,32.43
RPXTRLKLJHPFFEF27CB,坡道平面,1300000,32.43
RPWTRLKLJHPFFEF17CB,坡道平面,1100000,32.43
RPVTRLKLJHPFFEF07CB,坡道機械,500000,16.21
RPQVRLKLJHPFFEF76CB,坡道平面,1300000,32.43
RPOURLKLJHPFFEF09CB,坡道平面,1300000,32.43
RPPURLKLJHPFFEF56CB,坡道平面,1100000,32.43
RPWVRLKLJHPFFEF37CB,坡道機械,500000,16.21
RPXVRLKLJHPFFEF47CB,坡道平面,1250000,32.43
RPRWRLKLJHPFFEF96CB,坡道機械,500000,16.21
RPOWRLKLJHPFFEF66CB,坡道機械,700000,16.21
RPPWRLKLJHPFFEF76CB,坡道平面,1250000,32.43
RPVVRLKLJHPFFEF27CB,坡道平面,1100000,32.43
RPQWRLKLJHPFFEF86CB,坡道平面,1100000,32.43
RPTWRLKLJHPFFEF17CB,坡道機械,500000,16.21
RPONSLKLJHPFFEF48CB,坡道機械,700000,16.21
RPXWRLKLJHPFFEF57CB,坡道機械,500000,16.21
RPPNSLKLJHPFFEF58CB,坡道平面,1100000,32.43
RPUWRLKLJHPFFEF27CB,坡道機械,700000,16.21
RPSWRLKLJHPFFEF07CB,坡道機械,500000,16.21
RPRNSLKLJHPFFEF78CB,坡道平面,1050000,32.43
RPVWRLKLJHPFFEF37CB,坡道機械,500000,16.21
RPWWRLKLJHPFFEF47CB,坡道機械,500000,16.21
RPQNSLKLJHPFFEF68CB,坡道機械,700000,16.21
RPSNSLKLJHPFFEF88CB,坡道平面,1100000,32.43
RPXNSLKLJHPFFEF76CB,坡道機械,700000,16.21
RPTNSLKLJHPFFEF98CB,坡道平面,1100000,32.43
RPVNSLKLJHPFFEF56CB,坡道平面,1100000,32.43
RPUNSLKLJHPFFEF09CB,坡道平面,1100000,32.43
RPPOSLKLJHPFFEF68CB,坡道機械,500000,16.21
RPOOSLKLJHPFFEF58CB,坡道平面,1300000,32.43
RPQOSLKLJHPFFEF78CB,坡道平面,1300000,32.43
RPWNSLKLJHPFFEF66CB,坡道平面,1250000,32.43
RPSOSLKLJHPFFEF98CB,坡道機械,700000,16.21
RPVOSLKLJHPFFEF66CB,坡道平面,1250000,32.43
RPUOSLKLJHPFFEF56CB,坡道平面,1250000,32.43
RPTOSLKLJHPFFEF09CB,坡道平面,1300000,32.43
RPROSLKLJHPFFEF88CB,坡道平面,1250000,32.43
RPOPSLKLJHPFFEF68CB,坡道機械,700000,16.21
RPWOSLKLJHPFFEF76CB,坡道平面,1050000,32.43
RPXOSLKLJHPFFEF86CB,坡道機械,500000,16.21
RPPPSLKLJHPFFEF78CB,坡道機械,500000,16.21
RPQPSLKLJHPFFEF88CB,坡道平面,1250000,32.43
RPRPSLKLJHPFFEF98CB,坡道機械,700000,16.21
RPSPSLKLJHPFFEF09CB,坡道平面,1250000,32.43
RPWPSLKLJHPFFEF86CB,坡道機械,500000,16.21
RPVPSLKLJHPFFEF76CB,坡道平面,1050000,32.43
RPUPSLKLJHPFFEF66CB,坡道平面,1100000,32.43
RPXPSLKLJHPFFEF96CB,坡道平面,1250000,32.43
RPOQSLKLJHPFFEF78CB,坡道平面,1100000,32.43
RPPQSLKLJHPFFEF88CB,坡道機械,500000,16.21
RPQQSLKLJHPFFEF98CB,坡道機械,500000,16.21
RPTQSLKLJHPFFEF66CB,坡道平面,1300000,32.43
RPRQSLKLJHPFFEF09CB,坡道平面,1050000,32.43
RPPRSLKLJHPFFEF98CB,坡道平面,1300000,32.43
RPORSLKLJHPFFEF88CB,坡道平面,1100000,32.43
RPUQSLKLJHPFFEF76CB,坡道平面,1100000,32.43
RPXQSLKLJHPFFEF07CB,坡道平面,1300000,32.43
RPWQSLKLJHPFFEF96CB,坡道平面,1100000,32.43
RPVQSLKLJHPFFEF86CB,坡道平面,1050000,32.43
RPSQSLKLJHPFFEF56CB,坡道平面,1100000,32.43
RPQRSLKLJHPFFEF09CB,坡道平面,1100000,32.43
RPTRSLKLJHPFFEF76CB,坡道平面,1100000,32.43
RPURSLKLJHPFFEF86CB,坡道平面,1250000,32.43
RPSRSLKLJHPFFEF66CB,坡道平面,1050000,32.43
RPWRSLKLJHPFFEF07CB,坡道平面,1100000,32.43
RPRRSLKLJHPFFEF56CB,坡道平面,1100000,32.43
RPXRSLKLJHPFFEF17CB,坡道平面,1100000,32.43
RPVRSLKLJHPFFEF96CB,坡道平面,1300000,32.43
RPPSSLKLJHPFFEF09CB,坡道平面,1050000,32.43
RPOSSLKLJHPFFEF98CB,坡道平面,1100000,32.43
RPRSSLKLJHPFFEF66CB,坡道平面,1300000,32.43
RPSSSLKLJHPFFEF76CB,坡道機械,500000,16.21
RPTSSLKLJHPFFEF86CB,坡道平面,1100000,32.43
RPUSSLKLJHPFFEF96CB,坡道平面,1100000,32.43
RPQSSLKLJHPFFEF56CB,坡道機械,700000,16.21
RPOTSLKLJHPFFEF09CB,坡道機械,500000,16.21
RPWSSLKLJHPFFEF17CB,坡道機械,500000,16.21
RPVSSLKLJHPFFEF07CB,坡道機械,500000,16.21
RPXSSLKLJHPFFEF27CB,坡道平面,1100000,32.43
RPPTSLKLJHPFFEF56CB,坡道機械,700000,16.21
RPQTSLKLJHPFFEF66CB,坡道平面,1300000,32.43
RPQOMLLLJHPFFEF28CB,坡道平面,1100000,32.43
RPVNMLLLJHPFFEF68CB,坡道平面,1250000,32.43
RPPOMLLLJHPFFEF18CB,坡道機械,500000,16.21
RPWNMLLLJHPFFEF78CB,坡道機械,500000,16.21
RPXNMLLLJHPFFEF88CB,坡道平面,1050000,32.43
RPOOMLLLJHPFFEF08CB,坡道平面,1250000,32.43
RPROMLLLJHPFFEF38CB,坡道平面,1300000,32.43
RPSOMLLLJHPFFEF48CB,坡道機械,700000,16.21
RPTOMLLLJHPFFEF58CB,坡道機械,500000,16.21
RPUOMLLLJHPFFEF68CB,坡道機械,500000,16.21
RPVOMLLLJHPFFEF78CB,坡道平面,1250000,32.43
RPWOMLLLJHPFFEF88CB,坡道平面,1100000,32.43
RPVPMLLLJHPFFEF88CB,坡道機械,500000,16.21
RPOPMLLLJHPFFEF18CB,坡道平面,1250000,32.43
RPSPMLLLJHPFFEF58CB,坡道平面,1050000,32.43
RPXOMLLLJHPFFEF98CB,坡道平面,1100000,32.43
RPPPMLLLJHPFFEF28CB,坡道機械,500000,16.21
RPUPMLLLJHPFFEF78CB,坡道平面,1250000,32.43
RPRPMLLLJHPFFEF48CB,坡道平面,1050000,32.43
RPTPMLLLJHPFFEF68CB,坡道平面,1100000,32.43
RPQPMLLLJHPFFEF38CB,坡道平面,1250000,32.43
RPWPMLLLJHPFFEF98CB,坡道平面,1250000,32.43
RPOQMLLLJHPFFEF28CB,坡道機械,500000,16.21
RPQQMLLLJHPFFEF48CB,坡道平面,1250000,32.43
RPXPMLLLJHPFFEF09CB,坡道機械,700000,16.21
RPSQMLLLJHPFFEF68CB,坡道機械,500000,16.21
RPTQMLLLJHPFFEF78CB,坡道平面,1100000,32.43
RPUQMLLLJHPFFEF88CB,坡道機械,700000,16.21
RPPQMLLLJHPFFEF38CB,坡道機械,700000,16.21
RPWQMLLLJHPFFEF09CB,坡道機械,500000,16.21
RPRQMLLLJHPFFEF58CB,坡道平面,1250000,32.43
RPVQMLLLJHPFFEF98CB,坡道機械,500000,16.21
RPQRMLLLJHPFFEF58CB,坡道機械,500000,16.21
RPORMLLLJHPFFEF38CB,坡道平面,1100000,32.43
RPXQMLLLJHPFFEF56CB,坡道平面,1250000,32.43
RPPRMLLLJHPFFEF48CB,坡道機械,500000,16.21
RPSRMLLLJHPFFEF78CB,坡道機械,500000,16.21
RPURMLLLJHPFFEF98CB,坡道平面,1050000,32.43
RPRRMLLLJHPFFEF68CB,坡道平面,1100000,32.43
RPWRMLLLJHPFFEF56CB,坡道平面,1300000,32.43
RPVRMLLLJHPFFEF09CB,坡道平面,1250000,32.43
RPTRMLLLJHPFFEF88CB,坡道平面,1250000,32.43
RPPSMLLLJHPFFEF58CB,坡道平面,1300000,32.43
RPQSMLLLJHPFFEF68CB,坡道平面,1250000,32.43
RPXRMLLLJHPFFEF66CB,坡道機械,500000,16.21
RPOSMLLLJHPFFEF48CB,坡道平面,1250000,32.43
RPRSMLLLJHPFFEF78CB,坡道平面,1100000,32.43
RPSSMLLLJHPFFEF88CB,坡道平面,1100000,32.43
RPWSMLLLJHPFFEF66CB,坡道平面,1300000,32.43
RPUSMLLLJHPFFEF09CB,坡道平面,1100000,32.43
RPTSMLLLJHPFFEF98CB,坡道平面,1300000,32.43
RPVSMLLLJHPFFEF56CB,坡道平面,1300000,32.43
RPOTMLLLJHPFFEF58CB,坡道平面,1100000,32.43
RPPTMLLLJHPFFEF68CB,坡道平面,1250000,32.43
RPXSMLLLJHPFFEF76CB,坡道平面,1300000,32.43
RPQTMLLLJHPFFEF78CB,坡道平面,1250000,32.43
RPTTMLLLJHPFFEF09CB,坡道平面,1300000,32.43
RPVTMLLLJHPFFEF66CB,坡道平面,1300000,32.43
RPSTMLLLJHPFFEF98CB,坡道平面,950000,32.43
RPUTMLLLJHPFFEF56CB,坡道平面,1300000,32.43
RPWTMLLLJHPFFEF76CB,坡道機械,500000,16.21
RPRTMLLLJHPFFEF88CB,坡道平面,1300000,32.43
RPOUMLLLJHPFFEF68CB,坡道機械,700000,16.21
RPXTMLLLJHPFFEF86CB,坡道機械,700000,16.21
RPQUMLLLJHPFFEF88CB,坡道機械,500000,16.21
RPPUMLLLJHPFFEF78CB,坡道機械,500000,16.21
RPRUMLLLJHPFFEF98CB,坡道機械,500000,16.21
RPSUMLLLJHPFFEF09CB,坡道平面,1100000,32.43
RPTUMLLLJHPFFEF56CB,坡道機械,500000,16.21
RPWUMLLLJHPFFEF86CB,坡道機械,700000,16.21
RPXUMLLLJHPFFEF96CB,坡道機械,500000,16.21
RPUUMLLLJHPFFEF66CB,坡道平面,1000000,32.43
RPOVMLLLJHPFFEF78CB,坡道機械,400000,16.21
RPPVMLLLJHPFFEF88CB,坡道機械,500000,16.21
RPQVMLLLJHPFFEF98CB,坡道機械,700000,16.21
RPRVMLLLJHPFFEF09CB,坡道機械,950000,16.21
RPSVMLLLJHPFFEF56CB,坡道機械,500000,16.21
RPPWMLLLJHPFFEF98CB,坡道平面,1100000,32.43
RPUVMLLLJHPFFEF76CB,坡道機械,700000,16.21
RPXVMLLLJHPFFEF07CB,坡道機械,500000,16.21
RPVVMLLLJHPFFEF86CB,坡道平面,1100000,32.43
RPQWMLLLJHPFFEF09CB,坡道平面,1100000,32.43
RPOWMLLLJHPFFEF88CB,坡道平面,1100000,32.43
RPTVMLLLJHPFFEF66CB,坡道平面,1200000,32.43
RPWVMLLLJHPFFEF96CB,坡道平面,1050000,32.43
RPRWMLLLJHPFFEF56CB,坡道平面,1300000,32.43
RPSWMLLLJHPFFEF66CB,坡道機械,500000,16.21
RPTWMLLLJHPFFEF76CB,坡道平面,1050000,32.43
RPWWMLLLJHPFFEF07CB,坡道平面,1100000,32.43
RPUWMLLLJHPFFEF86CB,坡道機械,700000,16.21
RPVWMLLLJHPFFEF96CB,坡道平面,1050000,32.43
RPQNNLLLJHPFFEF28CB,坡道平面,1250000,32.43
RPRNNLLLJHPFFEF38CB,坡道機械,500000,16.21
RPSNNLLLJHPFFEF48CB,坡道平面,1300000,32.43
RPXWMLLLJHPFFEF17CB,坡道機械,700000,16.21
RPONNLLLJHPFFEF08CB,坡道機械,700000,16.21
RPUNNLLLJHPFFEF68CB,坡道平面,1250000,32.43
RPTNNLLLJHPFFEF58CB,坡道平面,1300000,32.43
RPVNNLLLJHPFFEF78CB,坡道平面,1100000,32.43
RPPONLLLJHPFFEF28CB,坡道平面,1100000,32.43
RPOONLLLJHPFFEF18CB,坡道平面,1250000,32.43
RPPNNLLLJHPFFEF18CB,坡道平面,1050000,32.43
RPXNNLLLJHPFFEF98CB,坡道平面,1150000,32.43
RPWNNLLLJHPFFEF88CB,坡道平面,1250000,32.43
RPQONLLLJHPFFEF38CB,坡道機械,500000,16.21
RPRONLLLJHPFFEF48CB,坡道平面,1250000,32.43
RPSONLLLJHPFFEF58CB,坡道平面,950000,32.43
RPWONLLLJHPFFEF98CB,坡道平面,1300000,32.43
RPTONLLLJHPFFEF68CB,坡道平面,1100000,32.43
RPUONLLLJHPFFEF78CB,坡道平面,1250000,32.43
RPPPNLLLJHPFFEF38CB,坡道機械,500000,16.21
RPXONLLLJHPFFEF09CB,坡道機械,500000,16.21
RPVONLLLJHPFFEF88CB,坡道機械,500000,16.21
RPOPNLLLJHPFFEF28CB,坡道平面,950000,32.43
RPSPNLLLJHPFFEF68CB,坡道平面,1250000,32.43
RPQPNLLLJHPFFEF48CB,坡道平面,1300000,32.43
RPPQNLLLJHPFFEF48CB,坡道機械,500000,16.21
RPWPNLLLJHPFFEF09CB,坡道平面,1100000,32.43
RPOQNLLLJHPFFEF38CB,坡道平面,1100000,32.43
RPXPNLLLJHPFFEF56CB,坡道平面,1100000,32.43
RPTPNLLLJHPFFEF78CB,坡道平面,1300000,32.43
RPRQNLLLJHPFFEF68CB,坡道機械,500000,16.21
RPTQNLLLJHPFFEF88CB,坡道平面,1250000,32.43
RPUQNLLLJHPFFEF98CB,坡道平面,1100000,32.43
RPVQNLLLJHPFFEF09CB,坡道平面,1250000,32.43
RPWQNLLLJHPFFEF56CB,坡道平面,1050000,32.43
RPQQNLLLJHPFFEF58CB,坡道平面,1250000,32.43
RPORNLLLJHPFFEF48CB,坡道平面,1300000,32.43
RPXQNLLLJHPFFEF66CB,坡道平面,1050000,32.43
RPUPNLLLJHPFFEF88CB,坡道平面,950000,32.43
RPVPNLLLJHPFFEF98CB,坡道平面,1300000,32.43
RPQRNLLLJHPFFEF68CB,坡道平面,1300000,32.43
RPPRNLLLJHPFFEF58CB,坡道平面,1300000,32.43
RPWRNLLLJHPFFEF66CB,坡道平面,1050000,32.43
RPVRNLLLJHPFFEF56CB,坡道平面,1250000,32.43
RPSRNLLLJHPFFEF88CB,坡道平面,1050000,32.43
RPPSNLLLJHPFFEF68CB,坡道平面,1300000,32.43
RPOSNLLLJHPFFEF58CB,坡道平面,1300000,32.43
RPXRNLLLJHPFFEF76CB,坡道平面,1100000,32.43
RPTRNLLLJHPFFEF98CB,坡道機械,700000,16.21
RPQSNLLLJHPFFEF78CB,坡道平面,1100000,32.43
RPURNLLLJHPFFEF09CB,坡道平面,1100000,32.43
RPRSNLLLJHPFFEF88CB,坡道平面,1250000,32.43
RPTSNLLLJHPFFEF09CB,坡道機械,700000,16.21
RPPTNLLLJHPFFEF78CB,坡道平面,1250000,32.43
RPOTNLLLJHPFFEF68CB,坡道平面,1250000,32.43
RPXSNLLLJHPFFEF86CB,坡道機械,700000,16.21
RPUSNLLLJHPFFEF56CB,坡道平面,1250000,32.43
RPWSNLLLJHPFFEF76CB,坡道平面,1250000,32.43
RPVSNLLLJHPFFEF66CB,坡道平面,1100000,32.43
RPQTNLLLJHPFFEF88CB,坡道平面,1100000,32.43
RPRTNLLLJHPFFEF98CB,坡道機械,700000,16.21
RPSTNLLLJHPFFEF09CB,坡道平面,1100000,32.43
RPWTNLLLJHPFFEF86CB,坡道平面,1250000,32.43
RPPUNLLLJHPFFEF88CB,坡道平面,1250000,32.43
RPRUNLLLJHPFFEF09CB,坡道平面,1100000,32.43
RPXTNLLLJHPFFEF96CB,坡道平面,1250000,32.43
RPUTNLLLJHPFFEF66CB,坡道平面,1250000,32.43
RPOUNLLLJHPFFEF78CB,坡道平面,1300000,32.43
RPTTNLLLJHPFFEF56CB,坡道平面,950000,32.43
RPQUNLLLJHPFFEF98CB,坡道機械,500000,16.21
RPSUNLLLJHPFFEF56CB,坡道平面,1150000,32.43
RPTUNLLLJHPFFEF66CB,坡道機械,500000,16.21
RPUUNLLLJHPFFEF76CB,坡道平面,1300000,32.43
RPVUNLLLJHPFFEF86CB,坡道平面,1300000,32.43
RPXUNLLLJHPFFEF07CB,坡道平面,1050000,32.43
RPPVNLLLJHPFFEF98CB,坡道平面,1100000,32.43
RPQVNLLLJHPFFEF09CB,坡道平面,1100000,32.43
RPWVNLLLJHPFFEF07CB,坡道平面,1100000,32.43
RPRVNLLLJHPFFEF56CB,坡道機械,650000,16.21
RPWUNLLLJHPFFEF96CB,坡道平面,1050000,32.43
RPTVNLLLJHPFFEF76CB,坡道機械,500000,16.21
RPVVNLLLJHPFFEF96CB,坡道平面,1250000,32.43
RPUVNLLLJHPFFEF86CB,坡道平面,1250000,32.43
RPXVNLLLJHPFFEF17CB,坡道平面,1100000,32.43
RPPWNLLLJHPFFEF09CB,坡道機械,500000,16.21
RPQWNLLLJHPFFEF56CB,坡道機械,500000,16.21
RPOWNLLLJHPFFEF98CB,坡道機械,700000,16.21
RPUWNLLLJHPFFEF96CB,坡道平面,1050000,32.43
RPRWNLLLJHPFFEF66CB,坡道平面,1250000,32.43
RPTWNLLLJHPFFEF86CB,坡道平面,1250000,32.43
RPSWNLLLJHPFFEF76CB,坡道平面,1300000,32.43
RPXWNLLLJHPFFEF27CB,坡道機械,500000,16.21
RPVWNLLLJHPFFEF07CB,坡道平面,1250000,32.43
RPONOLLLJHPFFEF18CB,坡道平面,1300000,32.43
RPPNOLLLJHPFFEF28CB,坡道平面,1100000,32.43
RPRNOLLLJHPFFEF48CB,坡道平面,1050000,32.43
RPTNOLLLJHPFFEF68CB,坡道平面,1100000,32.43
RPVNOLLLJHPFFEF88CB,坡道機械,700000,16.21
RPUNOLLLJHPFFEF78CB,坡道平面,1300000,32.43
RPWNOLLLJHPFFEF98CB,坡道平面,1250000,32.43
RPOOOLLLJHPFFEF28CB,升降平面,1300000,32.43
RPQNOLLLJHPFFEF38CB,坡道機械,700000,16.21
RPSNOLLLJHPFFEF58CB,坡道平面,1300000,32.43
RPXNOLLLJHPFFEF09CB,升降平面,1300000,32.43
RPPOOLLLJHPFFEF38CB,升降平面,1250000,32.43
RPQOOLLLJHPFFEF48CB,坡道機械,500000,16.21
RPUOOLLLJHPFFEF88CB,升降平面,1100000,32.43
RPSOOLLLJHPFFEF68CB,升降平面,1250000,32.43
RPVOOLLLJHPFFEF98CB,坡道平面,1100000,32.43
RPTOOLLLJHPFFEF78CB,坡道平面,1300000,32.43
RPWOOLLLJHPFFEF09CB,坡道機械,700000,16.21
RPSPOLLLJHPFFEF78CB,升降平面,1050000,32.43
RPXOOLLLJHPFFEF56CB,升降平面,1050000,32.43
RPOPOLLLJHPFFEF38CB,升降平面,1300000,32.43
RPPPOLLLJHPFFEF48CB,升降平面,1300000,32.43
RPQPOLLLJHPFFEF58CB,坡道機械,700000,16.21
RPUPOLLLJHPFFEF98CB,升降平面,1250000,32.43
RPXPOLLLJHPFFEF66CB,坡道機械,500000,16.21
RPTPOLLLJHPFFEF88CB,坡道機械,500000,16.21
RPWPOLLLJHPFFEF56CB,升降平面,1300000,32.43
RPRPOLLLJHPFFEF68CB,坡道機械,700000,16.21
RPOQOLLLJHPFFEF48CB,坡道平面,950000,32.43
RPPQOLLLJHPFFEF58CB,坡道平面,1250000,32.43
RPQQOLLLJHPFFEF68CB,坡道平面,1300000,32.43
RPSQOLLLJHPFFEF88CB,坡道平面,1050000,32.43
RPTQOLLLJHPFFEF98CB,坡道平面,1100000,32.43
RPRQOLLLJHPFFEF78CB,坡道平面,1300000,32.43
RPUQOLLLJHPFFEF09CB,坡道平面,1300000,32.43
RPRROLLLJHPFFEF88CB,坡道平面,1250000,32.43
RPQROLLLJHPFFEF78CB,坡道平面,950000,32.43
RPOROLLLJHPFFEF58CB,坡道平面,1300000,32.43
RPWQOLLLJHPFFEF66CB,坡道平面,1200000,32.43
RPSROLLLJHPFFEF98CB,坡道平面,1300000,32.43
RPPSOLLLJHPFFEF78CB,坡道平面,1300000,32.43
RPXROLLLJHPFFEF86CB,坡道平面,1100000,32.43
RPRSOLLLJHPFFEF98CB,坡道平面,1100000,32.43
RPOSOLLLJHPFFEF68CB,坡道平面,1250000,32.43
RPVROLLLJHPFFEF66CB,坡道平面,1100000,32.43
RPQSOLLLJHPFFEF88CB,坡道平面,1100000,32.43
RPUROLLLJHPFFEF56CB,坡道平面,1100000,32.43
RPWROLLLJHPFFEF76CB,坡道平面,1250000,32.43
RPTROLLLJHPFFEF09CB,坡道平面,1100000,32.43
RPSSOLLLJHPFFEF09CB,坡道平面,1100000,32.43
RPUSOLLLJHPFFEF66CB,坡道平面,1250000,32.43
RPXSOLLLJHPFFEF96CB,坡道平面,1100000,32.43
RPRTOLLLJHPFFEF09CB,坡道平面,1300000,32.43
RPPTOLLLJHPFFEF88CB,坡道平面,1250000,32.43
RPTSOLLLJHPFFEF56CB,坡道平面,1300000,32.43
RPOTOLLLJHPFFEF78CB,坡道平面,1250000,32.43
RPVSOLLLJHPFFEF76CB,坡道平面,1100000,32.43
RPWSOLLLJHPFFEF86CB,坡道平面,1300000,32.43
RPWSOLLLJHPFFEF86CB,坡道平面,1300000,32.43
RPQTOLLLJHPFFEF98CB,坡道平面,1100000,32.43
RPSTOLLLJHPFFEF56CB,坡道平面,1100000,32.43
RPTTOLLLJHPFFEF66CB,坡道機械,500000,16.21
RPVTOLLLJHPFFEF86CB,坡道機械,700000,16.21
RPWTOLLLJHPFFEF96CB,坡道平面,1300000,32.43
RPUTOLLLJHPFFEF76CB,坡道平面,1100000,32.43
RPXTOLLLJHPFFEF07CB,坡道機械,500000,16.21
RPPUOLLLJHPFFEF98CB,坡道平面,1100000,32.43
RPQUOLLLJHPFFEF09CB,坡道平面,1050000,32.43
RPOUOLLLJHPFFEF88CB,坡道平面,1050000,32.43
RPSUOLLLJHPFFEF66CB,坡道機械,500000,16.21
RPRUOLLLJHPFFEF56CB,坡道平面,1100000,32.43
RPUUOLLLJHPFFEF86CB,坡道平面,1100000,32.43
RPTUOLLLJHPFFEF76CB,坡道平面,1300000,32.43
RPVUOLLLJHPFFEF96CB,坡道機械,700000,16.21
RPXUOLLLJHPFFEF17CB,坡道機械,500000,16.21
RPOVOLLLJHPFFEF98CB,坡道平面,1100000,32.43
RPWUOLLLJHPFFEF07CB,坡道機械,500000,16.21
RPQVOLLLJHPFFEF56CB,坡道平面,1050000,32.43
RPPVOLLLJHPFFEF09CB,坡道平面,1250000,32.43
RPSVOLLLJHPFFEF76CB,坡道平面,1250000,32.43
RPRVOLLLJHPFFEF66CB,坡道平面,1100000,32.43
RPXVOLLLJHPFFEF27CB,坡道平面,900000,32.43
RPOWOLLLJHPFFEF09CB,坡道平面,1250000,32.43
RPTVOLLLJHPFFEF86CB,坡道平面,1050000,32.43
RPVVOLLLJHPFFEF07CB,坡道平面,1100000,32.43
RPUVOLLLJHPFFEF96CB,坡道平面,1300000,32.43
RPWVOLLLJHPFFEF17CB,坡道平面,1050000,32.43
RPRWOLLLJHPFFEF76CB,坡道平面,1050000,32.43
RPQWOLLLJHPFFEF66CB,坡道平面,1100000,32.43
RPTWOLLLJHPFFEF96CB,坡道平面,1010000,32.43
RPSWOLLLJHPFFEF86CB,坡道平面,1100000,32.43
RPUWOLLLJHPFFEF07CB,坡道平面,1300000,32.43
RPVWOLLLJHPFFEF17CB,坡道平面,1100000,32.43
RPXWOLLLJHPFFEF37CB,坡道平面,1100000,32.43
RPPNPLLLJHPFFEF38CB,坡道機械,350000,16.21
RPQNPLLLJHPFFEF48CB,坡道平面,1110000,32.43
RPWWOLLLJHPFFEF27CB,坡道平面,1100000,32.43
RPONPLLLJHPFFEF28CB,坡道平面,1300000,32.43
RPRNPLLLJHPFFEF58CB,坡道平面,1300000,32.43
RPSNPLLLJHPFFEF68CB,坡道機械,700000,16.21
RPUNPLLLJHPFFEF88CB,坡道平面,1250000,32.43
RPTNPLLLJHPFFEF78CB,坡道平面,1300000,32.43
RPVNPLLLJHPFFEF98CB,坡道機械,400000,16.21
RPXNPLLLJHPFFEF56CB,坡道平面,1300000,32.43
RPWNPLLLJHPFFEF09CB,坡道平面,1100000,32.43
RPOOPLLLJHPFFEF38CB,坡道平面,1250000,32.43
RPROPLLLJHPFFEF68CB,坡道平面,1250000,32.43
RPQOPLLLJHPFFEF58CB,坡道平面,1300000,32.43
RPSOPLLLJHPFFEF78CB,坡道機械,700000,16.21
RPTOPLLLJHPFFEF88CB,坡道平面,1100000,32.43
RPUOPLLLJHPFFEF98CB,坡道機械,350000,16.21
RPVOPLLLJHPFFEF09CB,坡道平面,1250000,32.43
RPXOPLLLJHPFFEF66CB,坡道平面,1250000,32.43
RPOPPLLLJHPFFEF48CB,坡道平面,1050000,32.43
RPWOPLLLJHPFFEF56CB,坡道機械,700000,16.21
RPPPPLLLJHPFFEF58CB,坡道機械,500000,16.21
RPRPPLLLJHPFFEF78CB,坡道機械,500000,16.21
RPQPPLLLJHPFFEF68CB,坡道平面,1300000,32.43
RPSPPLLLJHPFFEF88CB,坡道平面,1100000,32.43
RPVPPLLLJHPFFEF56CB,坡道機械,400000,16.21
RPUPPLLLJHPFFEF09CB,坡道機械,500000,16.21
RPXPPLLLJHPFFEF76CB,坡道平面,1100000,32.43
RPOQPLLLJHPFFEF58CB,坡道平面,1250000,32.43
RPWPPLLLJHPFFEF66CB,坡道平面,1100000,32.43
RPTQPLLLJHPFFEF09CB,坡道機械,700000,16.21
RPRQPLLLJHPFFEF88CB,坡道機械,700000,16.21
RPSQPLLLJHPFFEF98CB,坡道機械,500000,16.21
RPSQPLLLJHPFFEF98CB,坡道平面,1300000,32.43
RPQQPLLLJHPFFEF78CB,坡道機械,350000,16.21
RPPQPLLLJHPFFEF68CB,坡道平面,1250000,32.43
RPVQPLLLJHPFFEF66CB,坡道機械,700000,16.21
RPUQPLLLJHPFFEF56CB,坡道平面,1100000,32.43
RPPRPLLLJHPFFEF78CB,坡道平面,1050000,32.43
RPWQPLLLJHPFFEF76CB,坡道平面,1050000,32.43
RPXQPLLLJHPFFEF86CB,坡道機械,500000,16.21
RPORPLLLJHPFFEF68CB,坡道平面,1100000,32.43
RPQRPLLLJHPFFEF88CB,坡道平面,1300000,32.43
RPTRPLLLJHPFFEF56CB,坡道平面,1100000,32.43
RPURPLLLJHPFFEF66CB,坡道平面,1250000,32.43
RPSRPLLLJHPFFEF09CB,坡道機械,500000,16.21
RPRRPLLLJHPFFEF98CB,坡道平面,1100000,32.43
RPXRPLLLJHPFFEF96CB,坡道機械,500000,16.21
RPOSPLLLJHPFFEF78CB,坡道平面,1100000,32.43
RPPSPLLLJHPFFEF88CB,坡道機械,700000,16.21
RPQSPLLLJHPFFEF98CB,坡道平面,1300000,32.43
RPWRPLLLJHPFFEF86CB,坡道平面,950000,32.43
RPVRPLLLJHPFFEF76CB,坡道機械,700000,16.21
RPRSPLLLJHPFFEF09CB,坡道平面,1100000,32.43
RPOTPLLLJHPFFEF88CB,坡道平面,1100000,32.43
RPVSPLLLJHPFFEF86CB,坡道平面,1100000,32.43
RPXSPLLLJHPFFEF07CB,坡道平面,1100000,32.43
RPTSPLLLJHPFFEF66CB,坡道機械,500000,16.21
RPUSPLLLJHPFFEF76CB,坡道平面,1300000,32.43
RPSSPLLLJHPFFEF56CB,坡道機械,500000,16.21
RPQTPLLLJHPFFEF09CB,坡道平面,1250000,32.43
RPPTPLLLJHPFFEF98CB,坡道平面,1300000,32.43
RPWSPLLLJHPFFEF96CB,坡道機械,500000,16.21
RPRTPLLLJHPFFEF56CB,坡道平面,1300000,32.43
RPSTPLLLJHPFFEF66CB,坡道平面,1050000,32.43
RPTTPLLLJHPFFEF76CB,坡道平面,1100000,32.43
RPVTPLLLJHPFFEF96CB,坡道平面,1250000,32.43
RPWTPLLLJHPFFEF07CB,坡道平面,1300000,32.43
RPUTPLLLJHPFFEF86CB,坡道機械,500000,16.21
RPXTPLLLJHPFFEF17CB,坡道平面,1050000,32.43
RPOUPLLLJHPFFEF98CB,坡道平面,1300000,32.43
RPRUPLLLJHPFFEF66CB,坡道平面,1300000,32.43
RPPUPLLLJHPFFEF09CB,坡道機械,500000,16.21
RPTUPLLLJHPFFEF86CB,坡道平面,1300000,32.43
RPSUPLLLJHPFFEF76CB,坡道平面,1050000,32.43
RPQUPLLLJHPFFEF56CB,坡道機械,500000,16.21
RPVUPLLLJHPFFEF07CB,坡道平面,1300000,32.43
RPOVPLLLJHPFFEF09CB,坡道平面,950000,32.43
RPWUPLLLJHPFFEF17CB,坡道機械,500000,16.21
RPPVPLLLJHPFFEF56CB,坡道機械,500000,16.21
RPRVPLLLJHPFFEF76CB,坡道機械,700000,16.21
RPQVPLLLJHPFFEF66CB,坡道平面,1300000,32.43
RPVVPLLLJHPFFEF17CB,坡道機械,500000,16.21
RPUVPLLLJHPFFEF07CB,坡道平面,1100000,32.43
RPTVPLLLJHPFFEF96CB,坡道平面,1300000,32.43
RPSVPLLLJHPFFEF86CB,坡道機械,500000,16.21
RPXVPLLLJHPFFEF37CB,坡道機械,500000,16.21
RPWVPLLLJHPFFEF27CB,坡道平面,1100000,32.43
RPQWPLLLJHPFFEF76CB,坡道平面,1100000,32.43
RPPWPLLLJHPFFEF66CB,坡道平面,1100000,32.43
RPOWPLLLJHPFFEF56CB,坡道平面,1050000,32.43
RPSWPLLLJHPFFEF96CB,坡道機械,500000,16.21
RPRWPLLLJHPFFEF86CB,坡道平面,1050000,32.43
RPVWPLLLJHPFFEF27CB,坡道平面,1100000,32.43
RPUWPLLLJHPFFEF17CB,坡道機械,500000,16.21
RPTWPLLLJHPFFEF07CB,坡道平面,1300000,32.43
RPWWPLLLJHPFFEF37CB,坡道平面,1250000,32.43
RPXWPLLLJHPFFEF47CB,坡道平面,1250000,32.43
RPPNQLLLJHPFFEF48CB,坡道機械,500000,16.21
RPQNQLLLJHPFFEF58CB,坡道機械,700000,16.21
RPONQLLLJHPFFEF38CB,坡道機械,500000,16.21
RPWNQLLLJHPFFEF56CB,坡道平面,1100000,32.43
RPRNQLLLJHPFFEF68CB,坡道平面,1250000,32.43
RPUNQLLLJHPFFEF98CB,坡道平面,1050000,32.43
RPTNQLLLJHPFFEF88CB,坡道平面,1050000,32.43
RPSNQLLLJHPFFEF78CB,坡道機械,700000,16.21
RPXNQLLLJHPFFEF66CB,坡道機械,700000,16.21
RPPOQLLLJHPFFEF58CB,坡道機械,500000,16.21
RPOOQLLLJHPFFEF48CB,坡道平面,1100000,32.43
RPQOQLLLJHPFFEF68CB,坡道平面,1250000,32.43
RPROQLLLJHPFFEF78CB,坡道平面,1250000,32.43
RPRPQLLLJHPFFEF88CB,坡道平面,1250000,32.43
RPSOQLLLJHPFFEF88CB,坡道機械,700000,16.21
RPTOQLLLJHPFFEF98CB,坡道機械,700000,16.21
RPWOQLLLJHPFFEF66CB,坡道平面,1250000,32.43
RPOPQLLLJHPFFEF58CB,坡道平面,1300000,32.43
RPQPQLLLJHPFFEF78CB,坡道平面,1100000,32.43
RPUOQLLLJHPFFEF09CB,坡道機械,700000,16.21
RPPPQLLLJHPFFEF68CB,坡道平面,950000,32.43
RPVOQLLLJHPFFEF56CB,坡道平面,1250000,32.43
RPXOQLLLJHPFFEF76CB,坡道平面,1100000,32.43
RPSPQLLLJHPFFEF98CB,坡道平面,1000000,32.43
RPTPQLLLJHPFFEF09CB,坡道平面,1150000,32.43
RPUPQLLLJHPFFEF56CB,坡道平面,1300000,32.43
RPVPQLLLJHPFFEF66CB,坡道機械,500000,16.21
RPQQQLLLJHPFFEF88CB,坡道平面,1250000,32.43
RPWPQLLLJHPFFEF76CB,坡道平面,1300000,32.43
RPPQQLLLJHPFFEF78CB,坡道平面,1250000,32.43
RPOQQLLLJHPFFEF68CB,坡道平面,1250000,32.43
RPXPQLLLJHPFFEF86CB,坡道平面,1100000,32.43
RPTQQLLLJHPFFEF56CB,坡道平面,1300000,32.43
RPRQQLLLJHPFFEF98CB,坡道平面,1100000,32.43
RPUQQLLLJHPFFEF66CB,坡道平面,1300000,32.43
RPVQQLLLJHPFFEF76CB,坡道平面,1250000,32.43
RPWQQLLLJHPFFEF86CB,坡道平面,1300000,32.43
RPORQLLLJHPFFEF78CB,坡道平面,1250000,32.43
RPXQQLLLJHPFFEF96CB,坡道平面,1100000,32.43
RPSRQLLLJHPFFEF56CB,坡道平面,1050000,32.43
RPRRQLLLJHPFFEF09CB,坡道機械,500000,16.21
RPQRQLLLJHPFFEF98CB,坡道平面,1100000,32.43
RPPRQLLLJHPFFEF88CB,坡道平面,1250000,32.43
RPTRQLLLJHPFFEF66CB,坡道平面,1050000,32.43
RPVRQLLLJHPFFEF86CB,坡道平面,1100000,32.43
RPXRQLLLJHPFFEF07CB,坡道平面,1100000,32.43
RPWRQLLLJHPFFEF96CB,坡道機械,500000,16.21
RPURQLLLJHPFFEF76CB,坡道機械,500000,16.21
RPRSQLLLJHPFFEF56CB,坡道平面,1300000,32.43
RPOSQLLLJHPFFEF88CB,坡道機械,700000,16.21
RPSSQLLLJHPFFEF66CB,坡道平面,1100000,32.43
RPQSQLLLJHPFFEF09CB,坡道平面,920000,32.43
RPPSQLLLJHPFFEF98CB,坡道機械,500000,16.21
RPTSQLLLJHPFFEF76CB,坡道平面,1250000,32.43
RPVSQLLLJHPFFEF96CB,坡道機械,500000,16.21
RPUSQLLLJHPFFEF86CB,坡道平面,1300000,32.43
RPPTQLLLJHPFFEF09CB,坡道平面,1300000,32.43
RPXSQLLLJHPFFEF17CB,坡道機械,700000,16.21
RPQTQLLLJHPFFEF56CB,坡道平面,1100000,32.43
RPUTQLLLJHPFFEF96CB,坡道平面,1050000,32.43
RPRTQLLLJHPFFEF66CB,坡道平面,1250000,32.43
RPTTQLLLJHPFFEF86CB,坡道平面,1250000,32.43
RPWSQLLLJHPFFEF07CB,坡道平面,1250000,32.43
RPVTQLLLJHPFFEF07CB,坡道平面,1100000,32.43
RPWTQLLLJHPFFEF17CB,坡道平面,1300000,32.43
RPXTQLLLJHPFFEF27CB,坡道平面,1300000,32.43
RPPUQLLLJHPFFEF56CB,坡道平面,1250000,32.43
RPOUQLLLJHPFFEF09CB,坡道平面,1050000,32.43
RPRUQLLLJHPFFEF76CB,坡道平面,1250000,32.43
RPQUQLLLJHPFFEF66CB,坡道平面,1100000,32.43
RPSUQLLLJHPFFEF86CB,坡道平面,1100000,32.43
RPTUQLLLJHPFFEF96CB,坡道平面,1300000,32.43
RPVUQLLLJHPFFEF17CB,坡道機械,500000,16.21
RPUUQLLLJHPFFEF07CB,坡道平面,1300000,32.43
RPWUQLLLJHPFFEF27CB,坡道機械,500000,16.21
RPOVQLLLJHPFFEF56CB,坡道平面,950000,32.43
RPXUQLLLJHPFFEF37CB,坡道平面,1100000,32.43
RPXUQLLLJHPFFEF37CB,坡道機械,700000,16.21
RPPVQLLLJHPFFEF66CB,坡道平面,1000000,32.43
RPQVQLLLJHPFFEF76CB,坡道平面,1300000,32.43
RPTVQLLLJHPFFEF07CB,坡道機械,500000,16.21
RPRVQLLLJHPFFEF86CB,坡道平面,1100000,32.43
RPSVQLLLJHPFFEF96CB,坡道機械,500000,16.21
RPVVQLLLJHPFFEF27CB,坡道機械,500000,16.21
RPUVQLLLJHPFFEF17CB,坡道機械,500000,16.21
RPXVQLLLJHPFFEF47CB,坡道機械,650000,16.21
RPWVQLLLJHPFFEF37CB,坡道機械,500000,16.21
RPQWQLLLJHPFFEF86CB,坡道機械,500000,16.21
RPSWQLLLJHPFFEF07CB,坡道平面,1300000,32.43
RPPWQLLLJHPFFEF76CB,坡道平面,1300000,32.43
RPRWQLLLJHPFFEF96CB,坡道平面,1250000,32.43
RPOWQLLLJHPFFEF66CB,坡道平面,1250000,32.43
RPTWQLLLJHPFFEF17CB,坡道機械,500000,16.21
RPXWQLLLJHPFFEF57CB,坡道平面,950000,32.43
RPSNRLLLJHPFFEF88CB,坡道平面,950000,32.43
RPVWQLLLJHPFFEF37CB,坡道平面,850000,32.43
RPRNRLLLJHPFFEF78CB,坡道機械,500000,16.21
RPONRLLLJHPFFEF48CB,坡道機械,500000,16.21
RPQNRLLLJHPFFEF68CB,坡道平面,1000000,32.43
RPWWQLLLJHPFFEF47CB,坡道平面,1100000,32.43
RPPNRLLLJHPFFEF58CB,坡道平面,1300000,32.43
RPUWQLLLJHPFFEF27CB,坡道平面,1050000,32.43
RPTNRLLLJHPFFEF98CB,坡道機械,400000,16.21
RPOORLLLJHPFFEF58CB,坡道機械,700000,16.21
RPUNRLLLJHPFFEF09CB,坡道平面,1100000,32.43
RPPORLLLJHPFFEF68CB,坡道平面,950000,32.43
RPVNRLLLJHPFFEF56CB,坡道機械,700000,16.21
RPWNRLLLJHPFFEF66CB,坡道機械,500000,16.21
RPQORLLLJHPFFEF78CB,坡道平面,1100000,32.43
RPXNRLLLJHPFFEF76CB,坡道平面,1100000,32.43
RPRORLLLJHPFFEF88CB,坡道平面,1100000,32.43
RPSORLLLJHPFFEF98CB,坡道平面,1100000,32.43
RPXORLLLJHPFFEF86CB,坡道平面,950000,32.43
RPOPRLLLJHPFFEF68CB,坡道機械,500000,16.21
RPWORLLLJHPFFEF76CB,坡道平面,1100000,32.43
RPUORLLLJHPFFEF56CB,坡道機械,500000,16.21
RPTORLLLJHPFFEF09CB,坡道機械,700000,16.21
RPPPRLLLJHPFFEF78CB,坡道平面,1100000,32.43
RPRPRLLLJHPFFEF98CB,坡道機械,700000,16.21
RPSPRLLLJHPFFEF09CB,坡道機械,700000,16.21
RPQPRLLLJHPFFEF88CB,坡道機械,500000,16.21
RPTPRLLLJHPFFEF56CB,坡道機械,500000,16.21
RPUPRLLLJHPFFEF66CB,坡道機械,500000,16.21
RPWPRLLLJHPFFEF86CB,坡道機械,500000,16.21
RPOQRLLLJHPFFEF78CB,坡道機械,500000,16.21
RPPQRLLLJHPFFEF88CB,坡道機械,500000,16.21
RPXPRLLLJHPFFEF96CB,坡道平面,1100000,32.43
RPVPRLLLJHPFFEF76CB,坡道平面,1100000,32.43
RPQQRLLLJHPFFEF98CB,坡道機械,700000,16.21
RPSQRLLLJHPFFEF56CB,坡道平面,1100000,32.43
RPTQRLLLJHPFFEF66CB,坡道機械,500000,16.21
RPRQRLLLJHPFFEF09CB,坡道平面,1050000,32.43
RPUQRLLLJHPFFEF76CB,坡道平面,1100000,32.43
RPVQRLLLJHPFFEF86CB,坡道平面,1200000,32.43
RPWQRLLLJHPFFEF96CB,坡道平面,1100000,32.43
RPORRLLLJHPFFEF88CB,坡道平面,1300000,32.43
RPPRRLLLJHPFFEF98CB,坡道平面,1300000,32.43
RPQRRLLLJHPFFEF09CB,坡道機械,500000,16.21
RPXQRLLLJHPFFEF07CB,坡道機械,500000,16.21
RPSRRLLLJHPFFEF66CB,坡道平面,1300000,32.43
RPRRRLLLJHPFFEF56CB,坡道機械,500000,16.21
RPTRRLLLJHPFFEF76CB,坡道機械,500000,16.21
RPURRLLLJHPFFEF86CB,坡道平面,1100000,32.43
RPVRRLLLJHPFFEF96CB,坡道平面,1100000,32.43
RPWRRLLLJHPFFEF07CB,坡道平面,1100000,32.43
RPXRRLLLJHPFFEF17CB,坡道平面,1100000,32.43
RPTSRLLLJHPFFEF86CB,坡道機械,700000,16.21
RPUSRLLLJHPFFEF96CB,坡道平面,1100000,32.43
RPVSRLLLJHPFFEF07CB,坡道機械,500000,16.21
RPWSRLLLJHPFFEF17CB,坡道機械,700000,16.21
RPOTRLLLJHPFFEF09CB,坡道機械,500000,16.21
RPXSRLLLJHPFFEF27CB,坡道機械,500000,16.21
RPPTRLLLJHPFFEF56CB,坡道平面,1250000,32.43
RPQTRLLLJHPFFEF66CB,坡道平面,1100000,32.43
RPRTRLLLJHPFFEF76CB,坡道平面,1050000,32.43
RPOSRLLLJHPFFEF98CB,坡道平面,1100000,32.43
RPQSRLLLJHPFFEF56CB,坡道機械,700000,16.21
RPPSRLLLJHPFFEF09CB,坡道平面,1100000,32.43
RPSSRLLLJHPFFEF76CB,坡道平面,1100000,32.43
RPSTRLLLJHPFFEF86CB,坡道機械,500000,16.21
RPTTRLLLJHPFFEF96CB,坡道平面,1250000,32.43
RPUTRLLLJHPFFEF07CB,坡道平面,1100000,32.43
RPVTRLLLJHPFFEF17CB,坡道機械,500000,16.21
RPXTRLLLJHPFFEF37CB,坡道機械,500000,16.21
RPOURLLLJHPFFEF56CB,坡道機械,400000,16.21
RPQURLLLJHPFFEF76CB,坡道平面,1250000,32.43
RPPURLLLJHPFFEF66CB,坡道機械,500000,16.21
RPVURLLLJHPFFEF27CB,坡道平面,950000,32.43
RPUURLLLJHPFFEF17CB,坡道平面,1050000,32.43
RPWTRLLLJHPFFEF27CB,坡道平面,1050000,32.43
RPTURLLLJHPFFEF07CB,坡道平面,1050000,32.43
RPRURLLLJHPFFEF86CB,坡道平面,1250000,32.43
RPXURLLLJHPFFEF47CB,坡道平面,1300000,32.43
RPOVRLLLJHPFFEF66CB,坡道平面,1100000,32.43
RPPVRLLLJHPFFEF76CB,坡道平面,1300000,32.43
RPXVRLLLJHPFFEF57CB,坡道平面,1100000,32.43
RPVVRLLLJHPFFEF37CB,坡道平面,1100000,32.43
RPSVRLLLJHPFFEF07CB,坡道平面,1050000,32.43
RPOWRLLLJHPFFEF76CB,坡道平面,1200000,32.43
RPWVRLLLJHPFFEF47CB,坡道機械,700000,16.21
RPQVRLLLJHPFFEF86CB,坡道平面,1250000,32.43
RPRVRLLLJHPFFEF96CB,坡道平面,1100000,32.43
RPTVRLLLJHPFFEF17CB,坡道平面,1250000,32.43
RPUVRLLLJHPFFEF27CB,坡道平面,1050000,32.43
RPPWRLLLJHPFFEF86CB,坡道機械,500000,16.21
RPTWRLLLJHPFFEF27CB,坡道平面,1100000,32.43
RPRWRLLLJHPFFEF07CB,坡道平面,1300000,32.43
RPSWRLLLJHPFFEF17CB,坡道機械,400000,16.21
RPVWRLLLJHPFFEF47CB,坡道機械,500000,16.21
RPUWRLLLJHPFFEF37CB,坡道機械,700000,16.21
RPQWRLLLJHPFFEF96CB,坡道機械,500000,16.21
RPWWRLLLJHPFFEF57CB,坡道平面,950000,32.43
RPONSLLLJHPFFEF58CB,坡道平面,950000,32.43
RPXWRLLLJHPFFEF67CB,坡道平面,1100000,32.43
RPQNSLLLJHPFFEF78CB,坡道平面,1100000,32.43
RPPNSLLLJHPFFEF68CB,坡道平面,1250000,32.43
RPRNSLLLJHPFFEF88CB,坡道平面,1100000,32.43
RPVNSLLLJHPFFEF66CB,坡道平面,1250000,32.43
RPTNSLLLJHPFFEF09CB,坡道平面,1300000,32.43
RPSNSLLLJHPFFEF98CB,坡道平面,1300000,32.43
RPUNSLLLJHPFFEF56CB,坡道平面,1100000,32.43
RPOOSLLLJHPFFEF68CB,坡道平面,1250000,32.43
RPXNSLLLJHPFFEF86CB,坡道機械,500000,16.21
RPWNSLLLJHPFFEF76CB,坡道平面,1200000,32.43
RPPOSLLLJHPFFEF78CB,坡道平面,1300000,32.43
RPROSLLLJHPFFEF98CB,坡道機械,500000,16.21
RPQOSLLLJHPFFEF88CB,坡道平面,1150000,32.43
RPOPSLLLJHPFFEF78CB,坡道平面,1100000,32.43
RPXOSLLLJHPFFEF96CB,坡道平面,1300000,32.43
RPTOSLLLJHPFFEF56CB,坡道機械,700000,16.21
RPVOSLLLJHPFFEF76CB,坡道平面,1200000,32.43
RPUOSLLLJHPFFEF66CB,坡道平面,1250000,32.43
RPWOSLLLJHPFFEF86CB,坡道平面,1100000,32.43
RPSOSLLLJHPFFEF09CB,坡道平面,1100000,32.43
RPQPSLLLJHPFFEF98CB,坡道平面,1300000,32.43
RPRPSLLLJHPFFEF09CB,坡道平面,1300000,32.43
RPVPSLLLJHPFFEF86CB,坡道機械,500000,16.21
RPWPSLLLJHPFFEF96CB,坡道平面,1300000,32.43
RPXPSLLLJHPFFEF07CB,坡道機械,500000,16.21
RPTPSLLLJHPFFEF66CB,坡道機械,500000,16.21
RPOQSLLLJHPFFEF88CB,坡道平面,950000,32.43
RPSPSLLLJHPFFEF56CB,坡道機械,500000,16.21
RPUPSLLLJHPFFEF76CB,坡道平面,1300000,32.43
RPPPSLLLJHPFFEF88CB,坡道平面,1250000,32.43
RPSQSLLLJHPFFEF66CB,坡道機械,500000,16.21
RPQQSLLLJHPFFEF09CB,坡道平面,1100000,32.43
RPPQSLLLJHPFFEF98CB,坡道平面,950000,32.43
RPRQSLLLJHPFFEF56CB,坡道機械,700000,16.21
RPTQSLLLJHPFFEF76CB,坡道機械,500000,16.21
RPVQSLLLJHPFFEF96CB,坡道平面,1050000,32.43
RPWQSLLLJHPFFEF07CB,坡道平面,1300000,32.43
RPUQSLLLJHPFFEF86CB,坡道機械,500000,16.21
RPQRSLLLJHPFFEF56CB,坡道平面,1050000,32.43
RPRRSLLLJHPFFEF66CB,坡道機械,500000,16.21
RPURSLLLJHPFFEF96CB,坡道平面,1100000,32.43
RPTRSLLLJHPFFEF86CB,坡道機械,500000,16.21
RPPRSLLLJHPFFEF09CB,坡道機械,500000,16.21
RPVRSLLLJHPFFEF07CB,坡道平面,1250000,32.43
RPSRSLLLJHPFFEF76CB,坡道平面,1250000,32.43
RPWRSLLLJHPFFEF17CB,坡道機械,700000,16.21
RPXQSLLLJHPFFEF17CB,坡道機械,700000,16.21
RPXRSLLLJHPFFEF27CB,坡道機械,500000,16.21
RPOSSLLLJHPFFEF09CB,坡道機械,500000,16.21
RPRSSLLLJHPFFEF76CB,坡道機械,700000,16.21
RPQSSLLLJHPFFEF66CB,坡道平面,1100000,32.43
RPPSSLLLJHPFFEF56CB,坡道平面,1250000,32.43
RPOTSLLLJHPFFEF56CB,坡道平面,1100000,32.43
RPVSSLLLJHPFFEF17CB,坡道機械,500000,16.21
RPPTSLLLJHPFFEF66CB,坡道平面,1250000,32.43
RPRTSLLLJHPFFEF86CB,坡道平面,1300000,32.43
RPQTSLLLJHPFFEF76CB,坡道機械,700000,16.21
RPSSSLLLJHPFFEF86CB,坡道平面,1100000,32.43
RPTSSLLLJHPFFEF96CB,坡道機械,500000,16.21
RPUSSLLLJHPFFEF07CB,坡道平面,1050000,32.43
RPWSSLLLJHPFFEF27CB,坡道平面,1050000,32.43
RPXSSLLLJHPFFEF37CB,坡道機械,500000,16.21
RPWTSLLLJHPFFEF37CB,坡道機械,500000,16.21
RPSTSLLLJHPFFEF96CB,坡道平面,1100000,32.43
RPTTSLLLJHPFFEF07CB,坡道機械,500000,16.21
RPUTSLLLJHPFFEF17CB,坡道平面,950000,32.43
RPXTSLLLJHPFFEF47CB,坡道平面,950000,32.43
RPVTSLLLJHPFFEF27CB,坡道平面,1100000,32.43
RPOUSLLLJHPFFEF66CB,坡道平面,1300000,32.43
RPTUSLLLJHPFFEF17CB,坡道機械,500000,16.21
RPRUSLLLJHPFFEF96CB,坡道機械,500000,16.21
RPSUSLLLJHPFFEF07CB,坡道平面,1050000,32.43
RPWUSLLLJHPFFEF47CB,坡道機械,700000,16.21
RPQUSLLLJHPFFEF86CB,坡道機械,700000,16.21
RPUUSLLLJHPFFEF27CB,坡道平面,1100000,32.43
RPPUSLLLJHPFFEF76CB,坡道平面,1300000,32.43
RPVUSLLLJHPFFEF37CB,坡道平面,1300000,32.43
RPXUSLLLJHPFFEF57CB,坡道機械,700000,16.21
RPPVSLLLJHPFFEF86CB,坡道平面,1050000,32.43
RPQVSLLLJHPFFEF96CB,坡道平面,1100000,32.43
RPSVSLLLJHPFFEF17CB,坡道機械,700000,16.21
RPRVSLLLJHPFFEF07CB,坡道平面,950000,32.43
RPOVSLLLJHPFFEF76CB,坡道機械,700000,16.21
RPTVSLLLJHPFFEF27CB,坡道機械,500000,16.21
RPUVSLLLJHPFFEF37CB,坡道機械,700000,16.21
RPWVSLLLJHPFFEF57CB,坡道平面,950000,32.43
RPXVSLLLJHPFFEF67CB,坡道平面,1100000,32.43
RPVVSLLLJHPFFEF47CB,坡道平面,1100000,32.43
RPPWSLLLJHPFFEF96CB,坡道機械,500000,16.21
RPOWSLLLJHPFFEF86CB,坡道平面,1050000,32.43
RPQWSLLLJHPFFEF07CB,坡道機械,700000,16.21
RPRWSLLLJHPFFEF17CB,坡道機械,500000,16.21
RPUWSLLLJHPFFEF47CB,坡道機械,500000,16.21
RPWWSLLLJHPFFEF67CB,坡道平面,1100000,32.43
RPTWSLLLJHPFFEF37CB,坡道機械,500000,16.21
RPVWSLLLJHPFFEF57CB,坡道平面,1250000,32.43
RPSWSLLLJHPFFEF27CB,坡道平面,1100000,32.43
RPXWSLLLJHPFFEF77CB,坡道平面,1100000,32.43
RPPNTLLLJHPFFEF78CB,坡道機械,500000,16.21
RPONTLLLJHPFFEF68CB,坡道機械,700000,16.21
RPWNTLLLJHPFFEF86CB,坡道機械,500000,16.21
RPRNTLLLJHPFFEF98CB,坡道平面,1250000,32.43
RPQNTLLLJHPFFEF88CB,坡道機械,500000,16.21
RPSNTLLLJHPFFEF09CB,坡道平面,1050000,32.43
RPVNTLLLJHPFFEF76CB,坡道機械,700000,16.21
RPTNTLLLJHPFFEF56CB,坡道機械,700000,16.21
RPUNTLLLJHPFFEF66CB,坡道平面,1200000,32.43
RPXNTLLLJHPFFEF96CB,坡道平面,1050000,32.43
RPOOTLLLJHPFFEF78CB,坡道平面,950000,32.43
RPVPMLLLJHPFFAF48CB,坡道平面,0,27.18
RPOQMLLLJHPFFAF87CB,坡道平面,0,29.53
RPXPMLLLJHPFFAF68CB,坡道平面,0,27.18
RPWPMLLLJHPFFAF58CB,坡道平面,0,29.53
RPPQMLLLJHPFFAF97CB,坡道平面,0,29.53
RPTQMLLLJHPFFAF38CB,坡道平面,0,29.53
RPQQMLLLJHPFFAF08CB,坡道平面,0,29.53
RPSQMLLLJHPFFAF28CB,坡道平面,0,27.18
RPRQMLLLJHPFFAF18CB,坡道平面,0,32.24
RPUQMLLLJHPFFAF48CB,坡道平面,0,27.18
RPVQMLLLJHPFFAF58CB,坡道平面,0,29.53
RPWQMLLLJHPFFAF68CB,坡道平面,0,27.18
RPXQMLLLJHPFFAF78CB,坡道平面,0,29.53
RPWRMLLLJHPFFAF78CB,坡道平面,0,29.53
RPTRMLLLJHPFFAF48CB,坡道平面,0,29.53
RPVRMLLLJHPFFAF68CB,坡道平面,0,32.24
RPURMLLLJHPFFAF58CB,坡道平面,0,29.53
RPXRMLLLJHPFFAF88CB,坡道平面,0,29.53
RPPSMLLLJHPFFAF18CB,坡道平面,0,29.53
RPQSMLLLJHPFFAF28CB,坡道平面,0,29.53
RPRSMLLLJHPFFAF38CB,坡道平面,0,32.24
RPSSMLLLJHPFFAF48CB,坡道平面,0,29.53
RPOSMLLLJHPFFAF08CB,坡道平面,0,29.53
RPSRMLLLJHPFFAF38CB,坡道平面,0,29.53
RPTSMLLLJHPFFAF58CB,坡道平面,0,29.53
RPORMLLLJHPFFAF97CB,坡道平面,0,29.53
RPRRMLLLJHPFFAF28CB,坡道平面,0,29.53
RPWSMLLLJHPFFAF88CB,坡道平面,0,29.53
RPVSMLLLJHPFFAF78CB,坡道平面,0,29.53
RPUSMLLLJHPFFAF68CB,坡道平面,0,29.53
RPPRMLLLJHPFFAF08CB,坡道平面,0,32.24
RPQRMLLLJHPFFAF18CB,坡道平面,0,29.53
RPPTMLLLJHPFFAF28CB,坡道平面,0,29.53
RPRTMLLLJHPFFAF48CB,坡道平面,0,29.53
RPUTMLLLJHPFFAF78CB,坡道平面,0,29.53
RPTTMLLLJHPFFAF68CB,坡道平面,0,29.53
RPSTMLLLJHPFFAF58CB,坡道平面,0,27.18
RPXSMLLLJHPFFAF98CB,坡道平面,0,29.53
RPOTMLLLJHPFFAF18CB,坡道平面,0,29.53
RPVTMLLLJHPFFAF88CB,坡道平面,0,29.53
RPQTMLLLJHPFFAF38CB,坡道平面,0,29.53
RPWTMLLLJHPFFAF98CB,坡道平面,0,27.18
RPXTMLLLJHPFFAF09CB,坡道平面,0,29.53
RPPUMLLLJHPFFAF38CB,坡道平面,0,27.18
RPOUMLLLJHPFFAF28CB,坡道平面,0,29.53
RPQUMLLLJHPFFAF48CB,坡道平面,0,29.53
RPRUMLLLJHPFFAF58CB,坡道平面,0,29.53
RPSUMLLLJHPFFAF68CB,坡道平面,0,27.18
RPOVMLLLJHPFFAF38CB,坡道平面,0,29.53
RPQVMLLLJHPFFAF58CB,坡道平面,0,29.53
RPUUMLLLJHPFFAF88CB,坡道平面,0,29.53
RPTUMLLLJHPFFAF78CB,坡道平面,0,29.53
RPPVMLLLJHPFFAF48CB,坡道平面,0,29.53
RPVUMLLLJHPFFAF98CB,坡道平面,0,29.53
RPXUMLLLJHPFFAF56CB,坡道平面,0,27.18
RPWUMLLLJHPFFAF09CB,坡道平面,0,29.65
RPRVMLLLJHPFFAF68CB,坡道平面,0,27.18
RPSVMLLLJHPFFAF78CB,坡道平面,0,29.53
RPTVMLLLJHPFFAF88CB,坡道平面,0,29.53
RPUVMLLLJHPFFAF98CB,坡道平面,0,29.53
RPWVMLLLJHPFFAF56CB,坡道平面,0,29.53
RPXVMLLLJHPFFAF66CB,坡道平面,0,27.18
RPVVMLLLJHPFFAF09CB,坡道平面,0,29.53
RPOWMLLLJHPFFAF48CB,坡道平面,0,29.53
RPPWMLLLJHPFFAF58CB,坡道平面,0,29.53
RPQWMLLLJHPFFAF68CB,坡道平面,0,29.53
RPRWMLLLJHPFFAF78CB,坡道平面,0,29.53
RPSWMLLLJHPFFAF88CB,坡道平面,0,27.18
RPTWMLLLJHPFFAF98CB,坡道平面,0,29.53
RPUWMLLLJHPFFAF09CB,坡道平面,0,29.53
RPSNNLLLJHPFFAF08CB,坡道平面,0,29.53
RPWWMLLLJHPFFAF66CB,坡道平面,0,29.53
RPVWMLLLJHPFFAF56CB,坡道平面,0,27.18
RPPNNLLLJHPFFAF77CB,坡道平面,0,29.53
RPRNNLLLJHPFFAF97CB,坡道平面,0,27.18
RPONNLLLJHPFFAF67CB,坡道平面,0,29.53
RPXWMLLLJHPFFAF76CB,坡道平面,0,29.53
RPUNNLLLJHPFFAF28CB,坡道平面,0,29.53
RPQNNLLLJHPFFAF87CB,坡道平面,0,29.53
RPTNNLLLJHPFFAF18CB,坡道平面,0,29.53
RPVNNLLLJHPFFAF38CB,坡道平面,0,29.53
RPXNNLLLJHPFFAF58CB,坡道平面,0,29.53
RPWNNLLLJHPFFAF48CB,坡道平面,0,32.24
RPPONLLLJHPFFAF87CB,坡道平面,0,27.18
RPSONLLLJHPFFAF18CB,坡道平面,0,29.53
RPOONLLLJHPFFAF77CB,坡道平面,0,29.53
RPRONLLLJHPFFAF08CB,坡道平面,0,29.53
RPUONLLLJHPFFAF38CB,坡道平面,0,29.53
RPTONLLLJHPFFAF28CB,坡道平面,0,27.18
RPQONLLLJHPFFAF97CB,坡道平面,0,29.53
RPVONLLLJHPFFAF48CB,坡道平面,0,29.53
RPWONLLLJHPFFAF58CB,坡道平面,0,29.53
RPXONLLLJHPFFAF68CB,坡道平面,0,29.53
RPSPNLLLJHPFFAF28CB,坡道平面,0,29.53
RPVPNLLLJHPFFAF58CB,坡道平面,0,29.53
RPWPNLLLJHPFFAF68CB,坡道平面,0,29.53
RPOPNLLLJHPFFAF87CB,坡道平面,0,29.53
RPXPNLLLJHPFFAF78CB,坡道平面,0,29.53
RPQPNLLLJHPFFAF08CB,坡道平面,0,29.53
RPOQNLLLJHPFFAF97CB,坡道平面,0,27.18
RPSQNLLLJHPFFAF38CB,坡道平面,0,29.53
RPRQNLLLJHPFFAF28CB,坡道平面,0,32.24
RPVQNLLLJHPFFAF68CB,坡道平面,0,29.53
RPUPNLLLJHPFFAF48CB,坡道平面,0,29.53
RPPPNLLLJHPFFAF97CB,坡道平面,0,29.53
RPTQNLLLJHPFFAF48CB,坡道平面,0,29.53
RPUQNLLLJHPFFAF58CB,坡道平面,0,27.18
RPRPNLLLJHPFFAF18CB,坡道平面,0,29.53
RPWQNLLLJHPFFAF78CB,坡道平面,0,27.18
RPXQNLLLJHPFFAF88CB,坡道平面,0,27.18
RPPQNLLLJHPFFAF08CB,坡道平面,0,29.53
RPPRNLLLJHPFFAF18CB,坡道平面,0,27.18
RPORNLLLJHPFFAF08CB,坡道平面,0,29.53
RPQQNLLLJHPFFAF18CB,坡道平面,0,29.53
RPRRNLLLJHPFFAF38CB,坡道平面,0,32.24
RPQRNLLLJHPFFAF28CB,坡道平面,0,29.53
RPTRNLLLJHPFFAF58CB,坡道平面,0,29.53
RPSRNLLLJHPFFAF48CB,坡道平面,0,29.53
RPURNLLLJHPFFAF68CB,坡道平面,0,29.53
RPRSNLLLJHPFFAF48CB,坡道平面,0,29.53
RPQSNLLLJHPFFAF38CB,坡道平面,0,29.53
RPVRNLLLJHPFFAF78CB,坡道平面,0,27.18
RPOSNLLLJHPFFAF18CB,坡道平面,0,29.53
RPWRNLLLJHPFFAF88CB,坡道平面,0,29.53
RPPSNLLLJHPFFAF28CB,坡道平面,0,29.53
RPXRNLLLJHPFFAF98CB,坡道平面,0,27.18
RPOTNLLLJHPFFAF28CB,坡道平面,0,29.53
RPRTNLLLJHPFFAF58CB,坡道平面,0,29.53
RPSSNLLLJHPFFAF58CB,坡道平面,0,29.53
RPTSNLLLJHPFFAF68CB,坡道平面,0,29.53
RPUSNLLLJHPFFAF78CB,坡道平面,0,29.53
RPUSNLLLJHPFFAF78CB,坡道平面,0,29.53
RPXSNLLLJHPFFAF09CB,坡道平面,0,32.24
RPPTNLLLJHPFFAF38CB,坡道平面,0,29.53
RPWSNLLLJHPFFAF98CB,坡道平面,0,29.53
RPQTNLLLJHPFFAF48CB,坡道平面,0,32.24
RPVTNLLLJHPFFAF98CB,坡道平面,0,29.53
RPTTNLLLJHPFFAF78CB,坡道平面,0,32.24
RPUTNLLLJHPFFAF88CB,坡道平面,0,29.53
RPWTNLLLJHPFFAF09CB,坡道平面,0,29.53
RPOUNLLLJHPFFAF38CB,坡道平面,0,29.53
RPSTNLLLJHPFFAF68CB,坡道平面,0,29.53
RPXTNLLLJHPFFAF56CB,坡道平面,0,29.53
RPQUNLLLJHPFFAF58CB,坡道平面,0,29.53
RPPUNLLLJHPFFAF48CB,坡道平面,0,29.53
RPPUNLLLJHPFFAF48CB,坡道平面,0,29.53
RPPUNLLLJHPFFAF48CB,坡道平面,0,29.53
RPPUNLLLJHPFFAF48CB,坡道平面,0,29.53
RPVSNLLLJHPFFAF88CB,坡道平面,0,29.53
RPUUNLLLJHPFFAF98CB,坡道平面,0,29.53
RPTUNLLLJHPFFAF88CB,坡道平面,0,29.53
RPXUNLLLJHPFFAF66CB,坡道平面,0,29.53
RPSUNLLLJHPFFAF78CB,坡道平面,0,29.65
RPRUNLLLJHPFFAF68CB,坡道平面,0,29.53
RPWUNLLLJHPFFAF56CB,坡道平面,0,32.24
RPOVNLLLJHPFFAF48CB,坡道平面,0,29.53
RPVUNLLLJHPFFAF09CB,坡道平面,0,29.53
RPQVNLLLJHPFFAF68CB,坡道平面,0,29.53
RPPVNLLLJHPFFAF58CB,坡道平面,0,27.18
RPSVNLLLJHPFFAF88CB,坡道平面,0,27.18
RPRVNLLLJHPFFAF78CB,坡道平面,0,29.53
RPTVNLLLJHPFFAF98CB,坡道平面,0,29.53
RPUVNLLLJHPFFAF09CB,坡道平面,0,29.53
RPOWNLLLJHPFFAF58CB,坡道平面,0,27.18
RPWVNLLLJHPFFAF66CB,坡道平面,0,29.53
RPPWNLLLJHPFFAF68CB,坡道平面,0,29.53
RPQWNLLLJHPFFAF78CB,坡道平面,0,29.53
RPVVNLLLJHPFFAF56CB,坡道平面,0,29.53
RPRWNLLLJHPFFAF88CB,坡道平面,0,29.53
RPXVNLLLJHPFFAF76CB,坡道平面,0,29.53
RPSWNLLLJHPFFAF98CB,坡道平面,0,27.18
RPTWNLLLJHPFFAF09CB,坡道平面,0,32.24
RPWWNLLLJHPFFAF76CB,坡道平面,0,29.53
RPUWNLLLJHPFFAF56CB,坡道平面,0,29.53
RPVWNLLLJHPFFAF66CB,坡道平面,0,29.53
RPXWNLLLJHPFFAF86CB,坡道平面,0,29.53
RPSNOLLLJHPFFAF18CB,坡道平面,0,29.53
RPONOLLLJHPFFAF77CB,坡道平面,0,29.53
RPUNOLLLJHPFFAF38CB,坡道平面,0,29.53
RPQNOLLLJHPFFAF97CB,坡道平面,0,29.53
RPVNOLLLJHPFFAF48CB,坡道平面,0,27.18
RPTNOLLLJHPFFAF28CB,坡道平面,0,29.53
RPOOOLLLJHPFFAF87CB,坡道平面,0,29.53
RPXNOLLLJHPFFAF68CB,坡道平面,0,29.53
RPPNOLLLJHPFFAF87CB,坡道平面,0,27.18
RPWNOLLLJHPFFAF58CB,坡道平面,0,32.24
RPRNOLLLJHPFFAF08CB,坡道平面,0,29.53
RPUOOLLLJHPFFAF48CB,坡道平面,0,29.53
RPTOOLLLJHPFFAF38CB,坡道平面,0,29.53
RPSOOLLLJHPFFAF28CB,坡道平面,0,29.53
RPOPOLLLJHPFFAF97CB,坡道平面,0,29.53
RPQOOLLLJHPFFAF08CB,坡道平面,0,29.53
RPVOOLLLJHPFFAF58CB,坡道平面,0,29.53
RPPOOLLLJHPFFAF97CB,坡道平面,0,27.18
RPWOOLLLJHPFFAF68CB,坡道平面,0,29.53
RPROOLLLJHPFFAF18CB,坡道平面,0,29.53
RPPPOLLLJHPFFAF08CB,坡道平面,0,29.53
RPQPOLLLJHPFFAF18CB,坡道平面,0,29.53
RPXOOLLLJHPFFAF78CB,坡道平面,0,27.18
RPVPOLLLJHPFFAF68CB,坡道平面,0,32.24
RPUPOLLLJHPFFAF58CB,坡道平面,0,29.53
RPOQOLLLJHPFFAF08CB,坡道平面,0,29.53
RPXPOLLLJHPFFAF88CB,坡道平面,0,29.53
RPPQOLLLJHPFFAF18CB,坡道平面,0,32.24
RPRPOLLLJHPFFAF28CB,坡道平面,0,29.53
RPWPOLLLJHPFFAF78CB,坡道平面,0,29.53
RPTPOLLLJHPFFAF48CB,坡道平面,0,29.53
RPSPOLLLJHPFFAF38CB,坡道平面,0,29.53
RPSPOLLLJHPFFAF38CB,坡道平面,0,29.53
RPQQOLLLJHPFFAF28CB,坡道平面,0,29.53
RPTQOLLLJHPFFAF58CB,坡道平面,0,29.53
RPSQOLLLJHPFFAF48CB,坡道平面,0,29.53
RPRQOLLLJHPFFAF38CB,坡道平面,0,29.53
RPUQOLLLJHPFFAF68CB,坡道平面,0,29.53
RPVQOLLLJHPFFAF78CB,坡道平面,0,29.53
RPWQOLLLJHPFFAF88CB,坡道平面,0,29.53
RPXQOLLLJHPFFAF98CB,坡道平面,0,32.24
RPXROLLLJHPFFAF09CB,坡道平面,0,29.53
RPOSOLLLJHPFFAF28CB,坡道平面,0,29.53
RPSROLLLJHPFFAF58CB,坡道平面,0,27.18
RPOROLLLJHPFFAF18CB,坡道平面,0,27.18
RPRROLLLJHPFFAF48CB,坡道平面,0,29.53
RPTROLLLJHPFFAF68CB,坡道平面,0,29.53
RPUROLLLJHPFFAF78CB,坡道平面,0,29.53
RPQROLLLJHPFFAF38CB,坡道平面,0,29.53
RPPROLLLJHPFFAF28CB,坡道平面,0,29.53
RPWROLLLJHPFFAF98CB,坡道平面,0,29.53
RPPSOLLLJHPFFAF38CB,坡道平面,0,27.18
RPXSOLLLJHPFFAF56CB,坡道平面,0,29.53
RPXSOLLLJHPFFAF56CB,坡道平面,0,29.53
RPRSOLLLJHPFFAF58CB,坡道平面,0,29.53
RPQSOLLLJHPFFAF48CB,坡道平面,0,29.53
RPTSOLLLJHPFFAF78CB,坡道平面,0,29.53
RPSSOLLLJHPFFAF68CB,坡道平面,0,29.53
RPUSOLLLJHPFFAF88CB,坡道平面,0,29.53
RPVSOLLLJHPFFAF98CB,坡道平面,0,29.53
RPOTOLLLJHPFFAF38CB,坡道平面,0,29.53
RPOTOLLLJHPFFAF38CB,坡道平面,0,29.53
RPQTOLLLJHPFFAF58CB,坡道平面,0,32.24
RPPTOLLLJHPFFAF48CB,坡道平面,0,27.18
RPRTOLLLJHPFFAF68CB,坡道平面,0,29.53
RPSTOLLLJHPFFAF78CB,坡道平面,0,29.53
RPTTOLLLJHPFFAF88CB,坡道平面,0,29.53
RPVTOLLLJHPFFAF09CB,坡道平面,0,29.53
RPUTOLLLJHPFFAF98CB,坡道平面,0,29.53
RPTWOLLLJHPFFAF56CB,坡道平面,1900000,40.95
RPSWOLLLJHPFFAF09CB,坡道平面,2050000,40.95
RPVWOLLLJHPFFAF76CB,坡道平面,2050000,40.95
RPPUOLLLJHPFFAF58CB,坡道平面,0,36.95
RPPUOLLLJHPFFAF58CB,坡道平面,0,36.95
RPPNPLLLJHPFFAF97CB,坡道平面,2000000,40.95
RPQNPLLLJHPFFAF08CB,坡道平面,1900000,40.95
RPRNPLLLJHPFFAF18CB,坡道平面,1950000,40.95
RPVNPLLLJHPFFAF58CB,坡道平面,2000000,40.95
RPTNPLLLJHPFFAF38CB,坡道平面,2000000,40.95
RPROPLLLJHPFFAF28CB,坡道平面,2000000,40.95
RPWOPLLLJHPFFAF78CB,坡道平面,2000000,40.95
RPSOPLLLJHPFFAF38CB,坡道平面,1900000,40.95
RPXOPLLLJHPFFAF88CB,坡道平面,2000000,40.95
RPUOPLLLJHPFFAF58CB,坡道平面,2000000,40.95
RPOPPLLLJHPFFAF08CB,坡道平面,2050000,40.95
RPSPPLLLJHPFFAF48CB,坡道平面,2000000,40.95
RPTPPLLLJHPFFAF58CB,坡道平面,1900000,40.95
RPXPPLLLJHPFFAF98CB,坡道平面,1900000,40.95
RPXQPLLLJHPFFAF09CB,坡道平面,1800000,40.95
RPPRPLLLJHPFFAF38CB,坡道平面,2100000,40.95
RPPQPLLLJHPFFAF28CB,坡道平面,1900000,40.95
RPQQPLLLJHPFFAF38CB,坡道平面,2050000,40.95
RPRRPLLLJHPFFAF58CB,坡道平面,2100000,40.95
RPVRPLLLJHPFFAF98CB,坡道平面,2100000,40.95
RPSRPLLLJHPFFAF68CB,坡道平面,2050000,40.95
RPURPLLLJHPFFAF88CB,坡道平面,1900000,40.95
RPPSPLLLJHPFFAF48CB,坡道平面,2100000,40.95
RPSTPLLLJHPFFAF88CB,坡道平面,2100000,40.95
RPPTPLLLJHPFFAF58CB,坡道平面,2100000,40.95
RPRTPLLLJHPFFAF78CB,坡道平面,2000000,40.95
RPTSPLLLJHPFFAF88CB,坡道平面,2100000,40.95
RPQTPLLLJHPFFAF68CB,坡道平面,1900000,40.95
RPQSPLLLJHPFFAF58CB,坡道平面,2100000,40.95
RPSSPLLLJHPFFAF78CB,坡道平面,2200000,40.95
RPOTPLLLJHPFFAF48CB,坡道平面,2000000,40.95
RPXSPLLLJHPFFAF66CB,坡道平面,2000000,40.95
RPWNMLLLJHPFFIF56CB,坡道平面,1350000,30.41
RPUOMLLLJHPFFIF09CB,坡道平面,1350000,30.41
RPOOMLLLJHPFFIF48CB,坡道平面,1400000,27.31
RPSOMLLLJHPFFIF88CB,坡道平面,1450000,30.41
RPQOMLLLJHPFFIF68CB,坡道平面,1400000,30.41
RPPOMLLLJHPFFIF58CB,坡道平面,1300000,30.41
RPWPMLLLJHPFFIF76CB,坡道平面,1450000,27.31
RPVPMLLLJHPFFIF66CB,坡道平面,1350000,27.31
RPVOMLLLJHPFFIF56CB,坡道平面,1450000,30.41
RPXOMLLLJHPFFIF76CB,坡道平面,1300000,30.41
RPTPMLLLJHPFFIF09CB,坡道平面,1400000,30.41
RPTPMLLLJHPFFIF09CB,坡道平面,1350000,27.31
RPSPMLLLJHPFFIF98CB,坡道平面,1250000,27.31
RPQPMLLLJHPFFIF78CB,坡道平面,1500000,27.31
RPUPMLLLJHPFFIF56CB,坡道平面,1400000,30.41
RPOPMLLLJHPFFIF58CB,坡道平面,1350000,27.31
RPRQMLLLJHPFFIF98CB,坡道平面,1300000,30.41
RPOQMLLLJHPFFIF68CB,坡道平面,1500000,27.31
RPXPMLLLJHPFFIF86CB,坡道平面,1550000,30.41
RPPQMLLLJHPFFIF78CB,坡道平面,1400000,30.41
RPQQMLLLJHPFFIF88CB,坡道平面,1500000,30.41
RPSQMLLLJHPFFIF09CB,坡道平面,1400000,30.41
RPTQMLLLJHPFFIF56CB,坡道平面,1500000,30.41
RPVQMLLLJHPFFIF76CB,坡道平面,1250000,27.31
RPUQMLLLJHPFFIF66CB,坡道平面,1250000,27.31
RPRRMLLLJHPFFIF09CB,坡道平面,1400000,30.41
RPXQMLLLJHPFFIF96CB,坡道平面,1450000,30.41
RPPRMLLLJHPFFIF88CB,坡道平面,1250000,27.31
RPTRMLLLJHPFFIF66CB,坡道平面,1300000,30.41
RPSRMLLLJHPFFIF56CB,坡道平面,1350000,27.31
RPWRMLLLJHPFFIF96CB,坡道平面,1300000,30.41
RPXRMLLLJHPFFIF07CB,坡道平面,1350000,27.31
RPRSMLLLJHPFFIF56CB,坡道平面,1300000,30.41
RPOSMLLLJHPFFIF88CB,坡道平面,1300000,30.41
RPTSMLLLJHPFFIF76CB,坡道平面,1250000,27.31
RPVRMLLLJHPFFIF86CB,坡道平面,1400000,30.41
RPXSMLLLJHPFFIF17CB,坡道平面,1350000,27.31
RPOTMLLLJHPFFIF98CB,坡道平面,1300000,30.41
RPVSMLLLJHPFFIF96CB,坡道平面,1250000,27.31
RPQTMLLLJHPFFIF56CB,坡道平面,1400000,30.41
RPPTMLLLJHPFFIF09CB,坡道平面,1300000,30.41
RPRTMLLLJHPFFIF66CB,坡道平面,1450000,30.41
RPTTMLLLJHPFFIF86CB,坡道平面,1400000,30.41
RPWTMLLLJHPFFIF17CB,坡道平面,1300000,30.41
RPOUMLLLJHPFFIF09CB,坡道平面,1400000,30.41
RPPUMLLLJHPFFIF56CB,坡道平面,1500000,27.31
RPQUMLLLJHPFFIF66CB,坡道平面,1450000,30.41
RPUTMLLLJHPFFIF96CB,坡道平面,1500000,30.41
RPWUMLLLJHPFFIF27CB,坡道平面,1300000,30.41
RPOVMLLLJHPFFIF56CB,坡道平面,1400000,27.31
RPXUMLLLJHPFFIF37CB,坡道平面,1300000,30.41
RPPVMLLLJHPFFIF66CB,坡道平面,1300000,30.41
RPQVMLLLJHPFFIF76CB,坡道平面,1300000,30.41
RPRUMLLLJHPFFIF76CB,坡道平面,1500000,30.41
RPSUMLLLJHPFFIF86CB,坡道平面,1450000,27.31
RPVUMLLLJHPFFIF17CB,坡道平面,1500000,30.41
RPUUMLLLJHPFFIF07CB,坡道平面,1350000,27.31
RPTUMLLLJHPFFIF96CB,坡道平面,1400000,30.41
RPUVMLLLJHPFFIF17CB,坡道平面,1400000,30.41
RPRVMLLLJHPFFIF86CB,坡道平面,1450000,30.41
RPTVMLLLJHPFFIF07CB,坡道平面,1400000,27.31
RPSVMLLLJHPFFIF96CB,坡道平面,1400000,30.41
RPVVMLLLJHPFFIF27CB,坡道平面,1250000,27.31
RPSWMLLLJHPFFIF07CB,坡道平面,1300000,30.41
RPVWMLLLJHPFFIF37CB,坡道平面,1450000,30.41
RPWVMLLLJHPFFIF37CB,坡道平面,1300000,30.41
RPXWMLLLJHPFFIF57CB,坡道平面,1400000,30.41
RPUWMLLLJHPFFIF27CB,坡道平面,1300000,30.41
RPWWMLLLJHPFFIF47CB,坡道平面,1350000,30.41
RPONNLLLJHPFFIF48CB,坡道平面,1350000,27.31
RPPNNLLLJHPFFIF58CB,坡道平面,1450000,30.41
RPTNNLLLJHPFFIF98CB,坡道平面,1450000,30.41
RPQNNLLLJHPFFIF68CB,坡道平面,1450000,30.41
RPRNNLLLJHPFFIF78CB,坡道平面,1400000,30.41
RPSNNLLLJHPFFIF88CB,坡道平面,1250000,27.31
RPUNNLLLJHPFFIF09CB,坡道平面,1300000,30.41
RPVNNLLLJHPFFIF56CB,坡道平面,1250000,27.31
RPQWMLLLJHPFFIF86CB,坡道平面,1400000,30.41
RPXNNLLLJHPFFIF76CB,坡道平面,1400000,27.31
RPOWMLLLJHPFFIF66CB,坡道平面,1300000,30.41
RPVONLLLJHPFFIF66CB,坡道平面,1300000,30.41
RPTONLLLJHPFFIF09CB,坡道平面,1300000,30.41
RPUONLLLJHPFFIF56CB,坡道平面,1300000,30.41
RPWONLLLJHPFFIF76CB,坡道平面,1300000,30.41
RPOPNLLLJHPFFIF68CB,坡道平面,1300000,30.41
RPQPNLLLJHPFFIF88CB,坡道平面,1250000,27.31
RPTPNLLLJHPFFIF56CB,坡道平面,1250000,27.31
RPUPNLLLJHPFFIF66CB,坡道平面,1300000,30.41
RPWPNLLLJHPFFIF86CB,坡道平面,1300000,30.41
RPOQNLLLJHPFFIF78CB,坡道平面,1250000,27.31
RPSQNLLLJHPFFIF56CB,坡道平面,1400000,30.41
RPXQNLLLJHPFFIF07CB,坡道平面,1350000,27.31
RPVQNLLLJHPFFIF86CB,坡道平面,1350000,27.31
RPSUNLLLJHPFFIF96CB,坡道平面,1400000,30.41
RPVUNLLLJHPFFIF27CB,坡道平面,1250000,27.31
RPRRNLLLJHPFFIF56CB,坡道平面,1350000,27.31
RPTVNLLLJHPFFIF17CB,坡道平面,1250000,27.31
RPVVNLLLJHPFFIF37CB,坡道平面,1350000,27.31
RPQVNLLLJHPFFIF86CB,坡道平面,1400000,30.41
RPWVNLLLJHPFFIF47CB,坡道平面,1250000,27.31
RPWRNLLLJHPFFIF07CB,坡道平面,1500000,30.41
RPXVNLLLJHPFFIF57CB,坡道平面,1350000,27.31
RPOWNLLLJHPFFIF76CB,坡道平面,1300000,30.41
RPQWNLLLJHPFFIF96CB,坡道平面,1500000,30.41
RPXWNLLLJHPFFIF67CB,坡道平面,1250000,27.31
RPPNOLLLJHPFFIF68CB,坡道平面,1300000,30.41
RPQNOLLLJHPFFIF78CB,坡道平面,1300000,30.41
RPTNOLLLJHPFFIF09CB,坡道平面,1550000,30.41
RPVNOLLLJHPFFIF66CB,坡道平面,1250000,27.31
RPUNOLLLJHPFFIF56CB,坡道平面,1500000,27.31
RPWNOLLLJHPFFIF76CB,坡道平面,1400000,30.41
RPXNOLLLJHPFFIF86CB,坡道平面,1400000,30.41
RPOOOLLLJHPFFIF68CB,坡道平面,1350000,27.31
RPROOLLLJHPFFIF98CB,坡道平面,1250000,27.31
RPPOOLLLJHPFFIF78CB,坡道平面,1550000,30.41
RPSOOLLLJHPFFIF09CB,坡道平面,1300000,30.41
RPVOOLLLJHPFFIF76CB,坡道平面,1400000,30.41
RPTOOLLLJHPFFIF56CB,坡道平面,1300000,30.41
RPWOOLLLJHPFFIF86CB,坡道平面,1400000,30.41
RPXOOLLLJHPFFIF96CB,坡道平面,1350000,27.31
RPQPOLLLJHPFFIF98CB,坡道平面,1400000,30.41
RPOPOLLLJHPFFIF78CB,坡道平面,1300000,30.41
RPRPOLLLJHPFFIF09CB,坡道平面,1400000,30.41
RPSPOLLLJHPFFIF56CB,坡道平面,1450000,27.31
RPUPOLLLJHPFFIF76CB,坡道平面,1300000,30.41
RPVPOLLLJHPFFIF86CB,坡道平面,1300000,30.41
RPWPOLLLJHPFFIF96CB,坡道平面,1500000,30.41
RPXPOLLLJHPFFIF07CB,坡道平面,1500000,30.41
RPOQOLLLJHPFFIF88CB,坡道平面,1250000,27.31
RPPQOLLLJHPFFIF98CB,坡道平面,1300000,30.41
RPUQOLLLJHPFFIF86CB,坡道平面,1350000,27.31
RPTQOLLLJHPFFIF76CB,坡道平面,1400000,30.41
RPOROLLLJHPFFIF98CB,坡道平面,1400000,30.41
RPRQOLLLJHPFFIF56CB,坡道平面,1250000,27.31
RPPROLLLJHPFFIF09CB,坡道平面,1550000,30.41
RPQROLLLJHPFFIF56CB,坡道平面,1500000,30.41
RPUROLLLJHPFFIF96CB,坡道平面,1450000,30.41
RPRROLLLJHPFFIF66CB,坡道平面,1450000,30.41
RPWROLLLJHPFFIF17CB,坡道平面,1400000,30.41
RPSROLLLJHPFFIF76CB,坡道平面,1400000,30.41
RPTROLLLJHPFFIF86CB,坡道平面,1400000,30.41
RPXROLLLJHPFFIF27CB,坡道平面,1400000,30.41
RPOSOLLLJHPFFIF09CB,坡道平面,1500000,30.41
RPTSOLLLJHPFFIF96CB,坡道平面,1600000,30.41
RPUSOLLLJHPFFIF07CB,坡道平面,1300000,30.41
RPVSOLLLJHPFFIF17CB,坡道平面,1450000,27.31
RPPSOLLLJHPFFIF56CB,坡道平面,1300000,30.41
RPRSOLLLJHPFFIF76CB,坡道平面,1450000,30.41
RPQSOLLLJHPFFIF66CB,坡道平面,1450000,30.41
RPSSOLLLJHPFFIF86CB,坡道平面,1550000,30.41
RPOPMLKMJHPFFAF77CB,坡道平面,0,31.13
RPTSMLMLJHPFFAF68CB,坡道平面,2100000,40.95
RPSSMLMLJHPFFAF58CB,坡道平面,2000000,40.95
RPWSMLMLJHPFFAF98CB,坡道平面,2000000,40.95
RPVSMLMLJHPFFAF88CB,坡道平面,2000000,40.95
RPUSMLMLJHPFFAF78CB,坡道平面,2100000,40.95
RPQPMLKMJHPFFAF97CB,坡道平面,2100000,23.22
RPQPMLKMJHPFFAF97CB,坡道平面,2100000,23.22
RPPPMLKMJHPFFAF87CB,坡道平面,2100000,23.22
RPPPMLKMJHPFFAF87CB,坡道平面,2100000,23.22
RPRPMLKMJHPFFAF08CB,坡道平面,2200000,23.22
RPSPMLKMJHPFFAF18CB,坡道平面,2100000,23.22
RPVPMLKMJHPFFAF48CB,坡道平面,2100000,23.22
RPVPMLKMJHPFFAF48CB,坡道平面,2100000,23.22
RPWPMLKMJHPFFAF58CB,坡道平面,2100000,23.22
RPTPMLKMJHPFFAF28CB,坡道平面,2100000,23.22
RPTPMLKMJHPFFAF28CB,坡道平面,2100000,23.22
RPPQMLKMJHPFFAF97CB,坡道平面,2100000,23.22
RPOQMLKMJHPFFAF87CB,坡道平面,2400000,23.22
RPOQMLKMJHPFFAF87CB,坡道平面,2300000,22.11
RPQQMLKMJHPFFAF08CB,坡道平面,2100000,23.22
RPQQMLKMJHPFFAF08CB,坡道平面,2100000,23.22
RPXPMLKMJHPFFAF68CB,坡道平面,2200000,23.22
RPVQMLKMJHPFFAF58CB,坡道平面,2100000,23.22
RPVQMLKMJHPFFAF58CB,坡道平面,2100000,23.22
RPWQMLKMJHPFFAF68CB,坡道平面,2100000,23.22
RPXQMLKMJHPFFAF78CB,坡道平面,2100000,23.22
RPXQMLKMJHPFFAF78CB,坡道平面,2100000,23.22
RPOOMLKMJHPFFIF48CB,坡道平面,1300000,30.41
RPPOMLKMJHPFFIF58CB,坡道平面,1250000,27.31
RPRSMLKMJHPFFAF38CB,坡道平面,2100000,40.95
RPRQMLKMJHPFFAF18CB,坡道平面,2300000,23.22
RPRQMLKMJHPFFAF18CB,坡道平面,2300000,23.22
RPPSMLKMJHPFFAF18CB,坡道平面,2100000,40.95
RPTQMLKMJHPFFAF38CB,坡道平面,2100000,23.22
RPQOMLKMJHPFFIF68CB,坡道平面,1450000,27.31
RPSQMLKMJHPFFAF28CB,坡道平面,2200000,23.22
RPUQMLKMJHPFFAF48CB,坡道平面,2200000,23.22
RPUQMLKMJHPFFAF48CB,坡道平面,2200000,23.22
RPUPMLKMJHPFFAF38CB,坡道平面,2400000,23.22
RPUPMLKMJHPFFAF38CB,坡道平面,2400000,23.22
RPRVMLKMJHPFFBF78CB,坡道平面,1700000,25.62
RPUVMLKMJHPFFBF09CB,坡道平面,1750000,28.91
RPSVMLKMJHPFFBF88CB,坡道平面,1550000,28.91
RPXUMLKMJHPFFBF66CB,坡道平面,2000000,25.62
RPWUMLKMJHPFFBF56CB,坡道平面,2050000,28.91
RPPVMLKMJHPFFBF58CB,坡道平面,1550000,28.91
RPQVMLKMJHPFFBF68CB,坡道平面,1850000,28.91
RPOVMLKMJHPFFBF48CB,坡道平面,1700000,25.62
RPPWMLKMJHPFFBF68CB,坡道平面,1850000,28.91
RPXVMLKMJHPFFBF76CB,坡道平面,1750000,28.91
RPSWMLKMJHPFFBF98CB,坡道平面,1950000,28.91
RPQWMLKMJHPFFBF78CB,坡道平面,1650000,28.91
RPVWMLKMJHPFFBF66CB,坡道平面,1850000,28.91
RPWWMLKMJHPFFBF76CB,坡道平面,1750000,28.91
RPTWMLKMJHPFFBF09CB,坡道平面,1650000,28.91
RPUWMLKMJHPFFBF56CB,坡道平面,1650000,28.91
RPSNNLKMJHPFFBF18CB,坡道平面,1650000,28.91
RPQNNLKMJHPFFBF97CB,坡道平面,1500000,25.62
RPUNNLKMJHPFFBF38CB,坡道平面,2050000,28.91
RPTNNLKMJHPFFBF28CB,坡道平面,1950000,28.91
RPVNNLKMJHPFFBF48CB,坡道平面,1950000,28.91
RPWNNLKMJHPFFBF58CB,坡道平面,1950000,28.91
RPXNNLKMJHPFFBF68CB,坡道平面,1950000,28.91
RPOONLKMJHPFFBF87CB,坡道平面,1750000,28.91
RPPONLKMJHPFFBF97CB,坡道平面,1750000,28.91
RPONNLKMJHPFFBF77CB,坡道平面,1750000,28.91
RPQONLKMJHPFFBF08CB,坡道平面,1650000,28.91
RPXWMLKMJHPFFBF86CB,坡道平面,1750000,28.91
RPSONLKMJHPFFBF28CB,坡道平面,1650000,28.91
RPRONLKMJHPFFBF18CB,坡道平面,1850000,28.91
RPTONLKMJHPFFBF38CB,坡道平面,2100000,25.62
RPUONLKMJHPFFBF48CB,坡道平面,1650000,28.91
RPWONLKMJHPFFBF68CB,坡道平面,2050000,28.91
RPSPNLKMJHPFFBF38CB,坡道平面,1650000,28.91
RPPPNLKMJHPFFBF08CB,坡道平面,1850000,28.91
RPXONLKMJHPFFBF78CB,坡道平面,1950000,28.91
RPTPNLKMJHPFFBF48CB,坡道平面,1950000,28.91
RPRPNLKMJHPFFBF28CB,坡道平面,2050000,28.91
RPVPNLKMJHPFFBF68CB,坡道平面,2150000,28.91
RPXPNLKMJHPFFBF88CB,坡道平面,1850000,28.91
RPQQNLKMJHPFFBF28CB,坡道平面,2050000,28.91
RPRQNLKMJHPFFBF38CB,坡道平面,1650000,28.91
RPOQNLKMJHPFFBF08CB,坡道平面,1950000,28.91
RPOQNLKMJHPFFBF08CB,坡道平面,1950000,28.91
RPPQNLKMJHPFFBF18CB,坡道平面,1700000,25.62
RPSQNLKMJHPFFBF48CB,坡道平面,1850000,28.91
RPTQNLKMJHPFFBF58CB,坡道平面,2050000,28.91
RPSNMLLMJHPFFEF68EB,坡道平面,1300000,22.41
RPSNMLLMJHPFFEF68EB,坡道平面,1300000,22.41
RPSNMLLMJHPFFEF68EB,坡道平面,1300000,22.41
RPTNMLLMJHPFFEF78EB,坡道平面,1100000,32.43
RPUNMLLMJHPFFEF88EB,坡道平面,1100000,32.43
RPVNMLLMJHPFFEF98EB,坡道平面,1250000,32.43
RPWNMLLMJHPFFEF09EB,坡道平面,1300000,32.43
RPXNMLLMJHPFFEF56EB,坡道機械,500000,16.21
RPPOMLLMJHPFFEF48EB,坡道機械,700000,16.21
RPOOMLLMJHPFFEF38EB,坡道平面,1300000,32.43
RPQOMLLMJHPFFEF58EB,坡道平面,1050000,32.43
RPROMLLMJHPFFEF68EB,坡道機械,500000,16.21
RPSOMLLMJHPFFEF78EB,坡道平面,1300000,32.43
RPTOMLLMJHPFFEF88EB,坡道平面,950000,32.43
RPUOMLLMJHPFFEF98EB,坡道平面,1100000,32.43
RPQOMLLMJHPFFIF98EB,坡道平面,1300000,30.41
RPPPMLLMJHPFFIF98EB,坡道平面,1400000,30.41
RPOPMLLMJHPFFIF88EB,坡道平面,1500000,27.31
RPSOMLLMJHPFFIF56EB,坡道平面,1500000,30.41
RPTOMLLMJHPFFIF66EB,坡道平面,1250000,27.31
RPROMLLMJHPFFIF09EB,坡道平面,1350000,27.31
RPXOMLLMJHPFFIF07EB,坡道平面,1450000,30.41
RPWOMLLMJHPFFIF96EB,坡道平面,1450000,30.41
RPVOMLLMJHPFFIF86EB,坡道平面,1550000,30.41
RPRPMLLMJHPFFIF56EB,坡道平面,1300000,30.41
RPUOMLLMJHPFFIF76EB,坡道平面,1500000,27.31
RPSPMLLMJHPFFIF66EB,坡道平面,1350000,30.41
RPTPMLLMJHPFFIF76EB,坡道平面,1350000,27.31
RPVPMLLMJHPFFIF96EB,坡道平面,1350000,27.31
RPXPMLLMJHPFFIF17EB,坡道平面,1500000,30.41
RPPQMLLMJHPFFIF09EB,坡道平面,1500000,30.41
RPOQMLLMJHPFFIF98EB,坡道平面,1600000,30.41
RPWPMLLMJHPFFIF07EB,坡道平面,1500000,30.41
RPWPMLLMJHPFFIF07EB,坡道平面,1500000,30.41
RPTQMLLMJHPFFIF86EB,坡道平面,1350000,27.31
RPRQMLLMJHPFFIF66EB,坡道平面,1300000,30.41
RPUQMLLMJHPFFIF96EB,坡道平面,1350000,27.31
RPSQMLLMJHPFFIF76EB,坡道平面,1550000,30.41
RPQQMLLMJHPFFIF56EB,坡道平面,1450000,30.41
RPVQMLLMJHPFFIF07EB,坡道平面,1300000,27.31
RPXQMLLMJHPFFIF27EB,坡道平面,1250000,27.31
RPPRMLLMJHPFFIF56EB,坡道平面,1400000,30.41
RPORMLLMJHPFFIF09EB,坡道平面,1300000,30.41
RPQRMLLMJHPFFIF66EB,坡道平面,1400000,30.41
RPRRMLLMJHPFFIF76EB,坡道平面,1350000,27.31
RPVRMLLMJHPFFIF17EB,坡道平面,1400000,30.41
RPOSMLLMJHPFFIF56EB,坡道平面,1300000,30.41
RPPSMLLMJHPFFIF66EB,坡道平面,1450000,27.31
RPQQMLOJKHPFFBF38CB,坡道平面,1850000,28.91
RPSNMLNJKHPFFIF09EB,坡道平面,1250000,27.31
RPRQMLOJKHPFFBF48CB,坡道平面,1950000,28.91
RPROMLKKKHPFFIF68CB,坡道平面,1650000,37.08
RPTOMLKKKHPFFIF88CB,坡道平面,1650000,37.08
RPQPMLKKKHPFFIF68CB,坡道平面,1600000,37.08
RPRPMLKKKHPFFIF78CB,坡道平面,1600000,37.08
RPSOMLKKKHPFFIF78CB,坡道平面,1500000,36.01
RPUOMLKKKHPFFIF98CB,坡道平面,1600000,37.08
RPWOMLKKKHPFFIF56CB,坡道平面,1550000,37.08
RPOPMLKKKHPFFIF48CB,坡道平面,1550000,37.08
RPXOMLKKKHPFFIF66CB,坡道平面,1550000,37.08
RPVOMLKKKHPFFIF09CB,坡道平面,1600000,37.08
RPPPMLKKKHPFFIF58CB,坡道平面,1650000,37.08
RPSPMLKKKHPFFIF88CB,坡道平面,1600000,37.08
RPUPMLKKKHPFFIF09CB,坡道平面,1550000,37.08
RPTPMLKKKHPFFIF98CB,坡道平面,1550000,36.01
RPWPMLKKKHPFFIF66CB,坡道平面,1550000,37.08
RPPQMLKKKHPFFIF68CB,坡道平面,1650000,37.08
RPXPMLKKKHPFFIF76CB,坡道平面,1600000,37.08
RPQQMLKKKHPFFIF78CB,坡道平面,1650000,37.08
RPRQMLKKKHPFFIF88CB,坡道平面,1500000,36.01
RPSQMLKKKHPFFIF98CB,坡道平面,1600000,37.08
RPTQMLKKKHPFFIF09CB,坡道平面,1550000,37.08
RPUQMLKKKHPFFIF56CB,坡道平面,1550000,37.08
RPXQMLKKKHPFFIF86CB,坡道平面,1600000,37.08
RPPRMLKKKHPFFIF78CB,坡道平面,1650000,37.08
RPORMLKKKHPFFIF68CB,坡道平面,1550000,37.08
RPWQMLKKKHPFFIF76CB,坡道平面,1550000,37.08
RPVQMLKKKHPFFIF66CB,坡道平面,1550000,37.08
RPQRMLKKKHPFFIF88CB,坡道平面,1550000,37.08
RPRRMLKKKHPFFIF98CB,坡道平面,1600000,37.08
RPSRMLKKKHPFFIF09CB,坡道平面,1600000,37.08
RPTRMLKKKHPFFIF56CB,坡道平面,1600000,37.08
RPXRMLKKKHPFFIF96CB,坡道平面,1600000,37.08
RPWRMLKKKHPFFIF86CB,坡道平面,1600000,37.08
RPWRMLKKKHPFFIF86CB,坡道平面,1600000,37.08
RPOSMLKKKHPFFIF78CB,坡道平面,1550000,37.08
RPSSMLKKKHPFFIF56CB,坡道平面,1650000,37.08
RPQSMLKKKHPFFIF98CB,坡道平面,1600000,37.08
RPVSMLKKKHPFFIF86CB,坡道平面,1650000,37.08
RPTSMLKKKHPFFIF66CB,坡道平面,1650000,37.08
RPPSMLKKKHPFFIF88CB,坡道平面,1550000,37.08
RPVRMLKKKHPFFIF76CB,坡道平面,1550000,37.08
RPQTMLKKKHPFFIF09CB,坡道平面,1650000,37.08
RPWSMLKKKHPFFIF96CB,坡道平面,1550000,37.08
RPOTMLKKKHPFFIF88CB,坡道平面,1550000,37.08
RPXSMLKKKHPFFIF07CB,坡道平面,1550000,36.01
RPPTMLKKKHPFFIF98CB,坡道平面,1550000,37.08
RPRTMLKKKHPFFIF56CB,坡道平面,1600000,37.08
RPVTMLKKKHPFFIF96CB,坡道平面,1550000,37.08
RPUTMLKKKHPFFIF86CB,坡道平面,1600000,37.08
RPSTMLKKKHPFFIF66CB,坡道平面,1650000,37.08
RPTTMLKKKHPFFIF76CB,坡道平面,1600000,37.08
RPWTMLKKKHPFFIF07CB,坡道平面,1550000,37.08
RPQUMLKKKHPFFIF56CB,坡道平面,1600000,37.08
RPOUMLKKKHPFFIF98CB,坡道平面,1600000,37.08
RPRUMLKKKHPFFIF66CB,坡道平面,1600000,36.01
RPSUMLKKKHPFFIF76CB,坡道平面,1650000,37.08
RPPUMLKKKHPFFIF09CB,坡道平面,1600000,37.08
RPTUMLKKKHPFFIF86CB,坡道平面,1550000,37.08
RPWUMLKKKHPFFIF17CB,坡道平面,1600000,37.08
RPXUMLKKKHPFFIF27CB,坡道平面,1650000,37.08
RPUUMLKKKHPFFIF96CB,坡道平面,1550000,37.08
RPVUMLKKKHPFFIF07CB,坡道平面,1550000,37.08
RPOVMLKKKHPFFIF09CB,坡道平面,1650000,37.08
RPPVMLKKKHPFFIF56CB,坡道平面,1600000,37.08
RPRVMLKKKHPFFIF76CB,坡道平面,1600000,37.08
RPVWMLKKKHPFFIF27CB,坡道平面,1550000,37.08
RPSVMLKKKHPFFIF86CB,坡道平面,1550000,37.08
RPWWMLKKKHPFFIF37CB,坡道平面,1600000,37.08
RPQVMLKKKHPFFIF66CB,坡道平面,1550000,37.08
